#stage		 order
11	 		2


A
0.0000000000000000E+00	0.0000000000000000E+00	0.0000000000000000E+00	0.0000000000000000E+00	0.0000000000000000E+00	0.0000000000000000E+00	0.0000000000000000E+00	0.0000000000000000E+00	0.0000000000000000E+00	0.0000000000000000E+00	0.0000000000000000E+00	
2.4894566968263071E-01	0.0000000000000000E+00	0.0000000000000000E+00	0.0000000000000000E+00	0.0000000000000000E+00	0.0000000000000000E+00	0.0000000000000000E+00	0.0000000000000000E+00	0.0000000000000000E+00	0.0000000000000000E+00	0.0000000000000000E+00	
2.4894566968263071E-01	2.4894566968263071E-01	0.0000000000000000E+00	0.0000000000000000E+00	0.0000000000000000E+00	0.0000000000000000E+00	0.0000000000000000E+00	0.0000000000000000E+00	0.0000000000000000E+00	0.0000000000000000E+00	0.0000000000000000E+00	
2.4894566968263071E-01	2.4894566968263168E-01	2.4894566968263174E-01	0.0000000000000000E+00	0.0000000000000000E+00	0.0000000000000000E+00	0.0000000000000000E+00	0.0000000000000000E+00	0.0000000000000000E+00	0.0000000000000000E+00	0.0000000000000000E+00	
2.4894566968249293E-01	2.3938659043928023E-01	1.7004393403805121E-01	1.7004393403805054E-01	0.0000000000000000E+00	0.0000000000000000E+00	0.0000000000000000E+00	0.0000000000000000E+00	0.0000000000000000E+00	0.0000000000000000E+00	0.0000000000000000E+00	
2.4894566968250928E-01	2.4051982756852139E-01	1.7939708275666894E-01	1.4988507827919714E-01	2.1943294477825198E-01	0.0000000000000000E+00	0.0000000000000000E+00	0.0000000000000000E+00	0.0000000000000000E+00	0.0000000000000000E+00	0.0000000000000000E+00	
2.4894566968254184E-01	2.4541488042808929E-01	2.1980182862045175E-01	2.0648998636929239E-01	9.1951815976333298E-02	1.0431891359747657E-01	0.0000000000000000E+00	0.0000000000000000E+00	0.0000000000000000E+00	0.0000000000000000E+00	0.0000000000000000E+00	
2.4894566968256682E-01	2.4337577781031589E-01	2.1734279674881324E-01	1.6616255429052545E-01	9.3460131050748824E-02	3.3521131494800148E-02	7.9994511452565656E-02	0.0000000000000000E+00	0.0000000000000000E+00	0.0000000000000000E+00	0.0000000000000000E+00	
2.4894566968255621E-01	2.4258131774744690E-01	2.0983357449054807E-01	1.6300195539031376E-01	1.1665537437772587E-01	7.0791264618149843E-02	6.5137428358701635E-02	2.0270991633940752E-01	0.0000000000000000E+00	0.0000000000000000E+00	0.0000000000000000E+00	
2.4894566968247925E-01	2.4340913129303382E-01	2.1308589483186149E-01	1.5650957383455663E-01	1.0532509408030168E-01	7.0762258383939874E-02	6.9686504418282766E-02	1.6047390010781479E-01	1.9707611374095005E-01	0.0000000000000000E+00	0.0000000000000000E+00	
2.4261586636260613E-01	1.9533501771342301E-01	1.5145665348777132E-01	6.2186399757641959E-02	5.0934939225368153E-02	3.3185292176930607E-02	1.4886514609728339E-02	2.1202601348013772E-02	1.8202980539979364E-02	2.2993923995789940E-02	0.0000000000000000E+00	

b
2.3795278244933585E-01	
2.0621224933321758E-01	
1.4186798068458126E-01	
7.8239479616982535E-02	
7.4895089921764038E-02	
3.5542699043935852E-02	
2.0961598500110812E-02	
3.1616516034533824E-02	
2.8938742783145163E-02	
1.2156752197481869E-02	
1.3161610943491109E-01	

c
0.0000000000000000E+00	
2.4894566968263071E-01	
4.9789133936526142E-01	
7.4683700904789418E-01	
8.2842012819787492E-01	
1.0381806030651488E+00	
1.1169230946741853E+00	
1.0828025725303361E+00	
1.3196565010048498E+00	
1.4652741403732203E+00	
8.1300018921725259E-01	

r
4.0169407295770743E+00	

errcoeff
3.7409219340198509E-02	

v_opt
1.0000000000000000E+00	
3.8989204872441618E-06	
1.5201617742377493E-11	
1.1102230246251565E-16	
1.4971652984030470E-07	
5.1469939421622257E-13	
1.5276668818842154E-13	
3.1028954072809256E-08	
4.2563752522539744E-09	
3.9257486150745535E-13	
2.5427151682772875E-02	
3.0715091169656872E-02	

alpha_opt
0.0000000000000000E+00	0.0000000000000000E+00	0.0000000000000000E+00	0.0000000000000000E+00	0.0000000000000000E+00	0.0000000000000000E+00	0.0000000000000000E+00	0.0000000000000000E+00	0.0000000000000000E+00	0.0000000000000000E+00	0.0000000000000000E+00	0.0000000000000000E+00	
9.9999610107951276E-01	0.0000000000000000E+00	0.0000000000000000E+00	0.0000000000000000E+00	0.0000000000000000E+00	0.0000000000000000E+00	0.0000000000000000E+00	0.0000000000000000E+00	0.0000000000000000E+00	0.0000000000000000E+00	0.0000000000000000E+00	0.0000000000000000E+00	
3.8989052856673828E-06	9.9999610107951276E-01	0.0000000000000000E+00	0.0000000000000000E+00	0.0000000000000000E+00	0.0000000000000000E+00	0.0000000000000000E+00	0.0000000000000000E+00	0.0000000000000000E+00	0.0000000000000000E+00	0.0000000000000000E+00	0.0000000000000000E+00	
1.5197619472631662E-11	3.8989052854443989E-06	9.9999610107951686E-01	0.0000000000000000E+00	0.0000000000000000E+00	0.0000000000000000E+00	0.0000000000000000E+00	0.0000000000000000E+00	0.0000000000000000E+00	0.0000000000000000E+00	0.0000000000000000E+00	0.0000000000000000E+00	
3.8399191059478033E-02	2.7854425477941303E-01	2.6631722256115566E-06	6.8305374127235341E-01	0.0000000000000000E+00	0.0000000000000000E+00	0.0000000000000000E+00	0.0000000000000000E+00	0.0000000000000000E+00	0.0000000000000000E+00	0.0000000000000000E+00	0.0000000000000000E+00	
1.3197958828667267E-07	4.3133812861694711E-06	1.1854751059704775E-01	2.3474508499957769E-06	8.8144569659071315E-01	0.0000000000000000E+00	0.0000000000000000E+00	0.0000000000000000E+00	0.0000000000000000E+00	0.0000000000000000E+00	0.0000000000000000E+00	0.0000000000000000E+00	
-1.1909380820097183E-15	1.4816829071345128E-08	3.7986250360456989E-03	5.7715866094782819E-01	1.4401191304037744E-06	4.1904125908001516E-01	0.0000000000000000E+00	0.0000000000000000E+00	0.0000000000000000E+00	0.0000000000000000E+00	0.0000000000000000E+00	0.0000000000000000E+00	
7.9583139517473821E-03	1.0133975730454949E-06	1.8840553746691366E-01	2.2556905465839530E-01	2.5673356615567822E-01	5.2499694786358290E-07	3.2133195834379036E-01	0.0000000000000000E+00	0.0000000000000000E+00	0.0000000000000000E+00	0.0000000000000000E+00	0.0000000000000000E+00	
1.0916761484571545E-03	1.0192135518829781E-03	2.8615051738832640E-06	7.3981882491899209E-07	8.8942164414494707E-03	1.7471972367239358E-01	1.0201610015612964E-06	8.1427054444444125E-01	0.0000000000000000E+00	0.0000000000000000E+00	0.0000000000000000E+00	0.0000000000000000E+00	
1.5654569013935368E-08	3.1509791902538621E-03	7.1053430910145751E-02	3.2731700378587483E-02	1.2584716341755538E-07	2.8630912388722722E-02	7.2790340781257165E-02	2.5132894985225968E-06	7.9163998155940951E-01	0.0000000000000000E+00	0.0000000000000000E+00	0.0000000000000000E+00	
1.8131012233338353E-01	1.1890060701593387E-01	3.1995306946065727E-01	5.3295942306220798E-02	6.4586375576019539E-02	9.2824954128787579E-02	2.5707063389988995E-02	2.5629559310333797E-02	2.8508910048204358E-07	9.2364869706801342E-02	0.0000000000000000E+00	0.0000000000000000E+00	
1.8953175818407039E-02	1.1153272963432283E-01	4.1791752000284316E-02	1.7658880538327067E-03	1.0721608142914660E-01	3.6704333249170655E-02	2.6245841891614871E-02	1.8796223764345067E-02	7.7586643272892081E-02	1.9039505872524285E-07	5.2869204932126823E-01	0.0000000000000000E+00	

beta_opt
0.0000000000000000E+00	0.0000000000000000E+00	0.0000000000000000E+00	0.0000000000000000E+00	0.0000000000000000E+00	0.0000000000000000E+00	0.0000000000000000E+00	0.0000000000000000E+00	0.0000000000000000E+00	0.0000000000000000E+00	0.0000000000000000E+00	0.0000000000000000E+00	
2.4894566968263071E-01	0.0000000000000000E+00	0.0000000000000000E+00	0.0000000000000000E+00	0.0000000000000000E+00	0.0000000000000000E+00	0.0000000000000000E+00	0.0000000000000000E+00	0.0000000000000000E+00	0.0000000000000000E+00	0.0000000000000000E+00	0.0000000000000000E+00	
9.7061937173736901E-07	2.4894566968263071E-01	0.0000000000000000E+00	0.0000000000000000E+00	0.0000000000000000E+00	0.0000000000000000E+00	0.0000000000000000E+00	0.0000000000000000E+00	0.0000000000000000E+00	0.0000000000000000E+00	0.0000000000000000E+00	0.0000000000000000E+00	
3.7833963083574562E-12	9.7061937168185786E-07	2.4894566968263174E-01	0.0000000000000000E+00	0.0000000000000000E+00	0.0000000000000000E+00	0.0000000000000000E+00	0.0000000000000000E+00	0.0000000000000000E+00	0.0000000000000000E+00	0.0000000000000000E+00	0.0000000000000000E+00	
9.5593496047170629E-03	6.9342656403813985E-02	6.6298777812168197E-07	1.7004393403805054E-01	0.0000000000000000E+00	0.0000000000000000E+00	0.0000000000000000E+00	0.0000000000000000E+00	0.0000000000000000E+00	0.0000000000000000E+00	0.0000000000000000E+00	0.0000000000000000E+00	
3.2855875092908142E-08	1.0738017795497434E-06	2.9512004479749700E-02	5.8439000238941219E-07	2.1943294477825198E-01	0.0000000000000000E+00	0.0000000000000000E+00	0.0000000000000000E+00	0.0000000000000000E+00	0.0000000000000000E+00	0.0000000000000000E+00	0.0000000000000000E+00	
-2.9648003432853701E-16	3.6885998172964812E-09	9.4565494050502519E-04	1.4368170956634857E-01	3.5851281915411093E-07	1.0431891359747657E-01	0.0000000000000000E+00	0.0000000000000000E+00	0.0000000000000000E+00	0.0000000000000000E+00	0.0000000000000000E+00	0.0000000000000000E+00	
1.9811955207861805E-03	2.5228192110371417E-07	4.6902925567394199E-02	5.6154658314159903E-02	6.3912958748179552E-02	1.3069622634143130E-07	7.9994511452565656E-02	0.0000000000000000E+00	0.0000000000000000E+00	0.0000000000000000E+00	0.0000000000000000E+00	0.0000000000000000E+00	
2.7176910946037001E-04	2.5372978949539512E-04	7.1236209925586493E-07	1.8417541089855820E-07	2.2141853012513368E-03	4.3495888203397837E-02	2.5396565390967130E-07	2.0270991633940752E-01	0.0000000000000000E+00	0.0000000000000000E+00	0.0000000000000000E+00	0.0000000000000000E+00	
3.8971523614542841E-09	7.8442568308714766E-04	1.7688512907280129E-02	8.1484468407450050E-03	3.1329228524813735E-08	7.1275694480618518E-03	1.8120910784207273E-02	6.2567497677301631E-07	1.9707611374095005E-01	0.0000000000000000E+00	0.0000000000000000E+00	0.0000000000000000E+00	
4.5136545808327037E-02	2.9599906646935403E-02	7.9651241697754671E-02	1.3267845779064716E-02	1.6078561209177791E-02	2.3108460466900443E-02	6.3996870630656510E-03	6.3803926828254979E-03	7.0971973752803619E-08	2.2993923995789940E-02	0.0000000000000000E+00	0.0000000000000000E+00	
4.7183294431173139E-03	2.7765698326598337E-02	1.0403916252963427E-02	4.3961189815777679E-04	2.6691083258537709E-02	9.1374204470450193E-03	6.5338141609143996E-03	4.6792567565694942E-03	1.9314934175390059E-02	4.7398210200472191E-08	1.3161610943491109E-01	0.0000000000000000E+00	

==============================================================

