#stage		 order
14	 		3


A
0.0000000000000000E+00	0.0000000000000000E+00	0.0000000000000000E+00	0.0000000000000000E+00	0.0000000000000000E+00	0.0000000000000000E+00	0.0000000000000000E+00	0.0000000000000000E+00	0.0000000000000000E+00	0.0000000000000000E+00	0.0000000000000000E+00	0.0000000000000000E+00	0.0000000000000000E+00	0.0000000000000000E+00	
3.4870982140506862E-01	0.0000000000000000E+00	0.0000000000000000E+00	0.0000000000000000E+00	0.0000000000000000E+00	0.0000000000000000E+00	0.0000000000000000E+00	0.0000000000000000E+00	0.0000000000000000E+00	0.0000000000000000E+00	0.0000000000000000E+00	0.0000000000000000E+00	0.0000000000000000E+00	0.0000000000000000E+00	
1.1249444315507919E-01	1.1249444315507920E-01	0.0000000000000000E+00	0.0000000000000000E+00	0.0000000000000000E+00	0.0000000000000000E+00	0.0000000000000000E+00	0.0000000000000000E+00	0.0000000000000000E+00	0.0000000000000000E+00	0.0000000000000000E+00	0.0000000000000000E+00	0.0000000000000000E+00	0.0000000000000000E+00	
8.8684719041685775E-02	3.9947884945290800E-02	1.2383029271569514E-01	0.0000000000000000E+00	0.0000000000000000E+00	0.0000000000000000E+00	0.0000000000000000E+00	0.0000000000000000E+00	0.0000000000000000E+00	0.0000000000000000E+00	0.0000000000000000E+00	0.0000000000000000E+00	0.0000000000000000E+00	0.0000000000000000E+00	
8.6851508781109754E-02	3.8152739003108865E-02	1.1810271889302153E-01	3.3258080159103626E-01	0.0000000000000000E+00	0.0000000000000000E+00	0.0000000000000000E+00	0.0000000000000000E+00	0.0000000000000000E+00	0.0000000000000000E+00	0.0000000000000000E+00	0.0000000000000000E+00	0.0000000000000000E+00	0.0000000000000000E+00	
1.1608514765805293E-01	9.3241812121630060E-02	2.8573688289358318E-01	7.1406867426124496E-02	7.4869853786323881E-02	0.0000000000000000E+00	0.0000000000000000E+00	0.0000000000000000E+00	0.0000000000000000E+00	0.0000000000000000E+00	0.0000000000000000E+00	0.0000000000000000E+00	0.0000000000000000E+00	0.0000000000000000E+00	
1.1608514765805293E-01	9.3241812121630060E-02	2.8573688289358318E-01	7.1406867426124482E-02	7.4869853786323881E-02	3.4870982140506862E-01	0.0000000000000000E+00	0.0000000000000000E+00	0.0000000000000000E+00	0.0000000000000000E+00	0.0000000000000000E+00	0.0000000000000000E+00	0.0000000000000000E+00	0.0000000000000000E+00	
1.1608299539537228E-01	9.3237756309191303E-02	2.8572454119514779E-01	7.1426095785414326E-02	7.4890014654605500E-02	3.4868414840766448E-01	3.4868414840766448E-01	0.0000000000000000E+00	0.0000000000000000E+00	0.0000000000000000E+00	0.0000000000000000E+00	0.0000000000000000E+00	0.0000000000000000E+00	0.0000000000000000E+00	
9.8471385446998932E-02	7.1168567745588954E-02	2.1958796199947012E-01	1.6573723317295094E-01	5.6594149038940958E-02	1.0632618725091877E-01	2.7019459795626633E-02	3.0631530857183506E-04	0.0000000000000000E+00	0.0000000000000000E+00	0.0000000000000000E+00	0.0000000000000000E+00	0.0000000000000000E+00	0.0000000000000000E+00	
1.1608299539537230E-01	9.3237756309191303E-02	2.8572454119514779E-01	7.1426095785414312E-02	7.4890014654605500E-02	3.4868414840766448E-01	3.4868414840766448E-01	3.4870982140506862E-01	-1.7525406398985774E-24	0.0000000000000000E+00	0.0000000000000000E+00	0.0000000000000000E+00	0.0000000000000000E+00	0.0000000000000000E+00	
9.1717798011004520E-02	4.7314710375571639E-02	1.4598225302463630E-01	2.8913647203707848E-01	3.0315859196744049E-01	5.7998366095199018E-02	5.7998366095199018E-02	3.3352752889018400E-02	-9.7953682899309234E-26	3.3352752889018400E-02	0.0000000000000000E+00	0.0000000000000000E+00	0.0000000000000000E+00	0.0000000000000000E+00	
1.8684654633214639E-02	1.1174715512843979E-02	3.4387482474510046E-02	4.5144775774714430E-02	4.7334141425067838E-02	2.4583193356058696E-02	2.4578876943974180E-02	2.1147121718764969E-02	-2.3815971500018299E-24	4.6458167782276747E-03	4.8572960211324914E-02	0.0000000000000000E+00	0.0000000000000000E+00	0.0000000000000000E+00	
1.8486114464431221E-02	1.1055974762876758E-02	3.4022086554245719E-02	4.4665074566533493E-02	4.6831176365652767E-02	2.4321976252828420E-02	2.4317705706252284E-02	2.0922415766327359E-02	-2.9036861144057161E-24	4.5964510679486802E-03	4.8056831660491420E-02	3.4500448629680969E-01	0.0000000000000000E+00	0.0000000000000000E+00	
8.5292214313864315E-02	6.3937163686822104E-02	1.7174789272374411E-01	1.3825369757425965E-01	3.3300028352536835E-02	4.9654515719305931E-02	1.7671453421388074E-02	5.8587703393820374E-03	1.1351229550450459E-01	5.5141096161485667E-03	1.3944104364983818E-02	5.0527658098686225E-03	5.1070323231829085E-03	0.0000000000000000E+00	

b
8.1753587100048597E-02	
6.0928342220637303E-02	
1.6430785463860151E-01	
1.3281569006576033E-01	
3.5493313863439228E-02	
4.6109621762747320E-02	
1.6411029628733080E-02	
5.4418451839002976E-03	
1.0540439495812480E-01	
5.1205915071839041E-03	
1.2951677018959979E-02	
4.7174549449032661E-03	
4.7422497242628602E-03	
3.2380234738269764E-01	

c
0.0000000000000000E+00	
3.4870982140506862E-01	
2.2498888631015837E-01	
2.5246289670267175E-01	
5.7568776826827639E-01	
6.4134056388571459E-01	
9.9005038529078315E-01	
1.3387297001550600E+00	
7.4521125975906721E-01	
1.6874395215601290E+00	
1.0600120633841663E+00	
2.8025373882870136E-01	
6.2228029346439795E-01	
7.0884604374999149E-01	

r
2.8677138945231460E+00	

errcoeff
7.1133153744981151E-03	

v_opt
1.0000000000000000E+00	
1.9979351506549392E-11	
6.7739812230753516E-01	
5.0512685271062985E-01	
3.9747257409708081E-02	
6.2080988585622165E-05	
1.2212453270876722E-15	
-2.2204460492503131E-16	
4.4494223726868842E-02	
0.0000000000000000E+00	
6.6247007879383091E-13	
8.0882259817494784E-01	
1.0625840989807678E-02	
1.9133927773625581E-01	
4.7718867046998570E-02	

alpha_opt
0.0000000000000000E+00	0.0000000000000000E+00	0.0000000000000000E+00	0.0000000000000000E+00	0.0000000000000000E+00	0.0000000000000000E+00	0.0000000000000000E+00	0.0000000000000000E+00	0.0000000000000000E+00	0.0000000000000000E+00	0.0000000000000000E+00	0.0000000000000000E+00	0.0000000000000000E+00	0.0000000000000000E+00	0.0000000000000000E+00	
9.9999999998002065E-01	0.0000000000000000E+00	0.0000000000000000E+00	0.0000000000000000E+00	0.0000000000000000E+00	0.0000000000000000E+00	0.0000000000000000E+00	0.0000000000000000E+00	0.0000000000000000E+00	0.0000000000000000E+00	0.0000000000000000E+00	0.0000000000000000E+00	0.0000000000000000E+00	0.0000000000000000E+00	0.0000000000000000E+00	
6.4453285535174813E-12	3.2260187768601944E-01	0.0000000000000000E+00	0.0000000000000000E+00	0.0000000000000000E+00	0.0000000000000000E+00	0.0000000000000000E+00	0.0000000000000000E+00	0.0000000000000000E+00	0.0000000000000000E+00	0.0000000000000000E+00	0.0000000000000000E+00	0.0000000000000000E+00	0.0000000000000000E+00	0.0000000000000000E+00	
1.3976329631050893E-01	2.2888153544893928E-12	3.5510985097657238E-01	0.0000000000000000E+00	0.0000000000000000E+00	0.0000000000000000E+00	0.0000000000000000E+00	0.0000000000000000E+00	0.0000000000000000E+00	0.0000000000000000E+00	0.0000000000000000E+00	0.0000000000000000E+00	0.0000000000000000E+00	0.0000000000000000E+00	0.0000000000000000E+00	
6.3553720657289004E-03	1.5078476259105709E-04	6.7668129598286594E-12	9.5374658575520510E-01	0.0000000000000000E+00	0.0000000000000000E+00	0.0000000000000000E+00	0.0000000000000000E+00	0.0000000000000000E+00	0.0000000000000000E+00	0.0000000000000000E+00	0.0000000000000000E+00	0.0000000000000000E+00	0.0000000000000000E+00	0.0000000000000000E+00	
3.5523664169486144E-02	3.0147356861391248E-03	7.4669419917203017E-01	4.0913049544451638E-12	2.1470531997966769E-01	0.0000000000000000E+00	0.0000000000000000E+00	0.0000000000000000E+00	0.0000000000000000E+00	0.0000000000000000E+00	0.0000000000000000E+00	0.0000000000000000E+00	0.0000000000000000E+00	0.0000000000000000E+00	0.0000000000000000E+00	
7.0974905943965695E-13	6.0231967265116137E-14	1.4918500191855433E-11	-1.9231708038347162E-17	4.2896558186510210E-12	9.9999999998002065E-01	0.0000000000000000E+00	0.0000000000000000E+00	0.0000000000000000E+00	0.0000000000000000E+00	0.0000000000000000E+00	0.0000000000000000E+00	0.0000000000000000E+00	0.0000000000000000E+00	0.0000000000000000E+00	
1.5886593239242812E-16	-1.3256020552957280E-17	-2.3999546720270237E-16	1.3963334720300319E-15	7.3622811368685069E-05	1.9977879940001937E-11	9.9992637716865229E-01	0.0000000000000000E+00	0.0000000000000000E+00	0.0000000000000000E+00	0.0000000000000000E+00	0.0000000000000000E+00	0.0000000000000000E+00	0.0000000000000000E+00	0.0000000000000000E+00	
5.9161785138388604E-06	1.5179472461524355E-12	2.3325953440501651E-01	3.2049787499632315E-01	9.6829301493080597E-02	2.2742900424968818E-01	7.6605720282511960E-02	8.7842466647904593E-04	0.0000000000000000E+00	0.0000000000000000E+00	0.0000000000000000E+00	0.0000000000000000E+00	0.0000000000000000E+00	0.0000000000000000E+00	0.0000000000000000E+00	
3.9797524920918299E-17	0.0000000000000000E+00	0.0000000000000000E+00	-1.1486507816699767E-17	1.4725084220739771E-15	3.9914580609031875E-22	1.9977879940001937E-11	9.9999999998002065E-01	-5.0257851436532239E-24	0.0000000000000000E+00	0.0000000000000000E+00	0.0000000000000000E+00	0.0000000000000000E+00	0.0000000000000000E+00	0.0000000000000000E+00	
1.5546145102719082E-05	2.5770531700270321E-15	-1.3929133722321405E-16	1.5885580047433749E-11	8.3365469178883278E-01	1.4122151718187858E-12	7.0683609167666833E-02	1.9109577541277335E-12	1.9979387672002042E-25	9.5646152878524113E-02	0.0000000000000000E+00	0.0000000000000000E+00	0.0000000000000000E+00	0.0000000000000000E+00	0.0000000000000000E+00	
7.3098427021352168E-05	6.0095042727848222E-17	1.1441788414764011E-16	8.5303507322680820E-14	4.4775508134778539E-03	1.2378234909008423E-05	1.1420994207992830E-12	4.7321021454796795E-02	-6.7906112982234947E-24	2.6619072012417718E-13	1.3929335289335340E-01	0.0000000000000000E+00	0.0000000000000000E+00	0.0000000000000000E+00	0.0000000000000000E+00	
1.2934195599298447E-15	-3.8993465463003442E-17	-7.9595049841836599E-17	-2.2897871499239406E-16	8.9265848397619745E-14	2.6863329320963870E-16	-3.2832958059757597E-16	9.3545077264741621E-13	-1.5697735005390338E-24	-4.6606054904217590E-17	2.7524366210556304E-12	9.8937415900641434E-01	0.0000000000000000E+00	0.0000000000000000E+00	0.0000000000000000E+00	
1.5903203036752764E-04	2.4020701779292993E-02	1.6947638151533981E-01	2.0106534266224901E-01	1.3377042557855965E-12	1.7685224328222397E-02	6.1134029186409910E-03	1.6766616075989742E-05	3.2552078701098136E-01	1.1988218919020096E-02	3.7969356929249014E-02	2.8951953176375796E-13	1.4645507552677841E-02	0.0000000000000000E+00	0.0000000000000000E+00	
9.9299060673265264E-04	5.0504862449993304E-13	9.3214391534035736E-03	2.2009308475130592E-04	1.3100718557542438E-02	3.2822013740631061E-13	1.1347269293076830E-13	3.4886307319149565E-16	6.0390754191247473E-12	2.2242512542064457E-13	7.0458035589055268E-13	7.3400892366343371E-05	2.7171013936164700E-13	9.2857249065002023E-01	0.0000000000000000E+00	

beta_opt
0.0000000000000000E+00	0.0000000000000000E+00	0.0000000000000000E+00	0.0000000000000000E+00	0.0000000000000000E+00	0.0000000000000000E+00	0.0000000000000000E+00	0.0000000000000000E+00	0.0000000000000000E+00	0.0000000000000000E+00	0.0000000000000000E+00	0.0000000000000000E+00	0.0000000000000000E+00	0.0000000000000000E+00	0.0000000000000000E+00	
3.4870982140506862E-01	0.0000000000000000E+00	0.0000000000000000E+00	0.0000000000000000E+00	0.0000000000000000E+00	0.0000000000000000E+00	0.0000000000000000E+00	0.0000000000000000E+00	0.0000000000000000E+00	0.0000000000000000E+00	0.0000000000000000E+00	0.0000000000000000E+00	0.0000000000000000E+00	0.0000000000000000E+00	0.0000000000000000E+00	
2.2475493688389747E-12	1.1249444315507920E-01	0.0000000000000000E+00	0.0000000000000000E+00	0.0000000000000000E+00	0.0000000000000000E+00	0.0000000000000000E+00	0.0000000000000000E+00	0.0000000000000000E+00	0.0000000000000000E+00	0.0000000000000000E+00	0.0000000000000000E+00	0.0000000000000000E+00	0.0000000000000000E+00	0.0000000000000000E+00	
4.8736834096394982E-02	7.9813239350912113E-13	1.2383029271569514E-01	0.0000000000000000E+00	0.0000000000000000E+00	0.0000000000000000E+00	0.0000000000000000E+00	0.0000000000000000E+00	0.0000000000000000E+00	0.0000000000000000E+00	0.0000000000000000E+00	0.0000000000000000E+00	0.0000000000000000E+00	0.0000000000000000E+00	0.0000000000000000E+00	
2.2161806580473647E-03	5.2580127634783705E-05	2.3596541387504999E-12	3.3258080159103626E-01	0.0000000000000000E+00	0.0000000000000000E+00	0.0000000000000000E+00	0.0000000000000000E+00	0.0000000000000000E+00	0.0000000000000000E+00	0.0000000000000000E+00	0.0000000000000000E+00	0.0000000000000000E+00	0.0000000000000000E+00	0.0000000000000000E+00	
1.2387450588442641E-02	1.0512679427180649E-03	2.6037960084268158E-01	1.4266782200067496E-12	7.4869853786323881E-02	0.0000000000000000E+00	0.0000000000000000E+00	0.0000000000000000E+00	0.0000000000000000E+00	0.0000000000000000E+00	0.0000000000000000E+00	0.0000000000000000E+00	0.0000000000000000E+00	0.0000000000000000E+00	0.0000000000000000E+00	
2.4749646776456302E-13	2.1003478548314222E-14	5.2022275376373273E-12	-6.7062854755004482E-18	1.4958451144408969E-12	3.4870982140506862E-01	0.0000000000000000E+00	0.0000000000000000E+00	0.0000000000000000E+00	0.0000000000000000E+00	0.0000000000000000E+00	0.0000000000000000E+00	0.0000000000000000E+00	0.0000000000000000E+00	0.0000000000000000E+00	
5.5398110913020135E-17	-4.6225045596560066E-18	-8.3688776507952397E-17	4.8691519566324004E-16	2.5672997404226154E-05	6.9664829460691635E-12	3.4868414840766448E-01	0.0000000000000000E+00	0.0000000000000000E+00	0.0000000000000000E+00	0.0000000000000000E+00	0.0000000000000000E+00	0.0000000000000000E+00	0.0000000000000000E+00	0.0000000000000000E+00	
2.0630295530024712E-06	5.2932311311870706E-13	8.1339890585027885E-02	1.1176075675290476E-01	3.3765328431104288E-02	7.9306727455825857E-02	2.6713167038855099E-02	3.0631530857183506E-04	0.0000000000000000E+00	0.0000000000000000E+00	0.0000000000000000E+00	0.0000000000000000E+00	0.0000000000000000E+00	0.0000000000000000E+00	0.0000000000000000E+00	
1.3877787807814457E-17	0.0000000000000000E+00	0.0000000000000000E+00	-4.0054580894093267E-18	5.1347814888913490E-16	1.3918606275911805E-22	6.9664829460691635E-12	3.4870982140506862E-01	-1.7525406398985774E-24	0.0000000000000000E+00	0.0000000000000000E+00	0.0000000000000000E+00	0.0000000000000000E+00	0.0000000000000000E+00	0.0000000000000000E+00	
5.4210934824147627E-06	8.9864375068944654E-16	-4.8572257327350599E-17	5.5394577813672186E-12	2.9070357869298946E-01	4.9245330036029600E-13	2.4648068729615225E-02	6.6636973716782667E-13	6.9670087070256583E-26	3.3352752889018400E-02	0.0000000000000000E+00	0.0000000000000000E+00	0.0000000000000000E+00	0.0000000000000000E+00	0.0000000000000000E+00	
2.5490139432116435E-05	2.0955731617376601E-17	3.9898639947466563E-17	2.9746170804312300E-14	1.5613659445311771E-03	4.3164120845165521E-06	3.9826128506170733E-13	1.6501304940537295E-02	-2.3679528530820662E-24	9.2823318476042971E-14	4.8572960211324914E-02	0.0000000000000000E+00	0.0000000000000000E+00	0.0000000000000000E+00	0.0000000000000000E+00	
4.5102810375396984E-16	-1.3597404377840310E-17	-2.7755575615628914E-17	-7.9847126812155130E-17	3.1127878052927827E-14	9.3675067700460108E-17	-1.1449174941446927E-16	3.2620087186963126E-13	-5.4739543703031246E-25	-1.6251989082369241E-17	9.5980168257625564E-13	3.4500448629680969E-01	0.0000000000000000E+00	0.0000000000000000E+00	0.0000000000000000E+00	
5.5456030908253989E-05	8.3762546276490261E-03	5.9098078731772162E-02	7.0113459731902597E-02	4.6647061213711538E-13	6.1670114171262190E-03	2.1318036399791173E-03	5.8466836975425482E-06	1.1351229550450459E-01	4.1804096782998845E-03	1.3240287673928260E-02	1.0095830421663621E-13	5.1070323231829085E-03	0.0000000000000000E+00	0.0000000000000000E+00	
3.4626557713757222E-04	1.7611541565376587E-13	3.2504773824865163E-03	7.6748620277651905E-05	4.5683492285699644E-03	1.1445358549878836E-13	3.9569042487030970E-14	1.2165197994986035E-16	2.1058849108968047E-12	7.7561825762982588E-14	2.4569409007302312E-13	2.5595612068551646E-05	9.4747994172639238E-14	3.2380234738269764E-01	0.0000000000000000E+00	

==============================================================

