#stage		 order
5	 		2


A
0.0000000000000000E+00	0.0000000000000000E+00	0.0000000000000000E+00	0.0000000000000000E+00	0.0000000000000000E+00	
5.3200638943807654E-01	0.0000000000000000E+00	0.0000000000000000E+00	0.0000000000000000E+00	0.0000000000000000E+00	
2.0489636013518003E-01	2.0489636013518006E-01	0.0000000000000000E+00	0.0000000000000000E+00	0.0000000000000000E+00	
1.4970461626494672E-01	1.0319366944682067E-01	2.6793883238847899E-01	0.0000000000000000E+00	0.0000000000000000E+00	
1.3066331615968035E-01	9.0190709451899248E-02	2.3315334833766049E-01	4.6293801435498999E-01	0.0000000000000000E+00	

b
1.5783759841520470E-01	
1.1449515560456547E-01	
2.9125319701666702E-01	
2.0305923878117807E-01	
2.3335481018238477E-01	

c
0.0000000000000000E+00	
5.3200638943807654E-01	
4.0979272027036012E-01	
5.2083711810024635E-01	
9.1694538830423011E-01	

r
1.8796766727862690E+00	

errcoeff
1.1722272101079441E-02	

v_opt
1.0000000000000000E+00	
4.2485903684053028E-11	
6.1486109151508761E-01	
4.0893608527942249E-01	
1.2908508824515308E-01	
1.5399750376479293E-01	

alpha_opt
0.0000000000000000E+00	0.0000000000000000E+00	0.0000000000000000E+00	0.0000000000000000E+00	0.0000000000000000E+00	0.0000000000000000E+00	
9.9999999995751410E-01	0.0000000000000000E+00	0.0000000000000000E+00	0.0000000000000000E+00	0.0000000000000000E+00	0.0000000000000000E+00	
1.6362915261570192E-11	3.8513890846854948E-01	0.0000000000000000E+00	0.0000000000000000E+00	0.0000000000000000E+00	0.0000000000000000E+00	
8.7425541759519970E-02	8.2409592356844569E-12	5.0363837295281655E-01	0.0000000000000000E+00	0.0000000000000000E+00	0.0000000000000000E+00	
3.2639035475337173E-12	7.4112524086383032E-04	1.8619541669564012E-11	8.7017378649209964E-01	0.0000000000000000E+00	0.0000000000000000E+00	
4.8100698332209396E-02	4.0399365845835387E-03	3.5523026813853703E-01	1.6216261152519688E-11	4.3863159316366079E-01	0.0000000000000000E+00	

beta_opt
0.0000000000000000E+00	0.0000000000000000E+00	0.0000000000000000E+00	0.0000000000000000E+00	0.0000000000000000E+00	0.0000000000000000E+00	
5.3200638943807654E-01	0.0000000000000000E+00	0.0000000000000000E+00	0.0000000000000000E+00	0.0000000000000000E+00	0.0000000000000000E+00	
8.7051754693590055E-12	2.0489636013518006E-01	0.0000000000000000E+00	0.0000000000000000E+00	0.0000000000000000E+00	0.0000000000000000E+00	
4.6510946818126064E-02	4.3842429686691275E-12	2.6793883238847899E-01	0.0000000000000000E+00	0.0000000000000000E+00	0.0000000000000000E+00	
1.7364175418713157E-12	3.9428336353014267E-04	9.9057151370374186E-12	4.6293801435498999E-01	0.0000000000000000E+00	0.0000000000000000E+00	
2.5589878850256039E-02	2.1492720760143968E-03	1.8898477237953207E-01	8.6271545463034727E-12	2.3335481018238477E-01	0.0000000000000000E+00	

==============================================================

