#stage		 order
6	 		3


A
0.0000000000000000E+00	0.0000000000000000E+00	0.0000000000000000E+00	0.0000000000000000E+00	0.0000000000000000E+00	0.0000000000000000E+00	
4.5326245811623950E-01	0.0000000000000000E+00	0.0000000000000000E+00	0.0000000000000000E+00	0.0000000000000000E+00	0.0000000000000000E+00	
2.2195298454674411E-01	2.2195298454674411E-01	0.0000000000000000E+00	0.0000000000000000E+00	0.0000000000000000E+00	0.0000000000000000E+00	
2.2281797844891410E-01	1.1280698273610412E-01	2.3036937481178288E-01	0.0000000000000000E+00	0.0000000000000000E+00	0.0000000000000000E+00	
2.1880754810460076E-01	1.1077447517878104E-01	2.2621867878283144E-01	4.4509577065392836E-01	0.0000000000000000E+00	0.0000000000000000E+00	
1.2975690285792985E-01	6.2859213219658844E-02	1.2722771447743589E-01	2.4770841861259954E-01	2.5225341178029537E-01	0.0000000000000000E+00	

b
1.7976702290224789E-01	
1.1415158702274783E-01	
2.1189178256824356E-01	
2.6035305567211231E-01	
8.3607003777080705E-02	
1.5022954805756777E-01	

c
0.0000000000000000E+00	
4.5326245811623950E-01	
4.4390596909348823E-01	
5.6599433599680116E-01	
1.0008964727201415E+00	
8.1980566094791951E-01	

r
2.2062272797884122E+00	

errcoeff
1.0146457316692515E-02	

v_opt
1.0000000000000000E+00	
1.8127499501474631E-11	
5.1032127066251731E-01	
2.4904354105325721E-01	
1.8008285124890611E-02	
4.2435835975171210E-01	
7.7805961190500539E-02	

alpha_opt
0.0000000000000000E+00	0.0000000000000000E+00	0.0000000000000000E+00	0.0000000000000000E+00	0.0000000000000000E+00	0.0000000000000000E+00	0.0000000000000000E+00	
9.9999999998187250E-01	0.0000000000000000E+00	0.0000000000000000E+00	0.0000000000000000E+00	0.0000000000000000E+00	0.0000000000000000E+00	0.0000000000000000E+00	
8.8766412684829412E-12	4.8967872932860601E-01	0.0000000000000000E+00	0.0000000000000000E+00	0.0000000000000000E+00	0.0000000000000000E+00	0.0000000000000000E+00	
2.4270925981388766E-01	4.5115272059610580E-12	5.0824719912834360E-01	0.0000000000000000E+00	0.0000000000000000E+00	0.0000000000000000E+00	0.0000000000000000E+00	
9.2835487198388798E-06	-4.5034370818988234E-18	9.0472422796170013E-12	9.8198243131734231E-01	0.0000000000000000E+00	0.0000000000000000E+00	0.0000000000000000E+00	
1.4945470949306807E-02	1.2321948306922264E-03	2.9356159790833070E-03	9.9067994918527575E-12	5.5652835847929871E-01	0.0000000000000000E+00	0.0000000000000000E+00	
3.9560066821633179E-04	2.2520232864831579E-02	1.7457226725381148E-01	3.9326541087041422E-01	3.3437430771627415E-12	3.3144052714888206E-01	0.0000000000000000E+00	

beta_opt
0.0000000000000000E+00	0.0000000000000000E+00	0.0000000000000000E+00	0.0000000000000000E+00	0.0000000000000000E+00	0.0000000000000000E+00	0.0000000000000000E+00	
4.5326245811623950E-01	0.0000000000000000E+00	0.0000000000000000E+00	0.0000000000000000E+00	0.0000000000000000E+00	0.0000000000000000E+00	0.0000000000000000E+00	
4.0234482412415673E-12	2.2195298454674411E-01	0.0000000000000000E+00	0.0000000000000000E+00	0.0000000000000000E+00	0.0000000000000000E+00	0.0000000000000000E+00	
1.1001099571280998E-01	2.0449059112692680E-12	2.3036937481178288E-01	0.0000000000000000E+00	0.0000000000000000E+00	0.0000000000000000E+00	0.0000000000000000E+00	
4.2078841128723177E-06	-2.0412389617502877E-18	4.1007752749067095E-12	4.4509577065392836E-01	0.0000000000000000E+00	0.0000000000000000E+00	0.0000000000000000E+00	
6.7742209003104504E-03	5.5850765784780647E-04	1.3306045147887314E-03	4.4903802898232925E-12	2.5225341178029537E-01	0.0000000000000000E+00	0.0000000000000000E+00	
1.7931093131141190E-04	1.0207576105848722E-02	7.9127054975822064E-02	1.7825244682644811E-01	1.5155932064914168E-12	1.5022954805756777E-01	0.0000000000000000E+00	

==============================================================

