#stage		 order
12	 		4


A
0.0000000000000000E+00	0.0000000000000000E+00	0.0000000000000000E+00	0.0000000000000000E+00	0.0000000000000000E+00	0.0000000000000000E+00	0.0000000000000000E+00	0.0000000000000000E+00	0.0000000000000000E+00	0.0000000000000000E+00	0.0000000000000000E+00	0.0000000000000000E+00	
-2.4812774068669538E-01	0.0000000000000000E+00	0.0000000000000000E+00	0.0000000000000000E+00	0.0000000000000000E+00	0.0000000000000000E+00	0.0000000000000000E+00	0.0000000000000000E+00	0.0000000000000000E+00	0.0000000000000000E+00	0.0000000000000000E+00	0.0000000000000000E+00	
1.4985292243811187E-02	1.6441454145615774E-02	0.0000000000000000E+00	0.0000000000000000E+00	0.0000000000000000E+00	0.0000000000000000E+00	0.0000000000000000E+00	0.0000000000000000E+00	0.0000000000000000E+00	0.0000000000000000E+00	0.0000000000000000E+00	0.0000000000000000E+00	
2.3460618520276899E-01	1.0443586274697900E-01	-5.1961884241632506E-01	0.0000000000000000E+00	0.0000000000000000E+00	0.0000000000000000E+00	0.0000000000000000E+00	0.0000000000000000E+00	0.0000000000000000E+00	0.0000000000000000E+00	0.0000000000000000E+00	0.0000000000000000E+00	
-1.6313159801287475E-01	-2.2378291604058156E-01	-2.0457806681437543E-01	5.5332795511910560E-01	0.0000000000000000E+00	0.0000000000000000E+00	0.0000000000000000E+00	0.0000000000000000E+00	0.0000000000000000E+00	0.0000000000000000E+00	0.0000000000000000E+00	0.0000000000000000E+00	
1.1328797000164764E-01	-1.8821850580651059E-01	-7.3502615523705142E-02	-1.5259378232476431E-01	2.1213557105338060E-01	0.0000000000000000E+00	0.0000000000000000E+00	0.0000000000000000E+00	0.0000000000000000E+00	0.0000000000000000E+00	0.0000000000000000E+00	0.0000000000000000E+00	
-6.3262052402746860E-01	-4.6223563615502717E-03	9.3139845667789267E-03	1.0755924265411271E-01	-2.3575581434571363E-01	4.9082292186099094E-02	0.0000000000000000E+00	0.0000000000000000E+00	0.0000000000000000E+00	0.0000000000000000E+00	0.0000000000000000E+00	0.0000000000000000E+00	
1.1319550844323671E-01	5.9321921387273802E-01	6.7056878333526623E-02	-4.8670059648400982E-01	-8.2766956542203962E-01	9.6652449220160863E-02	1.3072793302305985E-01	0.0000000000000000E+00	0.0000000000000000E+00	0.0000000000000000E+00	0.0000000000000000E+00	0.0000000000000000E+00	
4.6496763579364420E-01	-1.0197299342081144E-01	5.9321447426355511E-01	2.3706859065538963E-02	5.8362153684955273E-02	-3.6154889423880321E-01	-7.8201120357007950E-02	-3.1133988273660963E-02	0.0000000000000000E+00	0.0000000000000000E+00	0.0000000000000000E+00	0.0000000000000000E+00	
-8.7052186511585042E-02	1.7563142899821363E-01	4.0372046492254615E-01	3.7622299563548768E-02	-5.3867936805765647E-02	-2.5757306562851517E-01	7.0856154535621066E-02	-1.1213080762081801E-01	6.2460852320554194E-01	0.0000000000000000E+00	0.0000000000000000E+00	0.0000000000000000E+00	
-4.2726396646906240E-01	-3.0716823108450009E-01	-4.9463982348136681E-01	1.4723715660893610E-01	-1.9946991746497675E-01	-1.1485778913039020E-01	3.5164797601411041E-01	4.4023536847558575E-01	1.5009327041302531E-01	9.3080991882078995E-02	0.0000000000000000E+00	0.0000000000000000E+00	
-3.5266682226973844E-01	-3.9056740389250733E-01	-3.8123279260468568E-01	-1.1773761301116580E-01	2.0232815557752551E-01	-1.3602431797755898E-01	2.3786856961220900E-02	4.0261983442968913E-01	-1.2307804190926078E-01	1.3477438429117855E-01	3.6987726057809311E-02	0.0000000000000000E+00	

b
1.8090009302703225E-01	
-3.9605576615863469E-01	
3.3605289116126208E-01	
-4.6688918123628448E-01	
1.4434198344875473E-01	
2.1754708967819233E-01	
-5.8866119811739925E-01	
6.8240832339100099E-01	
1.7497236816543874E-01	
4.3184677472193156E-01	
-3.4556925427639407E-01	
6.2910587619509994E-01	

c
0.0000000000000000E+00	
-2.4812774068669538E-01	
3.1426746389426961E-02	
-1.8057679446657704E-01	
-3.8164625748726158E-02	
-8.8891362599951784E-02	
-7.0704317532774175E-01	
-3.1351817901332735E-01	
5.6739412651741006E-01	
8.0181487465878776E-01	
-3.6110496423655963E-01	
-7.0081003434749378E-01	

r
0.0000000000000000E+00	

errcoeff
4.3690658679128975E-04	

==============================================================

