#stage		 order
13	 		3


A
0.0000000000000000E+00	0.0000000000000000E+00	0.0000000000000000E+00	0.0000000000000000E+00	0.0000000000000000E+00	0.0000000000000000E+00	0.0000000000000000E+00	0.0000000000000000E+00	0.0000000000000000E+00	0.0000000000000000E+00	0.0000000000000000E+00	0.0000000000000000E+00	0.0000000000000000E+00	
-3.9142967531319475E-02	0.0000000000000000E+00	0.0000000000000000E+00	0.0000000000000000E+00	0.0000000000000000E+00	0.0000000000000000E+00	0.0000000000000000E+00	0.0000000000000000E+00	0.0000000000000000E+00	0.0000000000000000E+00	0.0000000000000000E+00	0.0000000000000000E+00	0.0000000000000000E+00	
-1.5335384271641989E-01	4.9740312500830337E-02	0.0000000000000000E+00	0.0000000000000000E+00	0.0000000000000000E+00	0.0000000000000000E+00	0.0000000000000000E+00	0.0000000000000000E+00	0.0000000000000000E+00	0.0000000000000000E+00	0.0000000000000000E+00	0.0000000000000000E+00	0.0000000000000000E+00	
8.8387026688155318E-02	-4.0293961658115113E-01	1.6915997318531706E-01	0.0000000000000000E+00	0.0000000000000000E+00	0.0000000000000000E+00	0.0000000000000000E+00	0.0000000000000000E+00	0.0000000000000000E+00	0.0000000000000000E+00	0.0000000000000000E+00	0.0000000000000000E+00	0.0000000000000000E+00	
-1.7506180312005606E-01	7.6372240581265594E-01	-2.4083381217353120E-01	-1.6091138528942611E-01	0.0000000000000000E+00	0.0000000000000000E+00	0.0000000000000000E+00	0.0000000000000000E+00	0.0000000000000000E+00	0.0000000000000000E+00	0.0000000000000000E+00	0.0000000000000000E+00	0.0000000000000000E+00	
-3.0734041229041742E-01	5.2342848300854616E-01	-8.0088513677618489E-02	-1.8609398750634465E-01	1.3620579753420273E-01	0.0000000000000000E+00	0.0000000000000000E+00	0.0000000000000000E+00	0.0000000000000000E+00	0.0000000000000000E+00	0.0000000000000000E+00	0.0000000000000000E+00	0.0000000000000000E+00	
-2.2884258808699112E-01	-1.9935412914814463E-01	4.7377643500416544E-01	-1.7948379858784785E-01	2.7184045264453627E-01	2.5188203739268916E-01	0.0000000000000000E+00	0.0000000000000000E+00	0.0000000000000000E+00	0.0000000000000000E+00	0.0000000000000000E+00	0.0000000000000000E+00	0.0000000000000000E+00	
-4.4880574759805708E-01	1.0294063131636598E-01	-1.9195047504472337E-01	2.9019890157451955E-01	2.3846645537684455E-01	-3.4506306658001917E-02	4.5755873861824226E-01	0.0000000000000000E+00	0.0000000000000000E+00	0.0000000000000000E+00	0.0000000000000000E+00	0.0000000000000000E+00	0.0000000000000000E+00	
5.6005295492036122E-01	-1.7487927060294703E-01	-2.2672868207683042E-01	6.9259340822887316E-02	-1.7864881707943039E-01	-1.0600208689724143E-01	1.9051797884741287E-01	-1.2864965710133627E-01	0.0000000000000000E+00	0.0000000000000000E+00	0.0000000000000000E+00	0.0000000000000000E+00	0.0000000000000000E+00	
-2.5852367963772022E-01	3.8815513373318150E-01	-2.1575335311355018E-01	-2.5721001228295964E-01	3.6386700336113437E-01	1.7076382679640881E-01	-5.7628665766021957E-02	6.7957104140307548E-02	4.5933840313676895E-03	0.0000000000000000E+00	0.0000000000000000E+00	0.0000000000000000E+00	0.0000000000000000E+00	
-4.7512223520395863E-01	-7.9663763982841182E-02	2.8347740020315332E-01	1.1012696987728093E-01	3.9948085546219891E-01	1.7598239898984835E-01	8.7823685793547240E-02	1.6190993524528641E-01	-1.3325683444451206E-01	-2.1188302554025565E-01	0.0000000000000000E+00	0.0000000000000000E+00	0.0000000000000000E+00	
1.1450850582017444E-01	3.6438286218013421E-01	-1.3562132302381091E-01	-2.2505906597403402E-01	3.7917638862896474E-01	3.9425865161987650E-01	-3.5164927667844520E-01	3.6811301280814662E-01	-1.7482168527879285E-01	1.8632080193564796E-01	-3.5681419127170677E-01	0.0000000000000000E+00	0.0000000000000000E+00	
3.6383264279974969E-01	-4.6641707028690604E-01	3.3225401081522504E-01	-2.5698461258019673E-01	-1.3904032950420636E-01	3.8131612816313393E-01	2.2473934531656531E-01	3.3314254496036971E-01	-4.8790798852110240E-02	9.0625517137591080E-02	4.3356068705565623E-03	-4.9833937612842646E-02	0.0000000000000000E+00	

b
5.0982503726441319E-01	
-3.6771193393143103E-01	
-1.8598036468848161E-01	
1.3104605097589736E-01	
1.2095552121629494E-01	
1.5495298755539544E-01	
3.5739779148378154E-01	
1.8926418248686155E-01	
3.9669894714218661E-02	
-3.7354858741430597E-01	
2.6792767041693627E-01	
-4.9924573458612037E-01	
6.5544748450654000E-01	

c
0.0000000000000000E+00	
-3.9142967531319475E-02	
-1.0361353021558954E-01	
-1.4539261670767872E-01	
1.8691540522964256E-01	
8.6111367068368319E-02	
3.8981840921840727E-01	
4.1390219758518992E-01	
4.9217608328758281E-03	
2.0622074126214790E-01	
3.1887538639974761E-01	
5.6279468076615480E-01	
7.6917904722692931E-01	

r
0.0000000000000000E+00	

errcoeff
8.7058390346881525E-04	

==============================================================

