#stage		 order
5	 		4


A
0.0000000000000000E+00	0.0000000000000000E+00	0.0000000000000000E+00	0.0000000000000000E+00	0.0000000000000000E+00	
-6.8250619217987210E-03	0.0000000000000000E+00	0.0000000000000000E+00	0.0000000000000000E+00	0.0000000000000000E+00	
3.3711508090283182E+00	-3.1682827177150905E+00	0.0000000000000000E+00	0.0000000000000000E+00	0.0000000000000000E+00	
-2.7175742489725192E+01	2.5773437288511563E+01	2.1211367492372446E+00	0.0000000000000000E+00	0.0000000000000000E+00	
5.0000000000000000E+01	-4.7086571286447281E+01	-2.9901370303928401E+00	9.8561024801233776E-01	0.0000000000000000E+00	

b
1.0598775371651998E+00	
-1.0012582465743207E+00	
3.9991806434427268E-01	
4.2142655977189714E-01	
1.2003608529295098E-01	

c
0.0000000000000000E+00	
-6.8250619217987210E-03	
2.0286809131322758E-01	
7.1883154802361593E-01	
9.0890193117221563E-01	

r
0.0000000000000000E+00	

errcoeff
4.7725547259373233E-03	

==============================================================

