#stage		 order
5	 		2


A
0.0000000000000000E+00	0.0000000000000000E+00	0.0000000000000000E+00	0.0000000000000000E+00	0.0000000000000000E+00	
-6.3674392254547463E-02	0.0000000000000000E+00	0.0000000000000000E+00	0.0000000000000000E+00	0.0000000000000000E+00	
6.8382424034657074E-01	-5.3026504883508274E-01	0.0000000000000000E+00	0.0000000000000000E+00	0.0000000000000000E+00	
-2.0518651332511528E-01	2.7837322365739764E-01	-5.2011032146943048E-01	0.0000000000000000E+00	0.0000000000000000E+00	
5.6710065040252522E-01	-3.6179165287488352E-01	3.4145124708195274E-01	-1.1051835537992538E-01	0.0000000000000000E+00	

b
-5.1018130454118127E-01	
4.4476304665631593E-02	
-3.1081890673536333E-01	
2.5412342702961205E-01	
1.5224004795813011E+00	

c
0.0000000000000000E+00	
-6.3674392254547463E-02	
1.5355919151148803E-01	
-4.4692361113714807E-01	
4.3624188922966906E-01	

r
0.0000000000000000E+00	

errcoeff
1.1870261276006398E-02	

==============================================================

