#stage		 order
7	 		4


A
0.0000000000000000E+00	0.0000000000000000E+00	0.0000000000000000E+00	0.0000000000000000E+00	0.0000000000000000E+00	0.0000000000000000E+00	0.0000000000000000E+00	
5.1216060691106879E-01	0.0000000000000000E+00	0.0000000000000000E+00	0.0000000000000000E+00	0.0000000000000000E+00	0.0000000000000000E+00	0.0000000000000000E+00	
1.6040402077465329E-01	1.6040402077465329E-01	0.0000000000000000E+00	0.0000000000000000E+00	0.0000000000000000E+00	0.0000000000000000E+00	0.0000000000000000E+00	
9.4313197647635197E-02	8.6820477469767079E-02	2.7721267969768443E-01	0.0000000000000000E+00	0.0000000000000000E+00	0.0000000000000000E+00	0.0000000000000000E+00	
1.2772641850097821E-01	1.2605675092768232E-01	6.1773696496080104E-02	1.1412917303449316E-01	0.0000000000000000E+00	0.0000000000000000E+00	0.0000000000000000E+00	
9.2336917029878299E-02	9.1317158523320438E-02	8.3471410835875046E-02	6.9705010092877301E-02	3.1280486246159500E-01	0.0000000000000000E+00	0.0000000000000000E+00	
7.6880867772777181E-02	7.6031806197366714E-02	6.9499764796597779E-02	5.8037118889288322E-02	2.6044459311664520E-01	4.2643026654901967E-01	0.0000000000000000E+00	

b
1.4436052515761302E-01	
1.4172231517337805E-01	
1.2372423737910392E-01	
1.7040164773642871E-01	
9.1183597768916533E-02	
1.4929642207654878E-01	
1.7931125470801104E-01	

c
0.0000000000000000E+00	
5.1216060691106879E-01	
3.2080804154930659E-01	
4.5834635481508668E-01	
4.2968603895923380E-01	
6.4963535894354607E-01	
9.6732441732169494E-01	

r
1.9525125253798350E+00	

errcoeff
5.2998876013473526E-03	

v_opt
1.0000000000000000E+00	
1.5563106359195444E-11	
6.8680914031620222E-01	
4.4410914070572227E-01	
5.6880915113356301E-01	
2.9992908371493010E-01	
1.6738839776714354E-01	
1.5715614723857740E-01	

alpha_opt
0.0000000000000000E+00	0.0000000000000000E+00	0.0000000000000000E+00	0.0000000000000000E+00	0.0000000000000000E+00	0.0000000000000000E+00	0.0000000000000000E+00	0.0000000000000000E+00	
9.9999999998443689E-01	0.0000000000000000E+00	0.0000000000000000E+00	0.0000000000000000E+00	0.0000000000000000E+00	0.0000000000000000E+00	0.0000000000000000E+00	0.0000000000000000E+00	
4.8742366130777333E-12	3.1319085967892363E-01	0.0000000000000000E+00	0.0000000000000000E+00	0.0000000000000000E+00	0.0000000000000000E+00	0.0000000000000000E+00	0.0000000000000000E+00	
1.4629629996226043E-02	2.6382289341781391E-12	5.4126122929541343E-01	0.0000000000000000E+00	0.0000000000000000E+00	0.0000000000000000E+00	0.0000000000000000E+00	0.0000000000000000E+00	
3.2933694293360935E-12	2.0835220900364415E-01	1.8771138142967688E-12	2.2283863985762237E-01	0.0000000000000000E+00	0.0000000000000000E+00	0.0000000000000000E+00	0.0000000000000000E+00	
-2.1024885465096479E-17	2.1312140509746139E-06	8.9313373122425141E-02	2.1181647632968995E-12	6.1075541194647565E-01	0.0000000000000000E+00	0.0000000000000000E+00	0.0000000000000000E+00	
-3.1093943375797342E-17	3.1751345745753320E-17	1.1655998777892276E-06	-1.4520120550998862E-17	7.9140364852259634E-12	8.3261043662506462E-01	0.0000000000000000E+00	0.0000000000000000E+00	
2.8369407260758669E-04	1.6396105355997451E-01	3.5453831766638126E-02	2.9303780260414886E-01	-1.5095798732903239E-17	4.5367219299903192E-12	3.5010747075351673E-01	0.0000000000000000E+00	

beta_opt
0.0000000000000000E+00	0.0000000000000000E+00	0.0000000000000000E+00	0.0000000000000000E+00	0.0000000000000000E+00	0.0000000000000000E+00	0.0000000000000000E+00	0.0000000000000000E+00	
5.1216060691106879E-01	0.0000000000000000E+00	0.0000000000000000E+00	0.0000000000000000E+00	0.0000000000000000E+00	0.0000000000000000E+00	0.0000000000000000E+00	0.0000000000000000E+00	
2.4963919820208957E-12	1.6040402077465329E-01	0.0000000000000000E+00	0.0000000000000000E+00	0.0000000000000000E+00	0.0000000000000000E+00	0.0000000000000000E+00	0.0000000000000000E+00	
7.4927201778681174E-03	1.3511969321200468E-12	2.7721267969768443E-01	0.0000000000000000E+00	0.0000000000000000E+00	0.0000000000000000E+00	0.0000000000000000E+00	0.0000000000000000E+00	
1.6867340857373847E-12	1.0670979381622898E-01	9.6138375038634649E-13	1.1412917303449316E-01	0.0000000000000000E+00	0.0000000000000000E+00	0.0000000000000000E+00	0.0000000000000000E+00	
-1.0768118100207107E-17	1.0915238818215434E-06	4.5742791384367903E-02	1.0848405507246639E-12	3.1280486246159500E-01	0.0000000000000000E+00	0.0000000000000000E+00	0.0000000000000000E+00	
-1.5925092910854620E-17	1.6261788507641287E-17	5.9697434083328925E-07	-7.4366337539371981E-18	4.0532577294527528E-12	4.2643026654901967E-01	0.0000000000000000E+00	0.0000000000000000E+00	
1.4529692840603570E-04	8.3974392702361705E-02	1.8158055995206909E-02	1.5008241883196261E-01	-7.7314734409713926E-18	2.3235302570867589E-12	1.7931125470801104E-01	0.0000000000000000E+00	

==============================================================

