#stage		 order
10	 		3


A
0.0000000000000000E+00	0.0000000000000000E+00	0.0000000000000000E+00	0.0000000000000000E+00	0.0000000000000000E+00	0.0000000000000000E+00	0.0000000000000000E+00	0.0000000000000000E+00	0.0000000000000000E+00	0.0000000000000000E+00	
3.9773755800359439E-01	0.0000000000000000E+00	0.0000000000000000E+00	0.0000000000000000E+00	0.0000000000000000E+00	0.0000000000000000E+00	0.0000000000000000E+00	0.0000000000000000E+00	0.0000000000000000E+00	0.0000000000000000E+00	
1.5235831125183710E-01	1.5235831125183710E-01	0.0000000000000000E+00	0.0000000000000000E+00	0.0000000000000000E+00	0.0000000000000000E+00	0.0000000000000000E+00	0.0000000000000000E+00	0.0000000000000000E+00	0.0000000000000000E+00	
1.1506151770650710E-01	1.1506151770650710E-01	3.0037276402419866E-01	0.0000000000000000E+00	0.0000000000000000E+00	0.0000000000000000E+00	0.0000000000000000E+00	0.0000000000000000E+00	0.0000000000000000E+00	0.0000000000000000E+00	
2.0666653928609077E-01	7.6270470615056984E-02	1.9910716048877111E-01	2.6364705885069423E-01	0.0000000000000000E+00	0.0000000000000000E+00	0.0000000000000000E+00	0.0000000000000000E+00	0.0000000000000000E+00	0.0000000000000000E+00	
2.0388343272937773E-01	7.0781009252639956E-02	1.8304946407982267E-01	2.4238431561361520E-01	3.6566061541057082E-01	0.0000000000000000E+00	0.0000000000000000E+00	0.0000000000000000E+00	0.0000000000000000E+00	0.0000000000000000E+00	
8.7948185858063174E-02	4.0092463970678657E-02	1.0404199421242166E-01	1.3776684727826696E-01	1.3146982796535195E-01	1.4300279035350574E-01	0.0000000000000000E+00	0.0000000000000000E+00	0.0000000000000000E+00	0.0000000000000000E+00	
8.7948185858063133E-02	4.0092463970678650E-02	1.0404199421242165E-01	1.3776684727826694E-01	1.3146982796535192E-01	1.4300279035350572E-01	3.9773755800359439E-01	0.0000000000000000E+00	0.0000000000000000E+00	0.0000000000000000E+00	
1.3269425800224818E-01	8.7866134057128412E-02	9.3678567103314639E-02	1.2404415106672760E-01	1.2352973669230455E-01	1.1910449432618470E-01	3.3126857597284870E-01	3.3126857597284870E-01	0.0000000000000000E+00	0.0000000000000000E+00	
1.4537887955862872E-01	6.9057967430768474E-02	1.7839319702232118E-01	2.3621873567203963E-01	2.3259034079683993E-01	1.8743258035173885E-03	4.6003627354113778E-03	4.6003627354113778E-03	5.5234247164549204E-03	0.0000000000000000E+00	

b
1.2385339709202071E-01	
8.8215778495260286E-02	
2.2850798685157109E-01	
2.4091698714751414E-01	
9.7946699847212534E-02	
2.5250288660139363E-02	
4.3247017670674175E-02	
3.2699553290365030E-02	
1.6348931740746329E-03	
1.1772739777116811E-01	

c
0.0000000000000000E+00	
3.9773755800359439E-01	
3.0471662250367421E-01	
5.3049579943721281E-01	
7.4569122924061315E-01	
1.0657588370860263E+00	
6.4432210963828818E-01	
1.0420596676418825E+00	
1.3434544931936054E+00	
8.7823759647139299E-01	

r
2.5142206962284486E+00	

errcoeff
4.7226054890678101E-03	

v_opt
1.0000000000000000E+00	
3.5540792531207899E-11	
6.1693758060821535E-01	
2.4479658012357475E-01	
9.2886135957046534E-03	
4.5740463068029258E-02	
5.1318994774865501E-01	
1.8239298960054384E-11	
7.1622501217105672E-04	
2.0079743681828466E-01	
6.5455542083802776E-02	

alpha_opt
0.0000000000000000E+00	0.0000000000000000E+00	0.0000000000000000E+00	0.0000000000000000E+00	0.0000000000000000E+00	0.0000000000000000E+00	0.0000000000000000E+00	0.0000000000000000E+00	0.0000000000000000E+00	0.0000000000000000E+00	0.0000000000000000E+00	
9.9999999996445921E-01	0.0000000000000000E+00	0.0000000000000000E+00	0.0000000000000000E+00	0.0000000000000000E+00	0.0000000000000000E+00	0.0000000000000000E+00	0.0000000000000000E+00	0.0000000000000000E+00	0.0000000000000000E+00	0.0000000000000000E+00	
1.3614369978391934E-11	3.8306241937817020E-01	0.0000000000000000E+00	0.0000000000000000E+00	0.0000000000000000E+00	0.0000000000000000E+00	0.0000000000000000E+00	0.0000000000000000E+00	0.0000000000000000E+00	0.0000000000000000E+00	0.0000000000000000E+00	
3.6541438802736660E-22	1.0281572989258387E-11	7.5520341986614370E-01	0.0000000000000000E+00	0.0000000000000000E+00	0.0000000000000000E+00	0.0000000000000000E+00	0.0000000000000000E+00	0.0000000000000000E+00	0.0000000000000000E+00	0.0000000000000000E+00	
3.2784449454788739E-01	-2.0660852988114702E-17	1.7791618827185547E-11	6.6286689183861636E-01	0.0000000000000000E+00	0.0000000000000000E+00	0.0000000000000000E+00	0.0000000000000000E+00	0.0000000000000000E+00	0.0000000000000000E+00	0.0000000000000000E+00	
3.3244544234929507E-02	1.6635056471686030E-03	8.8609843392205348E-17	2.1658679384417390E-11	9.1935148702821390E-01	0.0000000000000000E+00	0.0000000000000000E+00	0.0000000000000000E+00	0.0000000000000000E+00	0.0000000000000000E+00	0.0000000000000000E+00	
4.2491260007190629E-13	2.1242352979708796E-14	3.4159441993463376E-12	1.2726947712331144E-01	1.1747727321252268E-11	3.5954057511242371E-01	0.0000000000000000E+00	0.0000000000000000E+00	0.0000000000000000E+00	0.0000000000000000E+00	0.0000000000000000E+00	
-5.1616388512676335E-17	-1.1081770209036777E-17	4.0132939818420976E-17	4.5232133360246668E-12	-1.4573908835316090E-17	1.2778292155849396E-11	9.9999999996445921E-01	0.0000000000000000E+00	0.0000000000000000E+00	0.0000000000000000E+00	0.0000000000000000E+00	
9.3027480467933578E-04	1.3019455531566093E-01	-3.4891821323033855E-17	8.3107084618268193E-13	3.5276635145595293E-02	2.9421157879126884E-17	2.9601244239464878E-11	8.3288230969146104E-01	0.0000000000000000E+00	0.0000000000000000E+00	0.0000000000000000E+00	
6.7585981280036427E-12	6.4290983519445130E-14	5.4969273148733994E-12	2.0480040668611763E-01	5.7996114295393597E-01	5.5390479325367968E-04	1.4609982480498326E-23	4.1107581217849070E-13	1.3887108735677152E-02	0.0000000000000000E+00	0.0000000000000000E+00	
6.7516305653312165E-03	1.0763328883105644E-03	1.1707884586878091E-01	3.6802337479780645E-01	1.6085530752077866E-02	2.4227084142146530E-02	2.6518653239563404E-02	7.8790345683164231E-02	1.4608987514071006E-13	2.9599265997886998E-01	0.0000000000000000E+00	

beta_opt
0.0000000000000000E+00	0.0000000000000000E+00	0.0000000000000000E+00	0.0000000000000000E+00	0.0000000000000000E+00	0.0000000000000000E+00	0.0000000000000000E+00	0.0000000000000000E+00	0.0000000000000000E+00	0.0000000000000000E+00	0.0000000000000000E+00	
3.9773755800359439E-01	0.0000000000000000E+00	0.0000000000000000E+00	0.0000000000000000E+00	0.0000000000000000E+00	0.0000000000000000E+00	0.0000000000000000E+00	0.0000000000000000E+00	0.0000000000000000E+00	0.0000000000000000E+00	0.0000000000000000E+00	
5.4149462691555073E-12	1.5235831125183710E-01	0.0000000000000000E+00	0.0000000000000000E+00	0.0000000000000000E+00	0.0000000000000000E+00	0.0000000000000000E+00	0.0000000000000000E+00	0.0000000000000000E+00	0.0000000000000000E+00	0.0000000000000000E+00	
1.4533902635854814E-22	4.0893677333286860E-12	3.0037276402419866E-01	0.0000000000000000E+00	0.0000000000000000E+00	0.0000000000000000E+00	0.0000000000000000E+00	0.0000000000000000E+00	0.0000000000000000E+00	0.0000000000000000E+00	0.0000000000000000E+00	
1.3039606867103382E-01	-8.2175972140560677E-18	7.0763950255070540E-12	2.6364705885069423E-01	0.0000000000000000E+00	0.0000000000000000E+00	0.0000000000000000E+00	0.0000000000000000E+00	0.0000000000000000E+00	0.0000000000000000E+00	0.0000000000000000E+00	
1.3222603841413277E-02	6.6163867385354424E-04	3.5243462727149268E-17	8.6144702482471303E-12	3.6566061541057082E-01	0.0000000000000000E+00	0.0000000000000000E+00	0.0000000000000000E+00	0.0000000000000000E+00	0.0000000000000000E+00	0.0000000000000000E+00	
1.6900369992356445E-13	8.4488816007000327E-15	1.3586493041728431E-12	5.0619851041219278E-02	4.6725123770130494E-12	1.4300279035350574E-01	0.0000000000000000E+00	0.0000000000000000E+00	0.0000000000000000E+00	0.0000000000000000E+00	0.0000000000000000E+00	
-2.0529776320726312E-17	-4.4076362214559201E-18	1.5962377479451291E-17	1.7990518266636823E-12	-5.7965909109316459E-18	5.0824067177046572E-12	3.9773755800359439E-01	0.0000000000000000E+00	0.0000000000000000E+00	0.0000000000000000E+00	0.0000000000000000E+00	
3.7000522909858002E-04	5.1783264498455280E-02	-1.3877787807814457E-17	3.3054808890042864E-13	1.4030842717891512E-02	1.1701899488898031E-17	1.1773526598091166E-11	3.3126857597284870E-01	0.0000000000000000E+00	0.0000000000000000E+00	0.0000000000000000E+00	
2.6881483150553720E-12	2.5570938787582250E-14	2.1863344468187051E-12	8.1456813636374470E-02	2.3067232874367027E-01	2.2030873984303431E-04	5.8109387544752260E-24	1.6350028969602803E-13	5.5234247164549204E-03	0.0000000000000000E+00	0.0000000000000000E+00	
2.6853770536927057E-03	4.2809801461081431E-04	4.6566654251383149E-02	1.4637671838552344E-01	6.3978197207505555E-03	9.6360212845874385E-03	1.0547464381422920E-02	3.1337879687394557E-02	5.8105430189581142E-14	1.1772739777116811E-01	0.0000000000000000E+00	

==============================================================

