#stage		 order
4	 		3


A
0.0000000000000000E+00	0.0000000000000000E+00	0.0000000000000000E+00	0.0000000000000000E+00	
7.8721325138899656E-01	0.0000000000000000E+00	0.0000000000000000E+00	0.0000000000000000E+00	
2.3349140718263897E-01	2.3349140718263894E-01	0.0000000000000000E+00	0.0000000000000000E+00	
1.6621868525558176E-01	1.2216986966147353E-01	4.1189413125918833E-01	0.0000000000000000E+00	

b
2.2479200875883207E-01	
1.1527789878050897E-01	
2.2668639694767909E-01	
4.3324369551297987E-01	

c
0.0000000000000000E+00	
7.8721325138899656E-01	
4.6698281436527794E-01	
7.0028268617624367E-01	

r
1.2703038194994207E+00	

errcoeff
2.2986047633774792E-02	

v_opt
1.0000000000000000E+00	
3.4279135086023871E-11	
7.0339497363559933E-01	
4.2081393315297011E-01	
2.8030039703878340E-01	

alpha_opt
0.0000000000000000E+00	0.0000000000000000E+00	0.0000000000000000E+00	0.0000000000000000E+00	0.0000000000000000E+00	
9.9999999996572086E-01	0.0000000000000000E+00	0.0000000000000000E+00	0.0000000000000000E+00	0.0000000000000000E+00	
1.0167388673218713E-11	2.9660502635423336E-01	0.0000000000000000E+00	0.0000000000000000E+00	0.0000000000000000E+00	
5.5955378691703202E-02	5.3199230285047456E-12	5.2323068815000673E-01	0.0000000000000000E+00	0.0000000000000000E+00	
1.0832108679365790E-01	6.1027394992370761E-02	9.8710803259517195E-12	5.5035112116531681E-01	0.0000000000000000E+00	

beta_opt
0.0000000000000000E+00	0.0000000000000000E+00	0.0000000000000000E+00	0.0000000000000000E+00	0.0000000000000000E+00	
7.8721325138899656E-01	0.0000000000000000E+00	0.0000000000000000E+00	0.0000000000000000E+00	0.0000000000000000E+00	
8.0039030958545254E-12	2.3349140718263894E-01	0.0000000000000000E+00	0.0000000000000000E+00	0.0000000000000000E+00	
4.4048815594108212E-02	4.1879139045519764E-12	4.1189413125918833E-01	0.0000000000000000E+00	0.0000000000000000E+00	
8.5271794931748177E-02	4.8041574037391579E-02	7.7706452383807800E-12	4.3324369551297987E-01	0.0000000000000000E+00	

==============================================================

