#stage		 order
6	 		4


A
0.0000000000000000E+00	0.0000000000000000E+00	0.0000000000000000E+00	0.0000000000000000E+00	0.0000000000000000E+00	0.0000000000000000E+00	
5.1580626789153550E-01	0.0000000000000000E+00	0.0000000000000000E+00	0.0000000000000000E+00	0.0000000000000000E+00	0.0000000000000000E+00	
1.2606470878305287E-01	1.9603361378121151E-01	0.0000000000000000E+00	0.0000000000000000E+00	0.0000000000000000E+00	0.0000000000000000E+00	
7.2452939953638898E-02	1.1266604099825853E-01	4.6098428883404374E-01	0.0000000000000000E+00	0.0000000000000000E+00	0.0000000000000000E+00	
3.7078372398642423E-02	5.7657748981438439E-02	2.3591240248151649E-01	4.1047648771979262E-01	0.0000000000000000E+00	0.0000000000000000E+00	
7.8705579810742138E-02	1.2238904435655575E-01	1.5007211828400732E-01	2.6111842942515490E-01	5.1023808932405956E-01	0.0000000000000000E+00	

b
1.4682620497026391E-01	
1.2841577351389233E-01	
2.2884291912476887E-01	
3.7510955283841257E-01	
4.6969615998784846E-02	
7.3835933553877450E-02	

c
0.0000000000000000E+00	
5.1580626789153550E-01	
3.2209832256426441E-01	
6.4610326978594124E-01	
7.4112501158138999E-01	
1.1225232612005196E+00	

r
1.2467413499065121E+00	

errcoeff
7.1286008735915018E-03	

v_opt
1.0000000000000000E+00	
3.5692299730275967E-01	
7.5559678773062866E-01	
4.2527182546962028E-01	
4.8824198960349552E-01	
2.5700570698772074E-01	
2.9309012219685804E-01	

alpha_opt
0.0000000000000000E+00	0.0000000000000000E+00	0.0000000000000000E+00	0.0000000000000000E+00	0.0000000000000000E+00	0.0000000000000000E+00	0.0000000000000000E+00	
6.4307700269724033E-01	0.0000000000000000E+00	0.0000000000000000E+00	0.0000000000000000E+00	0.0000000000000000E+00	0.0000000000000000E+00	0.0000000000000000E+00	
5.8882898994151414E-12	2.4440321226348299E-01	0.0000000000000000E+00	0.0000000000000000E+00	0.0000000000000000E+00	0.0000000000000000E+00	0.0000000000000000E+00	
-7.6592265387391258E-18	5.2624761288263915E-12	5.7472817452511726E-01	0.0000000000000000E+00	0.0000000000000000E+00	0.0000000000000000E+00	0.0000000000000000E+00	
1.7302011904582518E-17	1.6218894385569467E-17	1.1019166925695278E-11	5.1175801038548530E-01	0.0000000000000000E+00	0.0000000000000000E+00	0.0000000000000000E+00	
2.5745220693899741E-12	1.0685936876374329E-01	-1.8787797046304392E-17	1.2196465023730691E-11	6.3613492423376494E-01	0.0000000000000000E+00	0.0000000000000000E+00	
8.0096865903647188E-02	8.0534214645484395E-02	1.6527913649792683E-02	4.3769657213490382E-01	2.1939037605070157E-12	9.2054311467119926E-02	0.0000000000000000E+00	

beta_opt
0.0000000000000000E+00	0.0000000000000000E+00	0.0000000000000000E+00	0.0000000000000000E+00	0.0000000000000000E+00	0.0000000000000000E+00	0.0000000000000000E+00	
5.1580626789153550E-01	0.0000000000000000E+00	0.0000000000000000E+00	0.0000000000000000E+00	0.0000000000000000E+00	0.0000000000000000E+00	0.0000000000000000E+00	
4.7229442579066472E-12	1.9603361378121151E-01	0.0000000000000000E+00	0.0000000000000000E+00	0.0000000000000000E+00	0.0000000000000000E+00	0.0000000000000000E+00	
-6.1433965750798337E-18	4.2209846728979983E-12	4.6098428883404374E-01	0.0000000000000000E+00	0.0000000000000000E+00	0.0000000000000000E+00	0.0000000000000000E+00	
1.3877787807814457E-17	1.3009029007815684E-17	8.8383744767384087E-12	4.1047648771979262E-01	0.0000000000000000E+00	0.0000000000000000E+00	0.0000000000000000E+00	
2.0650009480149834E-12	8.5710936575384838E-02	-1.5069522678795476E-17	9.7826746703333356E-12	5.1023808932405956E-01	0.0000000000000000E+00	0.0000000000000000E+00	
6.4244974238364769E-02	6.4595767722423342E-02	1.3256890574497471E-02	3.5107247560540361E-01	1.7597104329247770E-12	7.3835933553877450E-02	0.0000000000000000E+00	

==============================================================

