#stage		 order
11	 		3


A
0.0000000000000000E+00	0.0000000000000000E+00	0.0000000000000000E+00	0.0000000000000000E+00	0.0000000000000000E+00	0.0000000000000000E+00	0.0000000000000000E+00	0.0000000000000000E+00	0.0000000000000000E+00	0.0000000000000000E+00	0.0000000000000000E+00	
3.6982872257307359E-01	0.0000000000000000E+00	0.0000000000000000E+00	0.0000000000000000E+00	0.0000000000000000E+00	0.0000000000000000E+00	0.0000000000000000E+00	0.0000000000000000E+00	0.0000000000000000E+00	0.0000000000000000E+00	0.0000000000000000E+00	
3.9464715295650543E-02	3.9464715295650536E-02	0.0000000000000000E+00	0.0000000000000000E+00	0.0000000000000000E+00	0.0000000000000000E+00	0.0000000000000000E+00	0.0000000000000000E+00	0.0000000000000000E+00	0.0000000000000000E+00	0.0000000000000000E+00	
3.9454718689140876E-02	3.9454718689140578E-02	3.6973504313847111E-01	0.0000000000000000E+00	0.0000000000000000E+00	0.0000000000000000E+00	0.0000000000000000E+00	0.0000000000000000E+00	0.0000000000000000E+00	0.0000000000000000E+00	0.0000000000000000E+00	
2.1306530890401926E-01	1.1688364315047481E-01	1.4918916637183774E-01	1.4922696629644289E-01	0.0000000000000000E+00	0.0000000000000000E+00	0.0000000000000000E+00	0.0000000000000000E+00	0.0000000000000000E+00	0.0000000000000000E+00	0.0000000000000000E+00	
1.2219401023504101E-01	7.1620919855971174E-02	1.1830496392842793E-01	7.8463777607270677E-02	1.9445653396935261E-01	0.0000000000000000E+00	0.0000000000000000E+00	0.0000000000000000E+00	0.0000000000000000E+00	0.0000000000000000E+00	0.0000000000000000E+00	
1.1179380305566490E-01	6.5525213813564992E-02	1.0823662796396062E-01	7.1785375765629905E-02	1.7790547162982864E-01	3.3835095159119094E-01	0.0000000000000000E+00	0.0000000000000000E+00	0.0000000000000000E+00	0.0000000000000000E+00	0.0000000000000000E+00	
1.0077607159757211E-01	6.2912959690254580E-02	2.3179035213354096E-01	4.1296823336236299E-02	8.7368035982442652E-02	1.2727910074278856E-01	1.3912024487174679E-01	0.0000000000000000E+00	0.0000000000000000E+00	0.0000000000000000E+00	0.0000000000000000E+00	
6.9190960226482481E-02	4.9361530007580916E-02	2.5828379012457264E-01	2.1836247074443083E-01	6.1053986683516456E-02	2.6710311188483923E-02	2.9193820027437041E-02	7.7607059833229936E-02	0.0000000000000000E+00	0.0000000000000000E+00	0.0000000000000000E+00	
4.0585811140753394E-02	2.9101689271977590E-02	1.2902140138341731E-01	1.0825916297042648E-01	3.6833300013810910E-02	2.6948743340245437E-02	2.9455174249018366E-02	3.7414775347004187E-02	1.7829638955109992E-01	0.0000000000000000E+00	0.0000000000000000E+00	
6.0742142868102471E-02	4.7865328435349588E-02	1.7190950415806724E-01	1.1487715923868316E-01	3.1871581254466992E-02	4.0851231483050032E-02	4.4651596207193320E-02	1.1015852343602534E-01	3.7242779127329421E-02	7.7250299147442261E-02	0.0000000000000000E+00	

b
8.3660237650949168E-02	
5.5809173886447475E-02	
1.6507135127275657E-01	
1.0231591632068127E-01	
9.8441979999257620E-02	
1.2370259602050204E-01	
9.6999503266263346E-02	
5.0742883119563001E-02	
1.9084834660757485E-02	
3.5278576101512860E-02	
1.6889294770130925E-01	

c
0.0000000000000000E+00	
3.6982872257307359E-01	
7.8929430591301086E-02	
4.4864448051675254E-01	
6.2836508472277475E-01	
5.8504020559606340E-01	
8.7359744381984006E-01	
7.9054358835458194E-01	
7.8976392883573421E-01	
6.1591644726775352E-01	
7.3742014535570977E-01	

r
2.7039543955443115E+00	

errcoeff
8.5489373732549525E-03	

v_opt
1.0000000000000000E+00	
7.3133386091495112E-07	
8.9328920960747793E-01	
2.5395804612915462E-04	
6.3425608048072069E-02	
3.5043475425760096E-01	
8.5111240741394756E-02	
4.0004182488839746E-06	
1.4639949766226046E-01	
4.6933224887021463E-01	
2.5321539943112115E-01	
5.0615859890668191E-02	

alpha_opt
0.0000000000000000E+00	0.0000000000000000E+00	0.0000000000000000E+00	0.0000000000000000E+00	0.0000000000000000E+00	0.0000000000000000E+00	0.0000000000000000E+00	0.0000000000000000E+00	0.0000000000000000E+00	0.0000000000000000E+00	0.0000000000000000E+00	0.0000000000000000E+00	
9.9999926866613909E-01	0.0000000000000000E+00	0.0000000000000000E+00	0.0000000000000000E+00	0.0000000000000000E+00	0.0000000000000000E+00	0.0000000000000000E+00	0.0000000000000000E+00	0.0000000000000000E+00	0.0000000000000000E+00	0.0000000000000000E+00	0.0000000000000000E+00	
7.8041157281002046E-08	1.0671071235136474E-01	0.0000000000000000E+00	0.0000000000000000E+00	0.0000000000000000E+00	0.0000000000000000E+00	0.0000000000000000E+00	0.0000000000000000E+00	0.0000000000000000E+00	0.0000000000000000E+00	0.0000000000000000E+00	0.0000000000000000E+00	
5.7847706133858258E-14	7.8021389062749619E-08	9.9974596393242399E-01	0.0000000000000000E+00	0.0000000000000000E+00	0.0000000000000000E+00	0.0000000000000000E+00	0.0000000000000000E+00	0.0000000000000000E+00	0.0000000000000000E+00	0.0000000000000000E+00	0.0000000000000000E+00	
2.6007084734106711E-01	2.7300063323481610E-01	2.9502037735987110E-07	4.0350261635566742E-01	0.0000000000000000E+00	0.0000000000000000E+00	0.0000000000000000E+00	0.0000000000000000E+00	0.0000000000000000E+00	0.0000000000000000E+00	0.0000000000000000E+00	0.0000000000000000E+00	
1.7791055019816832E-06	1.5979682392474381E-02	1.0778241385079983E-01	1.5516139420615447E-07	5.2580121523222867E-01	0.0000000000000000E+00	0.0000000000000000E+00	0.0000000000000000E+00	0.0000000000000000E+00	0.0000000000000000E+00	0.0000000000000000E+00	0.0000000000000000E+00	
1.5422857519069783E-12	4.1474770431856953E-07	3.1189981540484647E-06	-7.7451163184333861E-16	3.5180638054958253E-07	9.1488487370482485E-01	0.0000000000000000E+00	0.0000000000000000E+00	0.0000000000000000E+00	0.0000000000000000E+00	0.0000000000000000E+00	0.0000000000000000E+00	
4.0940636136559530E-02	3.3239623324863965E-02	4.7801852911542064E-01	1.6341532428159774E-02	5.5280904362555033E-02	2.5169339871107806E-07	3.7617452252079353E-01	0.0000000000000000E+00	0.0000000000000000E+00	0.0000000000000000E+00	0.0000000000000000E+00	0.0000000000000000E+00	
2.0921945205497222E-03	5.7475885283353517E-03	4.5386063351925580E-07	5.2039945101800889E-01	1.1551142469111490E-01	3.5348946695492677E-06	5.7730544433646282E-08	2.0984579709388321E-01	0.0000000000000000E+00	0.0000000000000000E+00	0.0000000000000000E+00	0.0000000000000000E+00	
5.8413832648657638E-09	6.9738422282046575E-03	2.5475958500014102E-13	1.8348730473408865E-07	4.0726867518569391E-08	2.7827644298199116E-08	4.1588623374266165E-02	7.3987417519713347E-08	4.8210495365644246E-01	0.0000000000000000E+00	0.0000000000000000E+00	0.0000000000000000E+00	
3.9438748768855789E-08	4.2594141180076067E-02	1.3590245259429494E-06	2.1857559284930295E-01	8.2731973772616931E-07	3.0952351353721216E-12	8.2484643257669821E-08	2.7673135144657035E-01	7.3647296360549897E-08	2.0888113317488213E-01	0.0000000000000000E+00	0.0000000000000000E+00	
3.5584148206357956E-04	2.8810542011183527E-04	6.8117575510108747E-02	4.0336112969192442E-02	7.6763047293960912E-02	9.4527841695250553E-02	2.0670126579645554E-01	9.3287500593412748E-08	5.6156925628870437E-03	6.9763100695804723E-08	4.5667849432869989E-01	0.0000000000000000E+00	

beta_opt
0.0000000000000000E+00	0.0000000000000000E+00	0.0000000000000000E+00	0.0000000000000000E+00	0.0000000000000000E+00	0.0000000000000000E+00	0.0000000000000000E+00	0.0000000000000000E+00	0.0000000000000000E+00	0.0000000000000000E+00	0.0000000000000000E+00	0.0000000000000000E+00	
3.6982872257307359E-01	0.0000000000000000E+00	0.0000000000000000E+00	0.0000000000000000E+00	0.0000000000000000E+00	0.0000000000000000E+00	0.0000000000000000E+00	0.0000000000000000E+00	0.0000000000000000E+00	0.0000000000000000E+00	0.0000000000000000E+00	0.0000000000000000E+00	
2.8861882613029355E-08	3.9464715295650536E-02	0.0000000000000000E+00	0.0000000000000000E+00	0.0000000000000000E+00	0.0000000000000000E+00	0.0000000000000000E+00	0.0000000000000000E+00	0.0000000000000000E+00	0.0000000000000000E+00	0.0000000000000000E+00	0.0000000000000000E+00	
2.1393758909247658E-14	2.8854571752778835E-08	3.6973504313847111E-01	0.0000000000000000E+00	0.0000000000000000E+00	0.0000000000000000E+00	0.0000000000000000E+00	0.0000000000000000E+00	0.0000000000000000E+00	0.0000000000000000E+00	0.0000000000000000E+00	0.0000000000000000E+00	
9.6181739591606655E-02	1.0096354928893453E-01	1.0910708908573596E-07	1.4922696629644289E-01	0.0000000000000000E+00	0.0000000000000000E+00	0.0000000000000000E+00	0.0000000000000000E+00	0.0000000000000000E+00	0.0000000000000000E+00	0.0000000000000000E+00	0.0000000000000000E+00	
6.5796479631254762E-07	5.9097498483324101E-03	3.9861061582027721E-02	5.7383182178183390E-08	1.9445653396935261E-01	0.0000000000000000E+00	0.0000000000000000E+00	0.0000000000000000E+00	0.0000000000000000E+00	0.0000000000000000E+00	0.0000000000000000E+00	0.0000000000000000E+00	
5.7038198661007056E-13	1.5338572585442652E-07	1.1534959466101625E-06	-2.8643685690358107E-16	1.3010819946424057E-07	3.3835095159119094E-01	0.0000000000000000E+00	0.0000000000000000E+00	0.0000000000000000E+00	0.0000000000000000E+00	0.0000000000000000E+00	0.0000000000000000E+00	
1.5141034236863853E-02	1.2292976423314492E-02	1.7678511127795360E-01	6.0435724826619838E-03	2.0444481194829348E-02	9.3083516200520577E-08	1.3912024487174679E-01	0.0000000000000000E+00	0.0000000000000000E+00	0.0000000000000000E+00	0.0000000000000000E+00	0.0000000000000000E+00	
7.7375419278192907E-04	2.1256248778513641E-03	1.6785082107562133E-07	1.9245880494935991E-01	4.2719473878308586E-02	1.3073065361473094E-06	2.1350429115635228E-08	7.7607059833229936E-02	0.0000000000000000E+00	0.0000000000000000E+00	0.0000000000000000E+00	0.0000000000000000E+00	
2.1603128908150027E-09	2.5791290488874907E-03	9.4217480788282501E-14	6.7858925145714011E-08	1.5061976404128679E-08	1.0291469669521103E-08	1.5380678704488667E-02	2.7362692119059506E-08	1.7829638955109992E-01	0.0000000000000000E+00	0.0000000000000000E+00	0.0000000000000000E+00	
1.4585592744004172E-08	1.5752548342096679E-02	5.0260667194823583E-07	8.0835591406915111E-02	3.0596682552665931E-07	1.1447076933414632E-12	3.0505212557374595E-08	1.0234327704850933E-01	2.7236905453253968E-08	7.7250299147442261E-02	0.0000000000000000E+00	0.0000000000000000E+00	
1.3160049699398248E-04	1.0654973740976958E-04	2.5191854359334513E-02	1.4917464042606202E-02	2.8389200483525594E-02	3.4959136508544514E-02	7.6444120989914655E-02	3.4500422407823805E-08	2.0768459257633747E-03	2.5800417281784949E-08	1.6889294770130925E-01	0.0000000000000000E+00	

==============================================================

