#stage		 order
5	 		3


A
0.0000000000000000E+00	0.0000000000000000E+00	0.0000000000000000E+00	0.0000000000000000E+00	0.0000000000000000E+00	
7.6783182766914448E-01	0.0000000000000000E+00	0.0000000000000000E+00	0.0000000000000000E+00	0.0000000000000000E+00	
4.7604291936380483E-01	4.7604291936380483E-01	0.0000000000000000E+00	0.0000000000000000E+00	0.0000000000000000E+00	
3.1881580535006909E-01	7.8774084779604514E-02	1.2705839542813030E-01	0.0000000000000000E+00	0.0000000000000000E+00	
2.0475138397806694E-01	1.3547897922124444E-01	3.6231638108763238E-02	2.1895290598278314E-01	0.0000000000000000E+00	

b
2.2260500255748733E-01	
1.1544838032837040E-01	
7.4162477444304403E-02	
1.3042058828272968E-01	
4.5736355138710821E-01	

c
0.0000000000000000E+00	
7.6783182766914448E-01	
9.5208583872760966E-01	
5.2464828555780396E-01	
5.9541490729085778E-01	

r
1.3023685186841407E+00	

errcoeff
2.8452581090623631E-02	

v_opt
1.0000000000000000E+00	
2.9761304531916721E-11	
3.8001668827808766E-01	
5.2190036572930931E-01	
5.6658268019792857E-01	
2.4724558128268104E-01	

alpha_opt
0.0000000000000000E+00	0.0000000000000000E+00	0.0000000000000000E+00	0.0000000000000000E+00	0.0000000000000000E+00	0.0000000000000000E+00	
9.9999999997023870E-01	0.0000000000000000E+00	0.0000000000000000E+00	0.0000000000000000E+00	0.0000000000000000E+00	0.0000000000000000E+00	
1.8451523534952012E-11	6.1998331170346077E-01	0.0000000000000000E+00	0.0000000000000000E+00	0.0000000000000000E+00	0.0000000000000000E+00	
3.1262278003244431E-01	3.0533120938375053E-12	1.6547685423519304E-01	0.0000000000000000E+00	0.0000000000000000E+00	0.0000000000000000E+00	
1.0715088460698265E-03	1.4718843913669877E-01	1.4043493298635809E-12	2.8515737181789852E-01	0.0000000000000000E+00	0.0000000000000000E+00	
8.5818409554157996E-02	2.8004240429792336E-03	6.8479694212708164E-02	5.0551876636662086E-12	5.9565589090241844E-01	0.0000000000000000E+00	

beta_opt
0.0000000000000000E+00	0.0000000000000000E+00	0.0000000000000000E+00	0.0000000000000000E+00	0.0000000000000000E+00	0.0000000000000000E+00	
7.6783182766914448E-01	0.0000000000000000E+00	0.0000000000000000E+00	0.0000000000000000E+00	0.0000000000000000E+00	0.0000000000000000E+00	
1.4167667039544085E-11	4.7604291936380483E-01	0.0000000000000000E+00	0.0000000000000000E+00	0.0000000000000000E+00	0.0000000000000000E+00	
2.4004172057046458E-01	2.3444302055253274E-12	1.2705839542813030E-01	0.0000000000000000E+00	0.0000000000000000E+00	0.0000000000000000E+00	
8.2273859566593666E-04	1.1301596823746356E-01	1.0783041126671833E-12	2.1895290598278314E-01	0.0000000000000000E+00	0.0000000000000000E+00	
6.5894106257589402E-02	2.1502547112333542E-03	5.2580888767132718E-02	3.8815339831188567E-12	4.5736355138710821E-01	0.0000000000000000E+00	

==============================================================

