#stage		 order
5	 		4


A
0.0000000000000000E+00	0.0000000000000000E+00	0.0000000000000000E+00	0.0000000000000000E+00	0.0000000000000000E+00	
4.1486523584075746E-01	0.0000000000000000E+00	0.0000000000000000E+00	0.0000000000000000E+00	0.0000000000000000E+00	
2.0006998841137910E-01	3.7871859759820392E-01	0.0000000000000000E+00	0.0000000000000000E+00	0.0000000000000000E+00	
7.1106366773600577E-02	1.3459941552768101E-01	2.7910542060961868E-01	0.0000000000000000E+00	0.0000000000000000E+00	
5.4320125356017254E-02	1.0282422595981641E-01	2.1321637038959493E-01	5.9992091691007521E-01	0.0000000000000000E+00	

b
1.5579767215207180E-01	
2.3698930803171137E-01	
1.7135116842960180E-01	
2.4801402551612334E-01	
1.8784782587049176E-01	

c
0.0000000000000000E+00	
4.1486523584075746E-01	
5.7878858600958305E-01	
4.8481120291090024E-01	
9.7028163861550387E-01	

r
1.2733807214259421E+00	

errcoeff
6.5240515028691269E-03	

v_opt
1.0000000000000000E+00	
4.7171860672587518E-01	
5.1774703898818863E-01	
6.4459253816253637E-01	
2.3607227005946063E-01	
2.8624444539418303E-01	

alpha_opt
0.0000000000000000E+00	0.0000000000000000E+00	0.0000000000000000E+00	0.0000000000000000E+00	0.0000000000000000E+00	0.0000000000000000E+00	
5.2828139327412482E-01	0.0000000000000000E+00	0.0000000000000000E+00	0.0000000000000000E+00	0.0000000000000000E+00	0.0000000000000000E+00	
1.7034394991876720E-11	4.8225296099477705E-01	0.0000000000000000E+00	0.0000000000000000E+00	0.0000000000000000E+00	0.0000000000000000E+00	
-7.5453858311054278E-18	1.1460066937475174E-11	3.5540746182600358E-01	0.0000000000000000E+00	0.0000000000000000E+00	0.0000000000000000E+00	
1.2866171827750060E-17	-1.5776573584280047E-17	1.8153720941717238E-11	7.6392772992238567E-01	0.0000000000000000E+00	0.0000000000000000E+00	
3.8966252699018586E-02	1.9655229882567285E-01	1.0595181243192960E-01	1.3308339063992827E-01	2.3920180000926777E-01	0.0000000000000000E+00	

beta_opt
0.0000000000000000E+00	0.0000000000000000E+00	0.0000000000000000E+00	0.0000000000000000E+00	0.0000000000000000E+00	0.0000000000000000E+00	
4.1486523584075746E-01	0.0000000000000000E+00	0.0000000000000000E+00	0.0000000000000000E+00	0.0000000000000000E+00	0.0000000000000000E+00	
1.3377299268313436E-11	3.7871859759820392E-01	0.0000000000000000E+00	0.0000000000000000E+00	0.0000000000000000E+00	0.0000000000000000E+00	
-5.9254751580976906E-18	8.9997176377920596E-12	2.7910542060961868E-01	0.0000000000000000E+00	0.0000000000000000E+00	0.0000000000000000E+00	
1.0103947399331355E-17	-1.2389518169921860E-17	1.4256318348060404E-11	5.9992091691007521E-01	0.0000000000000000E+00	0.0000000000000000E+00	
3.0600630311089727E-02	1.5435469968377885E-01	8.3205133120256569E-02	1.0451186232802298E-01	1.8784782587049176E-01	0.0000000000000000E+00	

==============================================================

