#stage		 order
13	 		2


A
0.0000000000000000E+00	0.0000000000000000E+00	0.0000000000000000E+00	0.0000000000000000E+00	0.0000000000000000E+00	0.0000000000000000E+00	0.0000000000000000E+00	0.0000000000000000E+00	0.0000000000000000E+00	0.0000000000000000E+00	0.0000000000000000E+00	0.0000000000000000E+00	0.0000000000000000E+00	
3.1037299199593904E-01	0.0000000000000000E+00	0.0000000000000000E+00	0.0000000000000000E+00	0.0000000000000000E+00	0.0000000000000000E+00	0.0000000000000000E+00	0.0000000000000000E+00	0.0000000000000000E+00	0.0000000000000000E+00	0.0000000000000000E+00	0.0000000000000000E+00	0.0000000000000000E+00	
2.0720588100110562E-01	2.0720588100110565E-01	0.0000000000000000E+00	0.0000000000000000E+00	0.0000000000000000E+00	0.0000000000000000E+00	0.0000000000000000E+00	0.0000000000000000E+00	0.0000000000000000E+00	0.0000000000000000E+00	0.0000000000000000E+00	0.0000000000000000E+00	0.0000000000000000E+00	
2.2136112355443949E-01	1.2491030300820315E-01	1.8710272260838234E-01	0.0000000000000000E+00	0.0000000000000000E+00	0.0000000000000000E+00	0.0000000000000000E+00	0.0000000000000000E+00	0.0000000000000000E+00	0.0000000000000000E+00	0.0000000000000000E+00	0.0000000000000000E+00	0.0000000000000000E+00	
2.2136132627486746E-01	1.2491072538884289E-01	1.8710229649039503E-01	3.1037228513548920E-01	0.0000000000000000E+00	0.0000000000000000E+00	0.0000000000000000E+00	0.0000000000000000E+00	0.0000000000000000E+00	0.0000000000000000E+00	0.0000000000000000E+00	0.0000000000000000E+00	0.0000000000000000E+00	
2.7050777056707159E-01	1.3248163218607312E-01	8.3796801400779081E-02	1.3900412951398203E-01	1.3900444609032026E-01	0.0000000000000000E+00	0.0000000000000000E+00	0.0000000000000000E+00	0.0000000000000000E+00	0.0000000000000000E+00	0.0000000000000000E+00	0.0000000000000000E+00	0.0000000000000000E+00	
2.3435271780353137E-01	1.2687228822325666E-01	1.5979447871478797E-01	2.6507275647414164E-01	3.6590047677839188E-02	8.1699275774718111E-02	0.0000000000000000E+00	0.0000000000000000E+00	0.0000000000000000E+00	0.0000000000000000E+00	0.0000000000000000E+00	0.0000000000000000E+00	0.0000000000000000E+00	
2.1311352821343038E-01	1.1279563132646228E-01	1.1400420783518254E-01	1.8910856553793248E-01	2.6409879510719412E-02	5.8165175709802050E-02	2.2096768231827169E-01	0.0000000000000000E+00	0.0000000000000000E+00	0.0000000000000000E+00	0.0000000000000000E+00	0.0000000000000000E+00	0.0000000000000000E+00	
2.3153813409293167E-01	1.8731809207282268E-01	1.6764601218665540E-01	1.1057878994664702E-01	1.2267147004461956E-02	1.3796809960355084E-02	5.2413649286349735E-02	7.3620635288190323E-02	0.0000000000000000E+00	0.0000000000000000E+00	0.0000000000000000E+00	0.0000000000000000E+00	0.0000000000000000E+00	
2.3196831056789396E-01	1.5839558047835076E-01	1.6582101220138579E-01	1.8727579214588094E-01	9.5417962016966881E-02	4.0368447759177015E-02	7.5461887454406129E-02	3.8582856955121481E-02	1.6265924229036546E-01	0.0000000000000000E+00	0.0000000000000000E+00	0.0000000000000000E+00	0.0000000000000000E+00	
2.3196841641655458E-01	1.5839536663947262E-01	1.6582078833795641E-01	1.8727553931794153E-01	9.5417833199805943E-02	4.0368393260566217E-02	7.5461785578740531E-02	3.8582804867423305E-02	1.6265902269524057E-01	3.1037257298257720E-01	0.0000000000000000E+00	0.0000000000000000E+00	0.0000000000000000E+00	
1.9702028715049269E-01	1.7288290069390166E-01	7.1975453756354654E-02	5.7395103553330946E-02	1.8530730347855542E-02	1.2213187550915387E-02	3.4500146832396918E-02	3.2910451911248334E-02	6.5999747298045128E-02	4.7404165404868123E-02	4.7404229402078057E-02	0.0000000000000000E+00	0.0000000000000000E+00	
2.2551142931744114E-01	1.1200668827161921E-01	7.6107227102366712E-02	9.3611509048285441E-02	7.3526852645366361E-02	5.7277866204236156E-03	1.6506791291791750E-02	1.6536673766660105E-02	3.9186094400938419E-02	1.9895383412039468E-02	1.9894653468049330E-02	1.3025764155402922E-01	0.0000000000000000E+00	

b
2.3448917561956528E-01	
1.5146838528031997E-01	
1.3497998461316335E-01	
1.1894635597032216E-01	
4.7468558657984772E-02	
2.0258222591876353E-02	
6.5048413722711515E-02	
3.6381921238889073E-02	
1.1643894259521571E-01	
2.7627627006636998E-02	
2.5112957243355959E-02	
6.4383642137844895E-03	
1.5341091246174656E-02	

c
0.0000000000000000E+00	
3.1037299199593904E-01	
4.1441176200221130E-01	
5.3337414917102499E-01	
8.4374663328959454E-01	
7.6479477975822607E-01	
9.0438156466827502E-01	
9.3456467045180081E-01	
8.4917926983841396E-01	
1.1559510918695484E+00	
1.4663225232962789E+00	
7.5823640390148739E-01	
8.2876873089901071E-01	

r
3.2219298256888411E+00	

errcoeff
2.9044613279548222E-02	

v_opt
1.0000000000000000E+00	
1.5258850937227564E-06	
3.3239719194595929E-01	
8.6411162067305813E-02	
1.3185344893695827E-07	
4.6621259586210329E-07	
9.7778284691152351E-08	
1.3861991558107334E-01	
1.0791646800821120E-02	
1.1068516991841193E-08	
2.0768942121662803E-12	
2.5515904239461240E-01	
5.0015014601282326E-02	
3.8756074763301451E-02	

alpha_opt
0.0000000000000000E+00	0.0000000000000000E+00	0.0000000000000000E+00	0.0000000000000000E+00	0.0000000000000000E+00	0.0000000000000000E+00	0.0000000000000000E+00	0.0000000000000000E+00	0.0000000000000000E+00	0.0000000000000000E+00	0.0000000000000000E+00	0.0000000000000000E+00	0.0000000000000000E+00	0.0000000000000000E+00	
9.9999847411490628E-01	0.0000000000000000E+00	0.0000000000000000E+00	0.0000000000000000E+00	0.0000000000000000E+00	0.0000000000000000E+00	0.0000000000000000E+00	0.0000000000000000E+00	0.0000000000000000E+00	0.0000000000000000E+00	0.0000000000000000E+00	0.0000000000000000E+00	0.0000000000000000E+00	0.0000000000000000E+00	
1.0186836188498582E-06	6.6760178937042181E-01	0.0000000000000000E+00	0.0000000000000000E+00	0.0000000000000000E+00	0.0000000000000000E+00	0.0000000000000000E+00	0.0000000000000000E+00	0.0000000000000000E+00	0.0000000000000000E+00	0.0000000000000000E+00	0.0000000000000000E+00	0.0000000000000000E+00	0.0000000000000000E+00	
3.1075730125036077E-01	6.1409492289439329E-07	6.0283092258741056E-01	0.0000000000000000E+00	0.0000000000000000E+00	0.0000000000000000E+00	0.0000000000000000E+00	0.0000000000000000E+00	0.0000000000000000E+00	0.0000000000000000E+00	0.0000000000000000E+00	0.0000000000000000E+00	0.0000000000000000E+00	0.0000000000000000E+00	
4.7418931784650805E-07	2.2774449939701403E-06	9.1984862389910774E-07	9.9999619666361539E-01	0.0000000000000000E+00	0.0000000000000000E+00	0.0000000000000000E+00	0.0000000000000000E+00	0.0000000000000000E+00	0.0000000000000000E+00	0.0000000000000000E+00	0.0000000000000000E+00	0.0000000000000000E+00	0.0000000000000000E+00	
3.0553398282663113E-01	2.4660077028538921E-01	2.2099162234232042E-06	6.8338422167645325E-07	4.4786188737493871E-01	0.0000000000000000E+00	0.0000000000000000E+00	0.0000000000000000E+00	0.0000000000000000E+00	0.0000000000000000E+00	0.0000000000000000E+00	0.0000000000000000E+00	0.0000000000000000E+00	0.0000000000000000E+00	
4.6796359832189372E-04	1.4775055658985996E-04	6.7715464256591992E-07	7.3615439932695215E-01	1.7988718276114741E-07	2.6322893169802608E-01	0.0000000000000000E+00	0.0000000000000000E+00	0.0000000000000000E+00	0.0000000000000000E+00	0.0000000000000000E+00	0.0000000000000000E+00	0.0000000000000000E+00	0.0000000000000000E+00	
7.6283035985585265E-02	7.1880554054397985E-02	1.1000747804586220E-05	1.0443958528374787E-04	1.1594882568146134E-03	2.8595670837526198E-07	7.1194127983233213E-01	0.0000000000000000E+00	0.0000000000000000E+00	0.0000000000000000E+00	0.0000000000000000E+00	0.0000000000000000E+00	0.0000000000000000E+00	0.0000000000000000E+00	
3.4067443978677081E-06	2.1488717865051873E-01	3.2536547827821838E-01	1.9241159240416070E-01	1.9340280760889339E-02	-9.6479784337295448E-16	2.5768055272116486E-07	2.3720015868044214E-01	0.0000000000000000E+00	0.0000000000000000E+00	0.0000000000000000E+00	0.0000000000000000E+00	0.0000000000000000E+00	0.0000000000000000E+00	
2.0111324915933777E-04	1.9673899349581399E-07	3.2830093959994443E-06	1.6125771582451726E-02	2.3889879669230654E-01	6.6064554418723165E-02	1.5463021907754085E-01	1.8968440552207586E-07	5.2407586447850640E-01	0.0000000000000000E+00	0.0000000000000000E+00	0.0000000000000000E+00	0.0000000000000000E+00	0.0000000000000000E+00	
1.3503349961874491E-06	3.0022828839803102E-13	5.0094187687969915E-12	2.4606041289788605E-08	3.6453186295813246E-07	1.0080678274025887E-07	2.3594762875531012E-07	1.5130271622205580E-12	7.9967847009102246E-07	9.9999712408531838E-01	0.0000000000000000E+00	0.0000000000000000E+00	0.0000000000000000E+00	0.0000000000000000E+00	
1.0825785680731648E-04	3.3916195806411081E-01	5.1232749834239977E-02	5.4547309953080626E-08	1.3579596255601206E-03	4.8396603367499669E-09	1.2049009725176113E-02	5.5595256361779748E-02	1.3260260617706229E-01	2.3305249126032469E-07	1.5273286752118970E-01	0.0000000000000000E+00	0.0000000000000000E+00	0.0000000000000000E+00	
2.6219010304765988E-01	1.9313930801141608E-02	8.1101174482444598E-04	2.2863809352959379E-04	2.1024565695939329E-01	2.2016887943528948E-04	2.8266826524640467E-04	4.8997550583562113E-08	3.7009882479586149E-02	2.4383606595410723E-06	9.7807830041511725E-08	4.1968033996186088E-01	0.0000000000000000E+00	0.0000000000000000E+00	
1.0643019213935988E-01	8.4522952526885242E-02	8.0700553736524683E-02	2.3689546709435056E-03	8.4630810826778952E-02	4.2110580278861562E-03	1.1209916990900079E-01	2.7079109554290055E-02	3.2392728533143250E-01	8.1021844880698989E-03	7.7743778349340820E-02	3.1652847523199989E-08	4.9427844023338621E-02	0.0000000000000000E+00	

beta_opt
0.0000000000000000E+00	0.0000000000000000E+00	0.0000000000000000E+00	0.0000000000000000E+00	0.0000000000000000E+00	0.0000000000000000E+00	0.0000000000000000E+00	0.0000000000000000E+00	0.0000000000000000E+00	0.0000000000000000E+00	0.0000000000000000E+00	0.0000000000000000E+00	0.0000000000000000E+00	0.0000000000000000E+00	
3.1037299199593904E-01	0.0000000000000000E+00	0.0000000000000000E+00	0.0000000000000000E+00	0.0000000000000000E+00	0.0000000000000000E+00	0.0000000000000000E+00	0.0000000000000000E+00	0.0000000000000000E+00	0.0000000000000000E+00	0.0000000000000000E+00	0.0000000000000000E+00	0.0000000000000000E+00	0.0000000000000000E+00	
3.1617236512238023E-07	2.0720588100110565E-01	0.0000000000000000E+00	0.0000000000000000E+00	0.0000000000000000E+00	0.0000000000000000E+00	0.0000000000000000E+00	0.0000000000000000E+00	0.0000000000000000E+00	0.0000000000000000E+00	0.0000000000000000E+00	0.0000000000000000E+00	0.0000000000000000E+00	0.0000000000000000E+00	
9.6450820546527191E-02	1.9059876942006948E-07	1.8710272260838234E-01	0.0000000000000000E+00	0.0000000000000000E+00	0.0000000000000000E+00	0.0000000000000000E+00	0.0000000000000000E+00	0.0000000000000000E+00	0.0000000000000000E+00	0.0000000000000000E+00	0.0000000000000000E+00	0.0000000000000000E+00	0.0000000000000000E+00	
1.4717578192586585E-07	7.0685849546952747E-07	2.8549660521792752E-07	3.1037228513548920E-01	0.0000000000000000E+00	0.0000000000000000E+00	0.0000000000000000E+00	0.0000000000000000E+00	0.0000000000000000E+00	0.0000000000000000E+00	0.0000000000000000E+00	0.0000000000000000E+00	0.0000000000000000E+00	0.0000000000000000E+00	
9.4829641105473178E-02	7.6538335690685036E-02	6.8589935692783053E-07	2.1210432921137112E-07	1.3900444609032026E-01	0.0000000000000000E+00	0.0000000000000000E+00	0.0000000000000000E+00	0.0000000000000000E+00	0.0000000000000000E+00	0.0000000000000000E+00	0.0000000000000000E+00	0.0000000000000000E+00	0.0000000000000000E+00	
1.4524348378121881E-04	4.5857852291673392E-05	2.1017083315366669E-07	2.2848279212856612E-01	5.5832208328832067E-08	8.1699275774718111E-02	0.0000000000000000E+00	0.0000000000000000E+00	0.0000000000000000E+00	0.0000000000000000E+00	0.0000000000000000E+00	0.0000000000000000E+00	0.0000000000000000E+00	0.0000000000000000E+00	
2.3676230244586791E-02	2.2309816670406032E-02	3.4143402201930298E-06	3.2415276029318374E-05	3.5987438857867248E-04	8.8753374587191569E-08	2.2096768231827169E-01	0.0000000000000000E+00	0.0000000000000000E+00	0.0000000000000000E+00	0.0000000000000000E+00	0.0000000000000000E+00	0.0000000000000000E+00	0.0000000000000000E+00	
1.0573630651461441E-06	6.6695278348658432E-02	1.0098481107661827E-01	5.9719452754205218E-02	6.0027099652443785E-03	-2.9944765024159910E-16	7.9977206163261982E-08	7.3620635288190323E-02	0.0000000000000000E+00	0.0000000000000000E+00	0.0000000000000000E+00	0.0000000000000000E+00	0.0000000000000000E+00	0.0000000000000000E+00	
6.2420216117685761E-05	6.1062563228020394E-08	1.0189590038014833E-06	5.0050116113612431E-03	7.4147847454715893E-02	2.0504684707610393E-02	4.7993116980065691E-02	5.8873006310300457E-08	1.6265924229036546E-01	0.0000000000000000E+00	0.0000000000000000E+00	0.0000000000000000E+00	0.0000000000000000E+00	0.0000000000000000E+00	
4.1910815247440607E-07	9.3182894338306025E-14	1.5547906638640334E-12	7.6370623095668426E-09	1.1314101762436149E-07	3.1287750514090860E-08	7.3231883234571682E-08	4.6960348387047559E-13	2.4819897812000669E-07	3.1037257298257720E-01	0.0000000000000000E+00	0.0000000000000000E+00	0.0000000000000000E+00	0.0000000000000000E+00	
3.3600366194652675E-05	1.0526687232071062E-01	1.5901286117767970E-02	1.6930037628759553E-08	4.2147463511664279E-04	1.5021021509964427E-09	3.7396929053327369E-03	1.7255292387380286E-02	4.1156330425465126E-02	7.2333309376892974E-08	4.7404229402078057E-02	0.0000000000000000E+00	0.0000000000000000E+00	0.0000000000000000E+00	
8.1376850926349581E-02	5.9945316369193133E-03	2.5171652587550501E-04	7.0963197454712579E-05	6.5254673175771813E-02	6.8334578125438120E-05	8.7732729096891903E-05	1.5207539580050500E-08	1.1486885486274573E-02	7.5680244826052858E-07	3.0356955171839672E-08	1.3025764155402922E-01	0.0000000000000000E+00	0.0000000000000000E+00	
3.3033107577722251E-02	2.6233681697683947E-02	2.5047310538252012E-02	7.3526067104678905E-04	2.6267158052014621E-02	1.3070006739163906E-03	3.4792607854439411E-02	8.4046370774612592E-03	1.0053843414753698E-01	2.5147030784132829E-03	2.4129605914359999E-02	9.8242039815732429E-09	1.5341091246174656E-02	0.0000000000000000E+00	

==============================================================

