#stage		 order
9	 		2


A
0.0000000000000000E+00	0.0000000000000000E+00	0.0000000000000000E+00	0.0000000000000000E+00	0.0000000000000000E+00	0.0000000000000000E+00	0.0000000000000000E+00	0.0000000000000000E+00	0.0000000000000000E+00	
4.4817648414555028E-01	0.0000000000000000E+00	0.0000000000000000E+00	0.0000000000000000E+00	0.0000000000000000E+00	0.0000000000000000E+00	0.0000000000000000E+00	0.0000000000000000E+00	0.0000000000000000E+00	
2.6511761189056382E-01	2.6511761189056382E-01	0.0000000000000000E+00	0.0000000000000000E+00	0.0000000000000000E+00	0.0000000000000000E+00	0.0000000000000000E+00	0.0000000000000000E+00	0.0000000000000000E+00	
3.5601406434387456E-01	1.2510251335453099E-01	2.1148351553554792E-01	0.0000000000000000E+00	0.0000000000000000E+00	0.0000000000000000E+00	0.0000000000000000E+00	0.0000000000000000E+00	0.0000000000000000E+00	
4.1926324516275554E-01	1.8031713571304328E-01	6.6346703543114241E-02	1.4060212803490091E-01	0.0000000000000000E+00	0.0000000000000000E+00	0.0000000000000000E+00	0.0000000000000000E+00	0.0000000000000000E+00	
1.0010942814245952E-01	4.8701423492602890E-02	2.2174204951670204E-02	3.0213793992088948E-02	9.6308015769940122E-02	0.0000000000000000E+00	0.0000000000000000E+00	0.0000000000000000E+00	0.0000000000000000E+00	
8.0317021847029893E-02	6.9683777437433800E-02	7.4833945326410875E-03	1.3799294637027679E-02	6.5511203251628963E-03	3.0486123621938123E-02	0.0000000000000000E+00	0.0000000000000000E+00	0.0000000000000000E+00	
1.1176005673946035E-01	6.7614759638219363E-02	8.8602947614761472E-03	1.6870772671775572E-02	1.5396082326923794E-02	2.7731833466846937E-02	4.0768566631204972E-01	0.0000000000000000E+00	0.0000000000000000E+00	
9.2680202054307270E-02	5.2042612330257275E-02	1.2181704276333156E-02	1.9118750316074209E-02	4.0788640137912301E-02	1.6671371168728030E-01	2.1407380534884202E-01	2.3533534131039713E-01	0.0000000000000000E+00	

b
1.3322712504428746E-01	
3.9748814370213978E-02	
9.7167170154503369E-03	
1.5040200189797929E-02	
3.3341363554014264E-02	
1.3914039304315337E-01	
1.5586528167938929E-01	
1.6317223131295355E-01	
3.1074787379073987E-01	

c
0.0000000000000000E+00	
4.4817648414555028E-01	
5.3023522378112764E-01	
6.9260009323395344E-01	
8.0652921245381393E-01	
2.9750686634876167E-01	
2.0832073240123350E-01	
6.5591946591675188E-01	
8.3293476746140371E-01	

r
2.2312638779040421E+00	

errcoeff
6.1478465100467221E-03	

v_opt
1.0000000000000000E+00	
3.7526426410749991E-11	
4.0845264919240176E-01	
1.2899868326621045E-02	
7.2011491214496459E-09	
7.5555099513316903E-01	
7.6217970351130448E-01	
2.0019592257802810E-03	
1.3539186725765817E-01	
9.9206695133286615E-02	

alpha_opt
0.0000000000000000E+00	0.0000000000000000E+00	0.0000000000000000E+00	0.0000000000000000E+00	0.0000000000000000E+00	0.0000000000000000E+00	0.0000000000000000E+00	0.0000000000000000E+00	0.0000000000000000E+00	0.0000000000000000E+00	
9.9999999996247357E-01	0.0000000000000000E+00	0.0000000000000000E+00	0.0000000000000000E+00	0.0000000000000000E+00	0.0000000000000000E+00	0.0000000000000000E+00	0.0000000000000000E+00	0.0000000000000000E+00	0.0000000000000000E+00	
2.2198689399925274E-11	5.9154735078539955E-01	0.0000000000000000E+00	0.0000000000000000E+00	0.0000000000000000E+00	0.0000000000000000E+00	0.0000000000000000E+00	0.0000000000000000E+00	0.0000000000000000E+00	0.0000000000000000E+00	
5.1522460269398518E-01	1.0475152096120945E-11	4.7187552896891860E-01	0.0000000000000000E+00	0.0000000000000000E+00	0.0000000000000000E+00	0.0000000000000000E+00	0.0000000000000000E+00	0.0000000000000000E+00	0.0000000000000000E+00	
3.7151532885864880E-01	3.1476421450570591E-01	5.5553079811897317E-12	3.1372044942894084E-01	0.0000000000000000E+00	0.0000000000000000E+00	0.0000000000000000E+00	0.0000000000000000E+00	0.0000000000000000E+00	0.0000000000000000E+00	
1.3657676698767684E-04	1.1758792683588893E-02	1.7665038681708312E-02	2.5298333012062351E-12	2.1488859673201624E-01	0.0000000000000000E+00	0.0000000000000000E+00	0.0000000000000000E+00	0.0000000000000000E+00	0.0000000000000000E+00	
2.4220436265328799E-03	1.4020471666063522E-01	9.6682119351321346E-04	2.6204128595070708E-02	5.4853541605649746E-13	6.8022586412395031E-02	0.0000000000000000E+00	0.0000000000000000E+00	0.0000000000000000E+00	0.0000000000000000E+00	
6.4130895728820331E-02	9.3252934358561450E-05	3.4243049191294217E-05	3.0292958828201425E-03	2.1056052429525990E-02	2.3220503654026474E-12	9.0965430074718134E-01	0.0000000000000000E+00	0.0000000000000000E+00	0.0000000000000000E+00	
5.7680472956992929E-09	2.8967512682562497E-06	2.2572959384437655E-13	4.2288707337183909E-09	1.9035564066020498E-05	3.3949094417153597E-01	1.7924775323496775E-11	5.2509524624040305E-01	0.0000000000000000E+00	0.0000000000000000E+00	
1.3941272036578828E-01	2.1440485415561690E-06	1.2077378727964922E-05	3.8388079574225936E-06	3.1807026337186751E-09	5.1412658166559551E-02	1.6589357006030449E-02	1.3662751809617894E-11	6.9336050589874276E-01	0.0000000000000000E+00	

beta_opt
0.0000000000000000E+00	0.0000000000000000E+00	0.0000000000000000E+00	0.0000000000000000E+00	0.0000000000000000E+00	0.0000000000000000E+00	0.0000000000000000E+00	0.0000000000000000E+00	0.0000000000000000E+00	0.0000000000000000E+00	
4.4817648414555028E-01	0.0000000000000000E+00	0.0000000000000000E+00	0.0000000000000000E+00	0.0000000000000000E+00	0.0000000000000000E+00	0.0000000000000000E+00	0.0000000000000000E+00	0.0000000000000000E+00	0.0000000000000000E+00	
9.9489305682709528E-12	2.6511761189056382E-01	0.0000000000000000E+00	0.0000000000000000E+00	0.0000000000000000E+00	0.0000000000000000E+00	0.0000000000000000E+00	0.0000000000000000E+00	0.0000000000000000E+00	0.0000000000000000E+00	
2.3091155098934357E-01	4.6947168375055526E-12	2.1148351553554792E-01	0.0000000000000000E+00	0.0000000000000000E+00	0.0000000000000000E+00	0.0000000000000000E+00	0.0000000000000000E+00	0.0000000000000000E+00	0.0000000000000000E+00	
1.6650443390029543E-01	1.4106991899729693E-01	2.4897583994487604E-12	1.4060212803490091E-01	0.0000000000000000E+00	0.0000000000000000E+00	0.0000000000000000E+00	0.0000000000000000E+00	0.0000000000000000E+00	0.0000000000000000E+00	
6.1210495246800077E-05	5.2700143629250545E-03	7.9170549289602765E-03	1.1338117944514892E-12	9.6308015769940122E-02	0.0000000000000000E+00	0.0000000000000000E+00	0.0000000000000000E+00	0.0000000000000000E+00	0.0000000000000000E+00	
1.0855029970273794E-03	6.2836456975944574E-02	4.3330652332241714E-04	1.1744074224277382E-02	2.4584067420674316E-13	3.0486123621938123E-02	0.0000000000000000E+00	0.0000000000000000E+00	0.0000000000000000E+00	0.0000000000000000E+00	
2.8741959373926165E-02	4.1793772258644224E-05	1.5346929393553286E-05	1.3576591782498704E-03	9.4368275482034601E-03	1.0406883688141022E-12	4.0768566631204972E-01	0.0000000000000000E+00	0.0000000000000000E+00	0.0000000000000000E+00	
2.5851031574687679E-09	1.2982557988999686E-06	1.0116669574057215E-13	1.8952804174150452E-09	8.5312921771565908E-06	1.5215185776376200E-01	8.0334627838851702E-12	2.3533534131039713E-01	0.0000000000000000E+00	0.0000000000000000E+00	
6.2481502861050447E-02	9.6091213722809821E-07	5.4127971361966995E-06	1.7204634537321822E-06	1.4255161235460223E-09	2.3041944378530355E-02	7.4349596974770870E-03	6.1233240700175884E-12	3.1074787379073987E-01	0.0000000000000000E+00	

==============================================================

