#stage		 order
7	 		3


A
0.0000000000000000E+00	0.0000000000000000E+00	0.0000000000000000E+00	0.0000000000000000E+00	0.0000000000000000E+00	0.0000000000000000E+00	0.0000000000000000E+00	
5.8307648602085382E-01	0.0000000000000000E+00	0.0000000000000000E+00	0.0000000000000000E+00	0.0000000000000000E+00	0.0000000000000000E+00	0.0000000000000000E+00	
1.2077074287300089E-01	1.2077074287300091E-01	0.0000000000000000E+00	0.0000000000000000E+00	0.0000000000000000E+00	0.0000000000000000E+00	0.0000000000000000E+00	
3.5768125810179480E-01	4.2985836871902550E-02	2.0753396158448090E-01	0.0000000000000000E+00	0.0000000000000000E+00	0.0000000000000000E+00	0.0000000000000000E+00	
7.3654150374517210E-02	1.5048571031250249E-02	3.8335430652731900E-02	1.0770520653311005E-01	0.0000000000000000E+00	0.0000000000000000E+00	0.0000000000000000E+00	
1.0153462343091746E-01	3.8922697284885802E-02	1.3589641795116567E-01	6.0594979679500713E-02	3.2803899606438180E-01	0.0000000000000000E+00	0.0000000000000000E+00	
8.1009647438967991E-02	3.2607737650785000E-02	1.2401507451055888E-01	3.7485592689831967E-02	2.0106115166836602E-01	3.5737833366337990E-01	0.0000000000000000E+00	

b
8.1419501491620888E-02	
3.7206504239035272E-02	
8.3874953465911950E-02	
5.4443565534128859E-02	
2.7460593895704399E-01	
1.7801356448879574E-01	
2.9043597182346337E-01	

c
0.0000000000000000E+00	
5.8307648602085382E-01	
2.4154148574600182E-01	
6.0820105655817824E-01	
2.3474335859160941E-01	
6.6498771441085158E-01	
8.3355753762188978E-01	

r
1.7150408633769443E+00	

errcoeff
1.0651558297144925E-02	

v_opt
1.0000000000000000E+00	
4.9817150404862787E-11	
7.9287324087241362E-01	
1.0435526845817455E-01	
8.0227483697674407E-01	
1.7886571372214033E-01	
2.9944227945604351E-01	
1.5496172462020907E-01	

alpha_opt
0.0000000000000000E+00	0.0000000000000000E+00	0.0000000000000000E+00	0.0000000000000000E+00	0.0000000000000000E+00	0.0000000000000000E+00	0.0000000000000000E+00	0.0000000000000000E+00	
9.9999999995018285E-01	0.0000000000000000E+00	0.0000000000000000E+00	0.0000000000000000E+00	0.0000000000000000E+00	0.0000000000000000E+00	0.0000000000000000E+00	0.0000000000000000E+00	
1.0318435903805081E-11	2.0712675911726797E-01	0.0000000000000000E+00	0.0000000000000000E+00	0.0000000000000000E+00	0.0000000000000000E+00	0.0000000000000000E+00	0.0000000000000000E+00	
5.3971550689999848E-01	3.6726448683839610E-12	3.5592922463815435E-01	0.0000000000000000E+00	0.0000000000000000E+00	0.0000000000000000E+00	0.0000000000000000E+00	0.0000000000000000E+00	
8.1534621136113920E-04	1.2190986415084508E-02	3.2753233225620573E-12	1.8471883039353501E-01	0.0000000000000000E+00	0.0000000000000000E+00	0.0000000000000000E+00	0.0000000000000000E+00	
5.0834515419123073E-02	1.1620763101007422E-02	1.9607872474901569E-01	5.1771400847089560E-12	5.6260028300353626E-01	0.0000000000000000E+00	0.0000000000000000E+00	0.0000000000000000E+00	
1.6874741997930379E-02	5.4324684949897490E-04	6.9628204227718593E-02	5.9308156390728704E-04	1.7178352394462476E-11	6.1291844588772293E-01	0.0000000000000000E+00	0.0000000000000000E+00	
1.1230025688572184E-03	2.4455810065744311E-02	1.6069400409540545E-02	6.0822645646117059E-03	2.9919823790880801E-01	1.5209107475289582E-11	4.9810955984702010E-01	0.0000000000000000E+00	

beta_opt
0.0000000000000000E+00	0.0000000000000000E+00	0.0000000000000000E+00	0.0000000000000000E+00	0.0000000000000000E+00	0.0000000000000000E+00	0.0000000000000000E+00	0.0000000000000000E+00	
5.8307648602085382E-01	0.0000000000000000E+00	0.0000000000000000E+00	0.0000000000000000E+00	0.0000000000000000E+00	0.0000000000000000E+00	0.0000000000000000E+00	0.0000000000000000E+00	
6.0164373483218014E-12	1.2077074287300091E-01	0.0000000000000000E+00	0.0000000000000000E+00	0.0000000000000000E+00	0.0000000000000000E+00	0.0000000000000000E+00	0.0000000000000000E+00	
3.1469542122989225E-01	2.1414328643665215E-12	2.0753396158448090E-01	0.0000000000000000E+00	0.0000000000000000E+00	0.0000000000000000E+00	0.0000000000000000E+00	0.0000000000000000E+00	
4.7540920383455296E-04	7.1082775203895549E-03	1.9097640135967708E-12	1.0770520653311005E-01	0.0000000000000000E+00	0.0000000000000000E+00	0.0000000000000000E+00	0.0000000000000000E+00	
2.9640410620631795E-02	6.7757937141537591E-03	1.1432889381580183E-01	3.0186686483801850E-12	3.2803899606438180E-01	0.0000000000000000E+00	0.0000000000000000E+00	0.0000000000000000E+00	
9.8392652671519323E-03	3.1675446406354175E-04	4.0598568651063024E-02	3.4581191422404072E-04	1.0016293350290084E-11	3.5737833366337990E-01	0.0000000000000000E+00	0.0000000000000000E+00	
6.5479639167427897E-04	1.4259607796637992E-02	9.3696895237237419E-03	3.5464254495596245E-03	1.7445545719219008E-01	8.8680729426471316E-12	2.9043597182346337E-01	0.0000000000000000E+00	

==============================================================

