#stage		 order
10	 		2


A
0.0000000000000000E+00	0.0000000000000000E+00	0.0000000000000000E+00	0.0000000000000000E+00	0.0000000000000000E+00	0.0000000000000000E+00	0.0000000000000000E+00	0.0000000000000000E+00	0.0000000000000000E+00	0.0000000000000000E+00	
9.3508426174217452E-02	0.0000000000000000E+00	0.0000000000000000E+00	0.0000000000000000E+00	0.0000000000000000E+00	0.0000000000000000E+00	0.0000000000000000E+00	0.0000000000000000E+00	0.0000000000000000E+00	0.0000000000000000E+00	
-1.0032047970747292E-01	-2.9331908920364219E-01	0.0000000000000000E+00	0.0000000000000000E+00	0.0000000000000000E+00	0.0000000000000000E+00	0.0000000000000000E+00	0.0000000000000000E+00	0.0000000000000000E+00	0.0000000000000000E+00	
1.5438512012906538E-01	1.4254382093318674E-03	-3.1170505972164392E-02	0.0000000000000000E+00	0.0000000000000000E+00	0.0000000000000000E+00	0.0000000000000000E+00	0.0000000000000000E+00	0.0000000000000000E+00	0.0000000000000000E+00	
-2.1665334088987298E-01	-2.6361020465899493E-01	-8.1616737036567001E-03	1.7018861833714879E-01	0.0000000000000000E+00	0.0000000000000000E+00	0.0000000000000000E+00	0.0000000000000000E+00	0.0000000000000000E+00	0.0000000000000000E+00	
-8.1986005239508122E-02	-8.7829752661531937E-02	1.8954882361686032E-01	-2.1871917777811134E-01	-1.2412300185818252E-01	0.0000000000000000E+00	0.0000000000000000E+00	0.0000000000000000E+00	0.0000000000000000E+00	0.0000000000000000E+00	
1.0258767641287521E-01	-4.0104909909864615E-02	-4.5106368138238387E-02	3.9207171976657851E-01	-1.7099305567466200E-01	-3.4182509488716356E-01	0.0000000000000000E+00	0.0000000000000000E+00	0.0000000000000000E+00	0.0000000000000000E+00	
3.1887044376919710E-01	-4.2012607173847594E-01	3.1032462765456770E-01	-5.2665422091667446E-01	-4.3997786785209009E-01	2.5536376956421752E-01	2.1735673279452086E-01	0.0000000000000000E+00	0.0000000000000000E+00	0.0000000000000000E+00	
2.7450774298931852E-01	4.6739050156859863E-01	-3.1984991729113710E-01	-2.1508497823536646E-01	-1.5925301286865607E-02	3.2731773640928985E-01	-1.3549402195320662E-01	1.1955397012602838E-01	0.0000000000000000E+00	0.0000000000000000E+00	
2.0244996963721648E-01	2.3220986740530392E-01	-8.1575257544555024E-02	2.4123266469407578E-01	-3.8946785821455421E-01	-2.1366783333783665E-01	4.2011957512850917E-01	2.9970706294627736E-01	1.1039519121984326E-01	0.0000000000000000E+00	

b
-4.3872081656981844E-02	
2.6861847807132655E-01	
-4.1157823090676043E-01	
-3.0241568025379073E-01	
7.4005824416543617E-02	
-1.4359523926711701E-01	
5.1317168962737636E-01	
3.7770197570260966E-01	
1.8909551258137214E-01	
4.7886775168542162E-01	

c
0.0000000000000000E+00	
9.3508426174217452E-02	
-3.9363956891111512E-01	
1.2464005236623286E-01	
-3.1823660091537581E-01	
-3.2310911392047359E-01	
-1.0337003243047480E-01	
-2.8484258672473728E-01	
5.0241573232665970E-01	
8.2140338193428009E-01	

r
0.0000000000000000E+00	

errcoeff
3.0366038562295817E-03	

==============================================================

