#stage		 order
8	 		2


A
0.0000000000000000E+00	0.0000000000000000E+00	0.0000000000000000E+00	0.0000000000000000E+00	0.0000000000000000E+00	0.0000000000000000E+00	0.0000000000000000E+00	0.0000000000000000E+00	
-2.7877179601197882E-01	0.0000000000000000E+00	0.0000000000000000E+00	0.0000000000000000E+00	0.0000000000000000E+00	0.0000000000000000E+00	0.0000000000000000E+00	0.0000000000000000E+00	
-1.7594355296290951E-01	2.8510281808323767E-03	0.0000000000000000E+00	0.0000000000000000E+00	0.0000000000000000E+00	0.0000000000000000E+00	0.0000000000000000E+00	0.0000000000000000E+00	
-1.5819720214032193E-01	2.0331190219354042E-01	-3.6585071520819562E-01	0.0000000000000000E+00	0.0000000000000000E+00	0.0000000000000000E+00	0.0000000000000000E+00	0.0000000000000000E+00	
-4.0164569401031402E-01	3.2496763320706362E-01	1.2950300141683418E-01	-2.8042058670451286E-01	0.0000000000000000E+00	0.0000000000000000E+00	0.0000000000000000E+00	0.0000000000000000E+00	
-4.8929065510057068E-01	1.1846340094613666E-02	-5.3478726825440503E-01	3.9063595117287374E-02	1.1550016307104343E+00	0.0000000000000000E+00	0.0000000000000000E+00	0.0000000000000000E+00	
4.0601463040927682E-01	-3.9633516970259558E-01	2.4352208201939979E-01	1.0879541900450196E-01	-3.6428533650251882E-01	-4.5663340952706633E-02	0.0000000000000000E+00	0.0000000000000000E+00	
4.1333898868579749E-01	2.0357246730164733E-02	1.0017105006832167E-02	-2.9636079986285924E-01	-1.7706876296218224E-01	1.2231927904643745E-01	4.7962770453038422E-01	0.0000000000000000E+00	

b
-2.4814254984094627E-01	
1.4846657421378884E-01	
1.9897633109436232E-02	
-1.9158589373174595E-01	
2.7544770949064207E-01	
-1.4510505285010067E-01	
1.2974897117394210E-01	
1.0112726084349837E+00	

c
0.0000000000000000E+00	
-2.7877179601197882E-01	
-1.7309252478207712E-01	
-3.2073601515497713E-01	
-2.2759564609092917E-01	
1.8183364256735940E-01	
-4.7951715724642491E-02	
5.7223076117457461E-01	

r
0.0000000000000000E+00	

errcoeff
4.6601890198621218E-03	

==============================================================

