#stage		 order
5	 		3


A
0.0000000000000000E+00	0.0000000000000000E+00	0.0000000000000000E+00	0.0000000000000000E+00	0.0000000000000000E+00	
-2.5768139474177271E-01	0.0000000000000000E+00	0.0000000000000000E+00	0.0000000000000000E+00	0.0000000000000000E+00	
9.7575245792202603E-01	-5.4520766771044338E-01	0.0000000000000000E+00	0.0000000000000000E+00	0.0000000000000000E+00	
2.8558542072581583E-01	-3.8069913025063068E-01	-6.6210381812529542E-02	0.0000000000000000E+00	0.0000000000000000E+00	
6.3157470940479932E-01	-3.0962266563956911E-02	3.9014071458257266E-01	-3.3910832832985849E-01	0.0000000000000000E+00	

b
6.6752634706448755E-01	
-1.8378383925702463E-01	
-5.2975190338616562E-01	
1.1099658457108441E-03	
1.0448994297329919E+00	

c
0.0000000000000000E+00	
-2.5768139474177271E-01	
4.3054479021158265E-01	
-1.6132409133734441E-01	
6.5164482909355659E-01	

r
0.0000000000000000E+00	

errcoeff
9.0642105287543229E-03	

==============================================================

