#stage		 order
12	 		3


A
0.0000000000000000E+00	0.0000000000000000E+00	0.0000000000000000E+00	0.0000000000000000E+00	0.0000000000000000E+00	0.0000000000000000E+00	0.0000000000000000E+00	0.0000000000000000E+00	0.0000000000000000E+00	0.0000000000000000E+00	0.0000000000000000E+00	0.0000000000000000E+00	
-5.4392022995810065E-02	0.0000000000000000E+00	0.0000000000000000E+00	0.0000000000000000E+00	0.0000000000000000E+00	0.0000000000000000E+00	0.0000000000000000E+00	0.0000000000000000E+00	0.0000000000000000E+00	0.0000000000000000E+00	0.0000000000000000E+00	0.0000000000000000E+00	
-8.0211602796441989E-02	9.3728238066567836E-03	0.0000000000000000E+00	0.0000000000000000E+00	0.0000000000000000E+00	0.0000000000000000E+00	0.0000000000000000E+00	0.0000000000000000E+00	0.0000000000000000E+00	0.0000000000000000E+00	0.0000000000000000E+00	0.0000000000000000E+00	
-7.5305957352163527E-02	2.7415686934381800E-01	-2.4386651335201889E-01	0.0000000000000000E+00	0.0000000000000000E+00	0.0000000000000000E+00	0.0000000000000000E+00	0.0000000000000000E+00	0.0000000000000000E+00	0.0000000000000000E+00	0.0000000000000000E+00	0.0000000000000000E+00	
-2.5788432839797659E-01	-1.2743093566358474E-01	3.0321373972668580E-01	-1.4044609955974877E-01	0.0000000000000000E+00	0.0000000000000000E+00	0.0000000000000000E+00	0.0000000000000000E+00	0.0000000000000000E+00	0.0000000000000000E+00	0.0000000000000000E+00	0.0000000000000000E+00	
-1.0838704435483948E-01	3.1276215668702707E-02	-1.7247165091596939E-01	-3.1164596841274705E-02	1.3688687750015299E-01	0.0000000000000000E+00	0.0000000000000000E+00	0.0000000000000000E+00	0.0000000000000000E+00	0.0000000000000000E+00	0.0000000000000000E+00	0.0000000000000000E+00	
-3.2760034418141959E-01	-1.3788343254569324E-01	1.5368195378321542E-01	1.1952744024795883E-01	-7.7380850222541736E-02	1.2922610879675689E-01	0.0000000000000000E+00	0.0000000000000000E+00	0.0000000000000000E+00	0.0000000000000000E+00	0.0000000000000000E+00	0.0000000000000000E+00	
2.9022543126703143E-01	1.8571843681162581E-01	1.4631563490188967E-01	-2.6683756964468580E-01	1.8274047545163280E-01	-3.4929010815935096E-01	-1.3200102187746418E-01	0.0000000000000000E+00	0.0000000000000000E+00	0.0000000000000000E+00	0.0000000000000000E+00	0.0000000000000000E+00	
4.4509361430953069E-02	-2.7800680728616312E-01	4.1473812033035234E-01	3.5840510192773217E-01	-2.8617154328196343E-01	-3.2405936680854330E-01	-2.9764637648268399E-01	3.9616579171770805E-01	0.0000000000000000E+00	0.0000000000000000E+00	0.0000000000000000E+00	0.0000000000000000E+00	
3.8263216347431489E-01	1.2764820031518698E-01	-2.2469114221945377E-01	2.9564037480726119E-01	-2.5121091825588426E-01	3.1469686697315580E-01	-5.1300538073142765E-01	2.1169709964195380E-01	3.6448273334621736E-02	0.0000000000000000E+00	0.0000000000000000E+00	0.0000000000000000E+00	
-2.5231765378588944E-01	-2.3109317928529813E-01	4.8897116645071470E-01	4.2303292248140106E-01	2.2160313668246603E-01	-1.4186475039231811E-01	7.0493164906500552E-02	-1.7708766251047250E-01	-5.3403769956621827E-02	1.4503396517975148E-01	0.0000000000000000E+00	0.0000000000000000E+00	
-1.4841828141321559E-01	-2.0268938295706479E-01	-2.2854932429030003E-01	3.8911838655672781E-01	1.6673505204303562E-02	1.8745143484172583E-01	-8.5961550225080827E-02	-3.5716444160502514E-01	5.7492386224536662E-01	9.4894546114218742E-02	4.8379733513715856E-01	0.0000000000000000E+00	

b
1.1987038194039429E-01	
2.5643328705314788E-01	
3.7411578569875292E-01	
-1.5900169886459345E-01	
-4.3306281835655069E-01	
1.4594969688834687E-02	
3.2323179833296933E-01	
-1.7060512334482766E-01	
-5.8226270573939649E-02	
1.1742337417694729E-01	
-2.4534933281854417E-02	
6.3976124753071961E-01	

c
0.0000000000000000E+00	
-5.4392022995810065E-02	
-7.0838778989785217E-02	
-4.5015601360364414E-02	
-2.2254762389462429E-01	
-1.4386019894322788E-01	
-1.4042912412172345E-01	
5.6871278750678780E-02	
2.7934281547391780E-02	
3.7985553733972877E-01	
4.9336733977023378E-01	
7.2407608960881487E-01	

r
0.0000000000000000E+00	

errcoeff
1.0509642657732215E-03	

==============================================================

