#stage		 order
14	 		4


A
0.0000000000000000E+00	0.0000000000000000E+00	0.0000000000000000E+00	0.0000000000000000E+00	0.0000000000000000E+00	0.0000000000000000E+00	0.0000000000000000E+00	0.0000000000000000E+00	0.0000000000000000E+00	0.0000000000000000E+00	0.0000000000000000E+00	0.0000000000000000E+00	0.0000000000000000E+00	0.0000000000000000E+00	
-1.2334805755007111E-02	0.0000000000000000E+00	0.0000000000000000E+00	0.0000000000000000E+00	0.0000000000000000E+00	0.0000000000000000E+00	0.0000000000000000E+00	0.0000000000000000E+00	0.0000000000000000E+00	0.0000000000000000E+00	0.0000000000000000E+00	0.0000000000000000E+00	0.0000000000000000E+00	0.0000000000000000E+00	
2.2281375139223508E-01	-1.5797987738970420E-01	0.0000000000000000E+00	0.0000000000000000E+00	0.0000000000000000E+00	0.0000000000000000E+00	0.0000000000000000E+00	0.0000000000000000E+00	0.0000000000000000E+00	0.0000000000000000E+00	0.0000000000000000E+00	0.0000000000000000E+00	0.0000000000000000E+00	0.0000000000000000E+00	
3.7950772254863380E-01	-5.0893816099596711E-01	9.7098224068173380E-02	0.0000000000000000E+00	0.0000000000000000E+00	0.0000000000000000E+00	0.0000000000000000E+00	0.0000000000000000E+00	0.0000000000000000E+00	0.0000000000000000E+00	0.0000000000000000E+00	0.0000000000000000E+00	0.0000000000000000E+00	0.0000000000000000E+00	
-1.6017993548923326E-01	-1.3516859074374640E-01	-1.4674627066832879E-01	2.8121223695602526E-01	0.0000000000000000E+00	0.0000000000000000E+00	0.0000000000000000E+00	0.0000000000000000E+00	0.0000000000000000E+00	0.0000000000000000E+00	0.0000000000000000E+00	0.0000000000000000E+00	0.0000000000000000E+00	0.0000000000000000E+00	
-1.6583397186091967E-01	2.6229340300718890E-01	-1.2252846361422515E-01	-5.9037688347955364E-02	-4.1206948131010890E-02	0.0000000000000000E+00	0.0000000000000000E+00	0.0000000000000000E+00	0.0000000000000000E+00	0.0000000000000000E+00	0.0000000000000000E+00	0.0000000000000000E+00	0.0000000000000000E+00	0.0000000000000000E+00	
1.7389316472901634E-01	-4.7945438343598806E-01	2.5997931456319745E-01	3.0037569284203758E-01	1.2435107239569357E-01	-2.9087938273847730E-01	0.0000000000000000E+00	0.0000000000000000E+00	0.0000000000000000E+00	0.0000000000000000E+00	0.0000000000000000E+00	0.0000000000000000E+00	0.0000000000000000E+00	0.0000000000000000E+00	
-8.0304652986043890E-02	-1.5558532741926231E-01	4.2871065007921361E-01	-7.8557915716802512E-02	2.2125240473722349E-01	-1.7370672867689330E-01	7.8380794659374982E-03	0.0000000000000000E+00	0.0000000000000000E+00	0.0000000000000000E+00	0.0000000000000000E+00	0.0000000000000000E+00	0.0000000000000000E+00	0.0000000000000000E+00	
-1.9696812673073316E-01	-1.7793953728772521E-01	1.0844657175726272E-01	3.8007777662822934E-01	-4.7876173635329466E-01	5.7927411590700406E-01	-1.5087763255806919E-01	2.9824442062602446E-01	0.0000000000000000E+00	0.0000000000000000E+00	0.0000000000000000E+00	0.0000000000000000E+00	0.0000000000000000E+00	0.0000000000000000E+00	
-3.3195920758810205E-01	3.8674976657123789E-01	-2.4506894108719829E-01	5.1871342913077234E-01	-2.8433097529453266E-01	-1.1847379715555111E-01	-4.2039988188144845E-01	2.7573973920504824E-01	2.9112260063107342E-01	0.0000000000000000E+00	0.0000000000000000E+00	0.0000000000000000E+00	0.0000000000000000E+00	0.0000000000000000E+00	
3.2165372953413157E-01	-2.4128916046970043E-02	-5.4642915647738532E-01	-3.2408444004176216E-02	-1.2398741162317611E-01	-2.0606080640180713E-01	2.5818251299834910E-01	3.3020798018105540E-01	3.3670253601624417E-01	2.6614782930322864E-02	0.0000000000000000E+00	0.0000000000000000E+00	0.0000000000000000E+00	0.0000000000000000E+00	
4.3611709599883414E-01	-4.2172208609906414E-01	-3.0238741897835786E-01	-2.0949765585115458E-02	-2.0841902231799558E-01	2.2259556500952077E-01	4.0295145582264874E-01	2.7809484631689468E-01	4.3338030093770974E-01	-3.8952767308957031E-01	4.8919525727654861E-01	0.0000000000000000E+00	0.0000000000000000E+00	0.0000000000000000E+00	
8.3342797182578116E-02	-1.3160008608680485E-01	-1.1340879139992957E-01	4.3712681371548040E-01	2.8946124899703551E-01	-2.0863870552383607E-01	-2.3553513620411248E-01	-7.0730024352423206E-03	3.9055602501759989E-01	-2.1145688804517992E-01	1.2304825375815423E-01	2.0850254847403113E-01	0.0000000000000000E+00	0.0000000000000000E+00	
7.7919996281011164E-02	2.5412599717953915E-01	-8.0276623065668642E-02	3.7908468629970166E-01	-2.3663604707444641E-01	2.9809399200508274E-01	-2.5246618720966124E-01	-4.0061973072345913E-01	-7.2170120159675138E-02	-3.0215189017621275E-01	3.4112178950020677E-01	6.7938286702455788E-02	-1.2782060460059874E-01	0.0000000000000000E+00	

b
4.5165267474909138E-01	
3.0892280661027927E-01	
5.0555281140826314E-01	
-4.3288359812579291E-01	
-7.7459455133366453E-02	
2.0492364774962088E-01	
-2.0417962008975135E-01	
-1.9250041679181770E-01	
4.0566994776822002E-01	
-9.2872539315731528E-02	
-2.6611273623994906E-02	
2.1029557076147012E-01	
2.8554917144418895E-01	
-3.4605972741067892E-01	

c
0.0000000000000000E+00	
-1.2334805755007111E-02	
6.4833874002530878E-02	
-3.2332214379159979E-02	
-1.6088255994528319E-01	
-1.2631366894692214E-01	
8.8265478355479585E-02	
1.6964650948337257E-01	
3.6149585198869838E-01	
7.2092732531299303E-02	
3.4034680710658832E-01	
9.1932855529205337E-01	
6.2432507744977417E-01	
-5.3856455041724795E-02	

r
0.0000000000000000E+00	

errcoeff
1.5935086413887466E-04	

==============================================================

