#stage		 order
4	 		2


A
0.0000000000000000E+00	0.0000000000000000E+00	0.0000000000000000E+00	0.0000000000000000E+00	
-3.1046661491216859E-01	0.0000000000000000E+00	0.0000000000000000E+00	0.0000000000000000E+00	
-2.6194032855476113E-01	-2.2421496661737378E-01	0.0000000000000000E+00	0.0000000000000000E+00	
7.9941809692788401E-01	-6.0076923970342144E-01	2.1639223098222837E-01	0.0000000000000000E+00	

b
-7.4948751241962153E-01	
-1.2465214682591702E-01	
3.5125007104927503E-01	
1.5228895881962636E+00	

c
0.0000000000000000E+00	
-3.1046661491216859E-01	
-4.8615529517213490E-01	
4.1504108820669094E-01	

r
0.0000000000000000E+00	

errcoeff
1.8376512721445002E-02	

==============================================================

