#stage		 order
6	 		2


A
0.0000000000000000E+00	0.0000000000000000E+00	0.0000000000000000E+00	0.0000000000000000E+00	0.0000000000000000E+00	0.0000000000000000E+00	
8.9893705444833064E-02	0.0000000000000000E+00	0.0000000000000000E+00	0.0000000000000000E+00	0.0000000000000000E+00	0.0000000000000000E+00	
-1.6188549415936399E-01	1.8117315964588121E-01	0.0000000000000000E+00	0.0000000000000000E+00	0.0000000000000000E+00	0.0000000000000000E+00	
-1.7406656461623846E-01	2.7057157959765810E-01	3.0308746872320652E-01	0.0000000000000000E+00	0.0000000000000000E+00	0.0000000000000000E+00	
3.7452078466119149E-01	2.1998077504612851E-01	-3.7590185871903403E-01	-3.6872448944634351E-01	0.0000000000000000E+00	0.0000000000000000E+00	
1.1017207420958933E-01	-2.7799981396342203E-02	1.7662994350514988E-01	5.7546423527664325E-01	-2.2096556216018812E-01	0.0000000000000000E+00	

b
-1.4904757875921118E-01	
-7.6221550796153448E-02	
-1.3751458551984919E-01	
2.3476840788910711E-01	
3.6188643545497612E-01	
7.6612887173113053E-01	

c
0.0000000000000000E+00	
8.9893705444833064E-02	
1.9287665486517232E-02	
3.9959248370462613E-01	
-1.5012478845805757E-01	
6.1350070943485224E-01	

r
0.0000000000000000E+00	

errcoeff
8.3293228467390384E-03	

==============================================================

