#stage		 order
10	 		3


A
0.0000000000000000E+00	0.0000000000000000E+00	0.0000000000000000E+00	0.0000000000000000E+00	0.0000000000000000E+00	0.0000000000000000E+00	0.0000000000000000E+00	0.0000000000000000E+00	0.0000000000000000E+00	0.0000000000000000E+00	
-2.1149430820249496E-01	0.0000000000000000E+00	0.0000000000000000E+00	0.0000000000000000E+00	0.0000000000000000E+00	0.0000000000000000E+00	0.0000000000000000E+00	0.0000000000000000E+00	0.0000000000000000E+00	0.0000000000000000E+00	
-3.1345142791088632E-02	-3.4360625008061935E-01	0.0000000000000000E+00	0.0000000000000000E+00	0.0000000000000000E+00	0.0000000000000000E+00	0.0000000000000000E+00	0.0000000000000000E+00	0.0000000000000000E+00	0.0000000000000000E+00	
-1.8296515994744580E-01	-1.4693908822514723E-01	-2.6640415214450514E-02	0.0000000000000000E+00	0.0000000000000000E+00	0.0000000000000000E+00	0.0000000000000000E+00	0.0000000000000000E+00	0.0000000000000000E+00	0.0000000000000000E+00	
1.6775275715029098E-01	-4.8208119052353234E-02	4.3546847724811870E-02	-8.9356911954551241E-02	0.0000000000000000E+00	0.0000000000000000E+00	0.0000000000000000E+00	0.0000000000000000E+00	0.0000000000000000E+00	0.0000000000000000E+00	
-7.9315285294444149E-02	-1.3871506372941789E-01	2.7070593497455347E-01	-2.4574014964621096E-01	2.7162456550561814E-01	0.0000000000000000E+00	0.0000000000000000E+00	0.0000000000000000E+00	0.0000000000000000E+00	0.0000000000000000E+00	
-1.4902828009536153E-02	4.4810632665518368E-01	-4.0048478901782941E-01	3.3630424564627215E-01	-2.0864617369587868E-01	5.3303218250929492E-02	0.0000000000000000E+00	0.0000000000000000E+00	0.0000000000000000E+00	0.0000000000000000E+00	
-4.2114539933041151E-01	1.1255107093932666E-01	1.8056935800656182E-01	-3.0395869127807996E-02	-3.2925296128208759E-01	6.2830222955104631E-01	4.3125602336180235E-01	0.0000000000000000E+00	0.0000000000000000E+00	0.0000000000000000E+00	
-1.6907628313880399E-01	-6.6594620766288234E-02	3.4067238949856060E-01	-4.4249357786710580E-01	3.1608719146554520E-01	6.9781101578358207E-01	-4.4495162340451755E-01	4.7122485555015464E-01	0.0000000000000000E+00	0.0000000000000000E+00	
4.9663343789097525E-01	-1.9584661148536139E-01	-4.4476319945102810E-01	3.2597885506036522E-01	2.5347223858002477E-01	-9.7966555155950721E-02	5.8775742457678965E-03	2.7091840276858192E-01	1.0851378050026142E-01	0.0000000000000000E+00	

b
2.1537502257976643E-01	
5.9274918513315755E-01	
-3.5382949448588816E-02	
-3.1799475282091388E-01	
-3.6886535948556748E-01	
2.8582531219187962E-01	
-2.1289229510691934E-01	
3.4943169643013733E-01	
3.1441555641416130E-01	
1.7733858411288722E-01	

c
0.0000000000000000E+00	
-2.1149430820249496E-01	
-3.7495139287170798E-01	
-3.5654466338704355E-01	
7.3734573868198372E-02	
7.8560001810098604E-02	
2.1367999982914110E-01	
5.7188445211842998E-01	
7.0267934712112690E-01	
7.2281792295363623E-01	

r
0.0000000000000000E+00	

errcoeff
1.5735651561616826E-03	

==============================================================

