#stage		 order
9	 		2


A
0.0000000000000000E+00	0.0000000000000000E+00	0.0000000000000000E+00	0.0000000000000000E+00	0.0000000000000000E+00	0.0000000000000000E+00	0.0000000000000000E+00	0.0000000000000000E+00	0.0000000000000000E+00	
-4.7939656864791663E-01	0.0000000000000000E+00	0.0000000000000000E+00	0.0000000000000000E+00	0.0000000000000000E+00	0.0000000000000000E+00	0.0000000000000000E+00	0.0000000000000000E+00	0.0000000000000000E+00	
-8.3625589932632596E-02	5.3313012156555942E-03	0.0000000000000000E+00	0.0000000000000000E+00	0.0000000000000000E+00	0.0000000000000000E+00	0.0000000000000000E+00	0.0000000000000000E+00	0.0000000000000000E+00	
4.1803420941708042E-01	1.3522452633553899E-02	-5.2197205977149652E-01	0.0000000000000000E+00	0.0000000000000000E+00	0.0000000000000000E+00	0.0000000000000000E+00	0.0000000000000000E+00	0.0000000000000000E+00	
1.1516943528637434E-01	-3.7549708092533302E-01	-8.3567413874406013E-02	3.7407250032179368E-01	0.0000000000000000E+00	0.0000000000000000E+00	0.0000000000000000E+00	0.0000000000000000E+00	0.0000000000000000E+00	
3.3867601623618883E-02	1.4747551616862545E-01	4.2448064586496449E-02	3.3724256372251016E-01	-3.4570246391507081E-01	0.0000000000000000E+00	0.0000000000000000E+00	0.0000000000000000E+00	0.0000000000000000E+00	
-4.0597047424846738E-01	3.8443310437887007E-01	1.9459675049346453E-01	7.5180303684894714E-02	-6.2971298521852315E-01	1.0975948640472996E-01	0.0000000000000000E+00	0.0000000000000000E+00	0.0000000000000000E+00	
5.2996703686238245E-01	-8.4988363787755650E-02	-5.1697104474394129E-01	3.8951627342785611E-01	-4.9170146293241895E-01	3.7613175009217970E-01	-9.3419798097350917E-02	0.0000000000000000E+00	0.0000000000000000E+00	
2.2187318300519152E-01	-4.1114013032741792E-01	-5.2419015311854264E-02	7.1103911447479051E-01	6.3362632108239925E-01	-1.9548326752256198E-01	-2.7446261759027990E-01	1.7281667659760838E-01	0.0000000000000000E+00	

b
4.4362967879574605E-01	
1.7299359521971755E-01	
-1.9255314746153315E-01	
-3.0878190819849001E-02	
-6.6642628690792582E-01	
1.5733780978011533E-01	
-2.8841968572974508E-01	
9.4467958216319659E-01	
4.5963664496027762E-01	

c
0.0000000000000000E+00	
-4.7939656864791663E-01	
-7.8294288716977009E-02	
-9.0415397720862295E-02	
3.0177440808428997E-02	
2.1533128218618014E-01	
-2.7171381450503124E-01	
1.0853439082095154E-01	
8.0585026440787566E-01	

r
0.0000000000000000E+00	

errcoeff
3.7327161005965741E-03	

==============================================================

