0.0000000000000000E+00  0.0000000000000000E+00
-1.6508239220058840E-11  3.1573795513241867E-02
-1.0557388296916770E-09  6.3147590998352460E-02
-1.2010547889573786E-08  9.4721386052585871E-02
-6.7365481526415749E-08  1.2629517840436871E-01
-2.5640295536755175E-07  1.5786896019552604E-01
-7.6351801087115589E-07  1.8944271096708903E-01
-1.9190749714903532E-06  2.2101638632208012E-01
-4.2600876438148028E-06  2.5258990129958370E-01
-8.5998605737214184E-06  2.8416310756934771E-01
-1.6105593795390227E-05  3.1573576364432870E-01
-2.8382828950401784E-05  3.4730749740907785E-01
-4.7565501936464027E-05  3.7887776037358090E-01
-7.6410267607018856E-05  4.1044577318396963E-01
-1.1839367657651145E-04  4.4201046205207883E-01
-1.7781071386241409E-04  4.7357038590378436E-01
-2.5987315473313677E-04  5.0512365418991445E-01
-3.7080615539702988E-04  5.3666783545176111E-01
-5.1794147556416537E-04  5.6819985688421482E-01
-7.0980572678974729E-04  5.9971589529166458E-01
-9.5620205502311428E-04  6.3121125998339112E-01
-1.2682836979533985E-03  6.6268026830455407E-01
-1.6586179073814766E-03  6.9411611464436485E-01
-2.1412387936168287E-03  7.2551073390302134E-01
-2.7316877322888788E-03  7.5685466053183503E-01
-3.4470400733002671E-03  7.8813688438519591E-01
-4.3059170060975593E-03  8.1934470473707555E-01
-5.3284815640159411E-03  8.5046358391733157E-01
-6.5364178920366278E-03  8.8147700211282065E-01
-7.9528930556243549E-03  9.1236631495409504E-01
-9.6025008320057004E-03  9.4311061556920051E-01
-1.1511187097821840E-02  9.7368660283090791E-01
-1.3706156606953568E-02  1.0040684575517984E+00
-1.6215761137814422E-02  1.0342277283924184E+00
-1.9069369178800921E-02  1.0641332292407280E+00
-2.2297217512105727E-02  1.0937509497960345E+00
-2.5930245247919648E-02  1.1230439810473825E+00
-2.9999911051340311E-02  1.1519724572750660E+00
-3.4537994491247392E-02  1.1804935161247168E+00
-3.9576382622163231E-02  1.2085612782067490E+00
-4.5146843084934440E-02  1.2361268475603620E+00
-5.1280785178192068E-02  1.2631383341915667E+00
-5.8009010508327463E-02  1.2895408997497024E+00
-6.5361454969559862E-02  1.3152768272477011E+00
-7.3366923936098449E-02  1.3402856155591791E+00
-8.2052822664023639E-02  1.3645040992415445E+00
-9.1444884000093984E-02  1.3878665940402661E+00
-1.0156689557709905E-01  1.4103050682267462E+00
-1.1244042873966162E-01  1.4317493397125856E+00
-1.2408457148973306E-01  1.4521272986682048E+00
-1.3651566776677104E-01  1.4713651551555429E+00
-1.4974706538327076E-01  1.4893877110648672E+00
-1.6378887492163591E-01  1.5061186554264367E+00
-1.7864774186320129E-01  1.5214808819508363E+00
-1.9432663416463403E-01  1.5353968274391860E+00
-2.1082464742116988E-01  1.5477888294980189E+00
-2.2813682966063548E-01  1.5585795017953519E+00
-2.4625402769756097E-01  1.5676921249061357E+00
-2.6516275684368296E-01  1.5750510506186932E+00
-2.8484509562073396E-01  1.5805821174105896E+00
-3.0527860695471593E-01  1.5842130746542513E+00
-3.2643628714912226E-01  1.5858740129810323E+00
-3.4828654373922074E-01  1.5854977981186757E+00
-3.7079320312206410E-01  1.5830205054224677E+00
-3.9391554863900491E-01  1.5783818522458715E+00
-4.1760838956092622E-01  1.5715256252430012E+00
-4.4182216119297540E-01  1.5624000996636527E+00
-4.6650305607725279E-01  1.5509584476923362E+00
-4.9159318603059332E-01  1.5371591328962055E+00
-5.1703077451233392E-01  1.5209662878831518E+00
-5.4275037857577213E-01  1.5023500723306162E+00
-5.6868313941896864E-01  1.4812870086276708E+00
-5.9475706031761477E-01  1.4577602924772308E+00
-6.2089731049687213E-01  1.4317600759313394E+00
-6.4702655328235836E-01  1.4032837204794717E+00
-6.7306529666462256E-01  1.3723360179769057E+00
-6.9893226421838217E-01  1.3389293773861413E+00
-7.2454478413911128E-01  1.3030839755079575E+00
-7.4981919399689823E-01  1.2648278700984621E+00
-7.7467125866225950E-01  1.2241970740028418E+00
-7.9901659873213160E-01  1.1812355891837627E+00
-8.2277112667769381E-01  1.1359953997806593E+00
-8.4585148785004627E-01  1.0885364236035318E+00
-8.6817550341585004E-01  1.0389264217393634E+00
-8.8966261225351517E-01  9.8724086622874418E-01
-9.1023430882183431E-01  9.3356276605261579E-01
-9.2981457401737733E-01  8.7798245195207880E-01
-9.4833029606458386E-01  8.2059732088567783E-01
-9.6571167853315232E-01  7.6151154120637943E-01
-9.8189263265077442E-01  7.0083571991235039E-01
-9.9681115117494246E-01  6.3868653358954353E-01
-1.0104096612048326E+00  5.7518632491787347E-01
-1.0226353534522059E+00  5.1046266685449782E-01
-1.0334404856478949E+00  4.4464789683538392E-01
-1.0427826579364807E+00  3.7787862354823903E-01
-1.0506250583048986E+00  3.1029520902426949E-01
-1.0569366762993875E+00  2.4204122897156041E-01
-1.0616924835078099E+00  1.7326291442780256E-01
-1.0648735795191282E+00  1.0410857794328934E-01
-1.0664673023168783E+00  3.4728027615616858E-02
-1.0664673023168783E+00  -3.4728027615617316E-02
-1.0648735795191282E+00  -1.0410857794328880E-01
-1.0616924835078099E+00  -1.7326291442780201E-01
-1.0569366762993875E+00  -2.4204122897155989E-01
-1.0506250583048986E+00  -3.1029520902426994E-01
-1.0427826579364807E+00  -3.7787862354823953E-01
-1.0334404856478949E+00  -4.4464789683538342E-01
-1.0226353534522061E+00  -5.1046266685449726E-01
-1.0104096612048328E+00  -5.7518632491787292E-01
-9.9681115117494246E-01  -6.3868653358954308E-01
-9.8189263265077420E-01  -7.0083571991235083E-01
-9.6571167853315254E-01  -7.6151154120637898E-01
-9.4833029606458408E-01  -8.2059732088567738E-01
-9.2981457401737755E-01  -8.7798245195207836E-01
-9.1023430882183454E-01  -9.3356276605261534E-01
-8.8966261225351517E-01  -9.8724086622874441E-01
-8.6817550341584981E-01  -1.0389264217393637E+00
-8.4585148785004627E-01  -1.0885364236035318E+00
-8.2277112667769403E-01  -1.1359953997806591E+00
-7.9901659873213182E-01  -1.1812355891837627E+00
-7.7467125866225972E-01  -1.2241970740028414E+00
-7.4981919399689811E-01  -1.2648278700984623E+00
-7.2454478413911150E-01  -1.3030839755079573E+00
-6.9893226421838250E-01  -1.3389293773861410E+00
-6.7306529666462278E-01  -1.3723360179769055E+00
-6.4702655328235859E-01  -1.4032837204794715E+00
-6.2089731049687202E-01  -1.4317600759313396E+00
-5.9475706031761488E-01  -1.4577602924772308E+00
-5.6868313941896886E-01  -1.4812870086276706E+00
-5.4275037857577191E-01  -1.5023500723306165E+00
-5.1703077451233415E-01  -1.5209662878831516E+00
-4.9159318603059321E-01  -1.5371591328962055E+00
-4.6650305607725295E-01  -1.5509584476923359E+00
-4.4182216119297557E-01  -1.5624000996636527E+00
-4.1760838956092611E-01  -1.5715256252430012E+00
-3.9391554863900513E-01  -1.5783818522458715E+00
-3.7079320312206387E-01  -1.5830205054224677E+00
-3.4828654373922097E-01  -1.5854977981186757E+00
-3.2643628714912232E-01  -1.5858740129810323E+00
-3.0527860695471581E-01  -1.5842130746542515E+00
-2.8484509562073412E-01  -1.5805821174105898E+00
-2.6516275684368285E-01  -1.5750510506186932E+00
-2.4625402769756127E-01  -1.5676921249061360E+00
-2.2813682966063548E-01  -1.5585795017953519E+00
-2.1082464742116969E-01  -1.5477888294980187E+00
-1.9432663416463414E-01  -1.5353968274391860E+00
-1.7864774186320115E-01  -1.5214808819508365E+00
-1.6378887492163605E-01  -1.5061186554264370E+00
-1.4974706538327076E-01  -1.4893877110648672E+00
-1.3651566776677121E-01  -1.4713651551555431E+00
-1.2408457148973320E-01  -1.4521272986682050E+00
-1.1244042873966156E-01  -1.4317493397125856E+00
-1.0156689557709914E-01  -1.4103050682267462E+00
-9.1444884000094012E-02  -1.3878665940402661E+00
-8.2052822664023750E-02  -1.3645040992415447E+00
-7.3366923936098505E-02  -1.3402856155591794E+00
-6.5361454969559862E-02  -1.3152768272477011E+00
-5.8009010508327574E-02  -1.2895408997497027E+00
-5.1280785178192123E-02  -1.2631383341915667E+00
-4.5146843084934496E-02  -1.2361268475603622E+00
-3.9576382622163175E-02  -1.2085612782067490E+00
-3.4537994491247337E-02  -1.1804935161247168E+00
-2.9999911051340367E-02  -1.1519724572750660E+00
-2.5930245247919592E-02  -1.1230439810473820E+00
-2.2297217512105783E-02  -1.0937509497960349E+00
-1.9069369178800866E-02  -1.0641332292407280E+00
-1.6215761137814366E-02  -1.0342277283924182E+00
-1.3706156606953623E-02  -1.0040684575517989E+00
-1.1511187097821840E-02  -9.7368660283090791E-01
-9.6025008320057004E-03  -9.4311061556920106E-01
-7.9528930556243549E-03  -9.1236631495409504E-01
-6.5364178920366278E-03  -8.8147700211282043E-01
-5.3284815640159966E-03  -8.5046358391733146E-01
-4.3059170060975038E-03  -8.1934470473707544E-01
-3.4470400733002671E-03  -7.8813688438519613E-01
-2.7316877322888788E-03  -7.5685466053183514E-01
-2.1412387936168842E-03  -7.2551073390302201E-01
-1.6586179073815877E-03  -6.9411611464436529E-01
-1.2682836979534540E-03  -6.6268026830455384E-01
-9.5620205502316979E-04  -6.3121125998339145E-01
-7.0980572678980280E-04  -5.9971589529166458E-01
-5.1794147556410985E-04  -5.6819985688421537E-01
-3.7080615539702988E-04  -5.3666783545176122E-01
-2.5987315473313677E-04  -5.0512365418991412E-01
-1.7781071386241409E-04  -4.7357038590378464E-01
-1.1839367657651145E-04  -4.4201046205207883E-01
-7.6410267606907833E-05  -4.1044577318397008E-01
-4.7565501936464027E-05  -3.7887776037358117E-01
-2.8382828950457295E-05  -3.4730749740907763E-01
-1.6105593795445738E-05  -3.1573576364432898E-01
-8.5998605736659073E-06  -2.8416310756934748E-01
-4.2600876438703139E-06  -2.5258990129958420E-01
-1.9190749714348421E-06  -2.2101638632208015E-01
-7.6351801087115589E-07  -1.8944271096708873E-01
-2.5640295536755175E-07  -1.5786896019552638E-01
-6.7365481526415749E-08  -1.2629517840436869E-01
-1.2010547889573786E-08  -9.4721386052586315E-02
-1.0557388852028282E-09  -6.3147590998352557E-02
-1.6508183708907609E-11  -3.1573795513241520E-02
0.0000000000000000E+00  -2.4492935982947059E-16
