#stage		 order
14	 		3


A
0.0000000000000000E+00	0.0000000000000000E+00	0.0000000000000000E+00	0.0000000000000000E+00	0.0000000000000000E+00	0.0000000000000000E+00	0.0000000000000000E+00	0.0000000000000000E+00	0.0000000000000000E+00	0.0000000000000000E+00	0.0000000000000000E+00	0.0000000000000000E+00	0.0000000000000000E+00	0.0000000000000000E+00	
3.3287753471994069E-01	0.0000000000000000E+00	0.0000000000000000E+00	0.0000000000000000E+00	0.0000000000000000E+00	0.0000000000000000E+00	0.0000000000000000E+00	0.0000000000000000E+00	0.0000000000000000E+00	0.0000000000000000E+00	0.0000000000000000E+00	0.0000000000000000E+00	0.0000000000000000E+00	0.0000000000000000E+00	
2.7990944783260807E-01	1.7020645480907523E-01	0.0000000000000000E+00	0.0000000000000000E+00	0.0000000000000000E+00	0.0000000000000000E+00	0.0000000000000000E+00	0.0000000000000000E+00	0.0000000000000000E+00	0.0000000000000000E+00	0.0000000000000000E+00	0.0000000000000000E+00	0.0000000000000000E+00	0.0000000000000000E+00	
4.5879392173946992E-01	1.4161360952974270E-01	1.0636279358075305E-01	0.0000000000000000E+00	0.0000000000000000E+00	0.0000000000000000E+00	0.0000000000000000E+00	0.0000000000000000E+00	0.0000000000000000E+00	0.0000000000000000E+00	0.0000000000000000E+00	0.0000000000000000E+00	0.0000000000000000E+00	0.0000000000000000E+00	
1.8611421173969020E-01	6.9753430109285225E-02	1.7340348437808240E-01	3.0088435257781571E-01	0.0000000000000000E+00	0.0000000000000000E+00	0.0000000000000000E+00	0.0000000000000000E+00	0.0000000000000000E+00	0.0000000000000000E+00	0.0000000000000000E+00	0.0000000000000000E+00	0.0000000000000000E+00	0.0000000000000000E+00	
3.0877184801249330E-01	5.7951499801232320E-01	2.9902661124131791E-01	9.1315148501186827E-02	8.2355360792877558E-02	0.0000000000000000E+00	0.0000000000000000E+00	0.0000000000000000E+00	0.0000000000000000E+00	0.0000000000000000E+00	0.0000000000000000E+00	0.0000000000000000E+00	0.0000000000000000E+00	0.0000000000000000E+00	
1.7516019883548531E-01	2.8204946414556209E-01	4.4927925553065150E-02	5.3563442481587197E-02	4.4822972001169609E-03	4.1099965493496503E-02	0.0000000000000000E+00	0.0000000000000000E+00	0.0000000000000000E+00	0.0000000000000000E+00	0.0000000000000000E+00	0.0000000000000000E+00	0.0000000000000000E+00	0.0000000000000000E+00	
6.2290598582020830E-02	8.9753808129503024E-02	2.1742541867163685E-02	3.0241065367404115E-02	4.5048529105214993E-02	1.2612517557501566E-02	2.9212832773294151E-01	0.0000000000000000E+00	0.0000000000000000E+00	0.0000000000000000E+00	0.0000000000000000E+00	0.0000000000000000E+00	0.0000000000000000E+00	0.0000000000000000E+00	
4.1219424984823096E-02	5.9392596000335335E-02	1.4387645923564018E-02	2.0011355786552724E-02	2.9809867412543455E-02	8.3460543355165905E-03	1.9330945507803113E-01	6.2993069343355368E-01	0.0000000000000000E+00	0.0000000000000000E+00	0.0000000000000000E+00	0.0000000000000000E+00	0.0000000000000000E+00	0.0000000000000000E+00	
2.2730187070949284E-01	6.5821108907944195E-02	4.2647988657652139E-02	6.5824956863626882E-02	1.7856572924436118E-01	1.5984695115649272E-02	1.5968326686772014E-01	2.6633403954220497E-01	8.6646265179771045E-02	0.0000000000000000E+00	0.0000000000000000E+00	0.0000000000000000E+00	0.0000000000000000E+00	0.0000000000000000E+00	
2.3044657497822243E-01	7.1943016058920395E-02	4.5957699920261212E-02	7.5320613540446876E-02	1.7560435824590404E-01	2.5531352992211990E-02	1.5637813291569780E-01	2.6102056795512729E-01	8.5401359064158369E-02	9.3149854761814632E-01	0.0000000000000000E+00	0.0000000000000000E+00	0.0000000000000000E+00	0.0000000000000000E+00	
2.1803559716293613E-01	6.8267089247252485E-02	4.5633795792036802E-02	7.1044312578011914E-02	1.6563448323225197E-01	2.4081819464888389E-02	1.4749981988103425E-01	2.4620121756961311E-01	8.0552727121870962E-02	8.7861304718090572E-01	8.9790173777109072E-01	0.0000000000000000E+00	0.0000000000000000E+00	0.0000000000000000E+00	
2.1804620070234326E-01	6.8272092655001448E-02	4.5644436485596115E-02	7.1046897281375004E-02	1.6564002807591260E-01	2.4082787299614470E-02	1.4750854640630562E-01	2.4620943286797445E-01	8.0555415023635502E-02	8.7864236494138637E-01	8.9793169916106397E-01	9.5116147107538640E-01	0.0000000000000000E+00	0.0000000000000000E+00	
2.1003175695150969E-01	1.2421485673132134E-01	6.1479127261569878E-02	6.8106769035969100E-02	1.3758548717510125E-01	9.2349604066796931E-02	2.1206580756633667E-01	2.4549343791040740E-01	1.4461208634166517E-01	6.8231084741387726E-01	6.9729000449483380E-01	3.9280724895940583E-01	3.9313217574408538E-01	0.0000000000000000E+00	

b
1.2632759117800321E-01	
1.0330853825138538E-01	
2.7802831030280550E-01	
2.4572919653468975E-02	
4.6463732679991980E-02	
8.1807354897955285E-03	
1.7883698155459771E-01	
1.6826681345025776E-01	
1.7931339541280948E-02	
4.2037888871929649E-02	
5.5851222560782347E-03	
4.2716831450353467E-04	
3.1512208914999957E-05	
1.3462469865403260E-06	

c
0.0000000000000000E+00	
3.3287753471994069E-01	
4.5011590264168333E-01	
7.0677032484996571E-01	
7.3015547880487353E-01	
1.3609839665601988E+00	
6.0128329370931322E-01	
5.5381738834174976E-01	
9.9640709295492003E-01	
1.1088099210884228E+00	
2.0591022232890972E+00	
2.8434656470018922E+00	
3.7947413719755949E+00	
3.4614792096528793E+00	

r
1.0504772561213322E+00	

errcoeff
1.5552944776906838E-02	

v_opt
1.0000000000000000E+00	
6.5031972070890687E-01	
5.8968561960466648E-01	
3.5541806422282773E-01	
5.3708669367062467E-01	
1.3958394861856016E-02	
5.7235662745815075E-01	
6.4724831326704146E-01	
3.3827213315892835E-01	
2.5639932763570350E-01	
1.4639511825009777E-11	
5.4373361183071123E-02	
9.2381657879059276E-13	
1.3391510123028638E-12	
3.4933470513978326E-01	

alpha_opt
0.0000000000000000E+00	0.0000000000000000E+00	0.0000000000000000E+00	0.0000000000000000E+00	0.0000000000000000E+00	0.0000000000000000E+00	0.0000000000000000E+00	0.0000000000000000E+00	0.0000000000000000E+00	0.0000000000000000E+00	0.0000000000000000E+00	0.0000000000000000E+00	0.0000000000000000E+00	0.0000000000000000E+00	0.0000000000000000E+00	
3.4968027929109319E-01	0.0000000000000000E+00	0.0000000000000000E+00	0.0000000000000000E+00	0.0000000000000000E+00	0.0000000000000000E+00	0.0000000000000000E+00	0.0000000000000000E+00	0.0000000000000000E+00	0.0000000000000000E+00	0.0000000000000000E+00	0.0000000000000000E+00	0.0000000000000000E+00	0.0000000000000000E+00	0.0000000000000000E+00	
2.3151637077639570E-01	1.7879800961893780E-01	0.0000000000000000E+00	0.0000000000000000E+00	0.0000000000000000E+00	0.0000000000000000E+00	0.0000000000000000E+00	0.0000000000000000E+00	0.0000000000000000E+00	0.0000000000000000E+00	0.0000000000000000E+00	0.0000000000000000E+00	0.0000000000000000E+00	0.0000000000000000E+00	0.0000000000000000E+00	
4.0406576903533331E-01	1.2878447118962902E-01	1.1173169555220998E-01	0.0000000000000000E+00	0.0000000000000000E+00	0.0000000000000000E+00	0.0000000000000000E+00	0.0000000000000000E+00	0.0000000000000000E+00	0.0000000000000000E+00	0.0000000000000000E+00	0.0000000000000000E+00	0.0000000000000000E+00	0.0000000000000000E+00	0.0000000000000000E+00	
1.2533772540847911E-10	5.8066464093319787E-12	1.4684113709781593E-01	3.1607216910041497E-01	0.0000000000000000E+00	0.0000000000000000E+00	0.0000000000000000E+00	0.0000000000000000E+00	0.0000000000000000E+00	0.0000000000000000E+00	0.0000000000000000E+00	0.0000000000000000E+00	0.0000000000000000E+00	0.0000000000000000E+00	0.0000000000000000E+00	
1.4704873635198238E-10	5.4024959296698594E-01	2.9069926444351457E-01	6.8580314149480848E-02	8.6512433431113880E-02	0.0000000000000000E+00	0.0000000000000000E+00	0.0000000000000000E+00	0.0000000000000000E+00	0.0000000000000000E+00	0.0000000000000000E+00	0.0000000000000000E+00	0.0000000000000000E+00	0.0000000000000000E+00	0.0000000000000000E+00	
4.6734009903816105E-02	2.5727665102880837E-01	2.7666709372876061E-02	5.1818009884685962E-02	9.7341337410699811E-04	4.3174578977555791E-02	0.0000000000000000E+00	0.0000000000000000E+00	0.0000000000000000E+00	0.0000000000000000E+00	0.0000000000000000E+00	0.0000000000000000E+00	0.0000000000000000E+00	0.0000000000000000E+00	0.0000000000000000E+00	
2.4377789583830535E-13	1.3419429009120140E-12	2.5881585716582110E-13	7.1394627906782827E-11	4.5877522512496591E-02	2.2520194088677235E-13	3.0687416414699764E-01	0.0000000000000000E+00	0.0000000000000000E+00	0.0000000000000000E+00	0.0000000000000000E+00	0.0000000000000000E+00	0.0000000000000000E+00	0.0000000000000000E+00	0.0000000000000000E+00	
8.3532945592593627E-13	4.8401052594952763E-18	1.5194840473209879E-11	5.9095988923751064E-12	3.8258894160793871E-10	-5.1290042995775939E-19	6.3102931600350873E-11	6.6172786637344005E-01	0.0000000000000000E+00	0.0000000000000000E+00	0.0000000000000000E+00	0.0000000000000000E+00	0.0000000000000000E+00	0.0000000000000000E+00	0.0000000000000000E+00	
1.6844567536561594E-01	4.7806654472154660E-12	8.2044781044756939E-06	1.5331674848938920E-05	1.7312776009135641E-01	9.5492976304396657E-03	8.1887045826606372E-02	2.1954742639488384E-01	9.1019930897660126E-02	0.0000000000000000E+00	0.0000000000000000E+00	0.0000000000000000E+00	0.0000000000000000E+00	0.0000000000000000E+00	0.0000000000000000E+00	
3.2201492732275007E-10	3.7583062017201970E-12	6.6867821428308447E-11	1.0450704316129773E-02	1.3037580376349766E-07	1.0383585375022861E-02	3.9582025358529067E-11	1.6884864918846245E-11	6.4754110301173896E-04	9.7851803836628437E-01	0.0000000000000000E+00	0.0000000000000000E+00	0.0000000000000000E+00	0.0000000000000000E+00	0.0000000000000000E+00	
5.9905618491795384E-07	3.1815471646196971E-10	2.4006850352423360E-03	1.2836210975086328E-10	3.0352527848285382E-10	1.6646893043441391E-13	1.3488669940754827E-10	4.9538626682170730E-17	1.0368778472384122E-14	9.6076831332730305E-11	9.4322535374431915E-01	0.0000000000000000E+00	0.0000000000000000E+00	0.0000000000000000E+00	0.0000000000000000E+00	
2.7030898105381686E-10	7.2891502285696087E-17	1.1453885875704136E-05	1.4578300457139217E-16	-2.9156600914278435E-17	2.6969855845707552E-16	3.9967694751204446E-06	-2.9156600914278435E-17	0.0000000000000000E+00	1.3645289227882307E-14	8.1105682678370942E-04	9.9917349224661856E-01	0.0000000000000000E+00	0.0000000000000000E+00	0.0000000000000000E+00	
6.7526687717468855E-14	1.0412478210009400E-12	6.5679817865638117E-10	2.2078836042337345E-13	1.0863749500660145E-13	7.2942821691382512E-02	8.4937623302662288E-02	9.6950071530112948E-13	8.6198672081288605E-02	5.7039641500621188E-12	3.4294447298976721E-01	7.0136786631315060E-12	4.1297640926163670E-01	0.0000000000000000E+00	0.0000000000000000E+00	
4.9013325762637099E-04	2.9419398334202153E-06	2.7431387146017860E-01	8.7285912709219160E-12	3.2128137006565187E-02	1.0260234738918918E-13	1.3000472350878403E-01	1.5460066654248678E-01	1.4813117159743755E-02	3.8418837863975187E-02	5.4432779836664918E-03	4.1565509992864155E-04	3.2518826756744950E-05	1.4142018404584562E-06	0.0000000000000000E+00	

beta_opt
0.0000000000000000E+00	0.0000000000000000E+00	0.0000000000000000E+00	0.0000000000000000E+00	0.0000000000000000E+00	0.0000000000000000E+00	0.0000000000000000E+00	0.0000000000000000E+00	0.0000000000000000E+00	0.0000000000000000E+00	0.0000000000000000E+00	0.0000000000000000E+00	0.0000000000000000E+00	0.0000000000000000E+00	0.0000000000000000E+00	
3.3287753471994069E-01	0.0000000000000000E+00	0.0000000000000000E+00	0.0000000000000000E+00	0.0000000000000000E+00	0.0000000000000000E+00	0.0000000000000000E+00	0.0000000000000000E+00	0.0000000000000000E+00	0.0000000000000000E+00	0.0000000000000000E+00	0.0000000000000000E+00	0.0000000000000000E+00	0.0000000000000000E+00	0.0000000000000000E+00	
2.2039160717782380E-01	1.7020645480907523E-01	0.0000000000000000E+00	0.0000000000000000E+00	0.0000000000000000E+00	0.0000000000000000E+00	0.0000000000000000E+00	0.0000000000000000E+00	0.0000000000000000E+00	0.0000000000000000E+00	0.0000000000000000E+00	0.0000000000000000E+00	0.0000000000000000E+00	0.0000000000000000E+00	0.0000000000000000E+00	
3.8464970725223480E-01	1.2259615373999411E-01	1.0636279358075305E-01	0.0000000000000000E+00	0.0000000000000000E+00	0.0000000000000000E+00	0.0000000000000000E+00	0.0000000000000000E+00	0.0000000000000000E+00	0.0000000000000000E+00	0.0000000000000000E+00	0.0000000000000000E+00	0.0000000000000000E+00	0.0000000000000000E+00	0.0000000000000000E+00	
1.1931503007822641E-10	5.5276269672610567E-12	1.3978516549943409E-01	3.0088435257781571E-01	0.0000000000000000E+00	0.0000000000000000E+00	0.0000000000000000E+00	0.0000000000000000E+00	0.0000000000000000E+00	0.0000000000000000E+00	0.0000000000000000E+00	0.0000000000000000E+00	0.0000000000000000E+00	0.0000000000000000E+00	0.0000000000000000E+00	
1.3998278924898244E-10	5.1428966198747361E-01	2.7673066004475144E-01	6.5284910978334748E-02	8.2355360792877558E-02	0.0000000000000000E+00	0.0000000000000000E+00	0.0000000000000000E+00	0.0000000000000000E+00	0.0000000000000000E+00	0.0000000000000000E+00	0.0000000000000000E+00	0.0000000000000000E+00	0.0000000000000000E+00	0.0000000000000000E+00	
4.4488359583496381E-02	2.4491406123643422E-01	2.6337275949695343E-02	4.9328064537916702E-02	9.2663917133976696E-04	4.1099965493496503E-02	0.0000000000000000E+00	0.0000000000000000E+00	0.0000000000000000E+00	0.0000000000000000E+00	0.0000000000000000E+00	0.0000000000000000E+00	0.0000000000000000E+00	0.0000000000000000E+00	0.0000000000000000E+00	
2.3206394467077549E-13	1.2774602145025653E-12	2.4637930584603396E-13	6.7963992073094559E-11	4.3673027898452128E-02	2.1438059660816577E-13	2.9212832773294151E-01	0.0000000000000000E+00	0.0000000000000000E+00	0.0000000000000000E+00	0.0000000000000000E+00	0.0000000000000000E+00	0.0000000000000000E+00	0.0000000000000000E+00	0.0000000000000000E+00	
7.9519042518294405E-13	4.6075297978831282E-18	1.4464702005612118E-11	5.6256324047371696E-12	3.6420487867302468E-10	-4.8825467374729750E-19	6.0070726171090882E-11	6.2993069343355368E-01	0.0000000000000000E+00	0.0000000000000000E+00	0.0000000000000000E+00	0.0000000000000000E+00	0.0000000000000000E+00	0.0000000000000000E+00	0.0000000000000000E+00	
1.6035156819142332E-01	4.5509461717889373E-12	7.8102386860887107E-06	1.4594961252001326E-05	1.6480867061657023E-01	9.0904372988147922E-03	7.7952231093844943E-02	2.0899779135556779E-01	8.6646265179771045E-02	0.0000000000000000E+00	0.0000000000000000E+00	0.0000000000000000E+00	0.0000000000000000E+00	0.0000000000000000E+00	0.0000000000000000E+00	
3.0654155094913359E-10	3.5777130631660111E-12	6.3654706505822389E-11	9.9485298281415911E-03	1.2411102002065147E-07	9.8846360686937404E-03	3.7680040313628692E-11	1.6073517842239704E-11	6.1642562868391426E-04	9.3149854761814632E-01	0.0000000000000000E+00	0.0000000000000000E+00	0.0000000000000000E+00	0.0000000000000000E+00	0.0000000000000000E+00	
5.7027049508908551E-07	3.0286682992271274E-10	2.2853279509802704E-03	1.2219408750170886E-10	2.8894036183964285E-10	1.5846980928639537E-13	1.2840515929671998E-10	4.7158209655984157E-17	9.8705406634360765E-15	9.1460172768620396E-11	8.9790173777109072E-01	0.0000000000000000E+00	0.0000000000000000E+00	0.0000000000000000E+00	0.0000000000000000E+00	
2.5732016517565626E-10	6.9388939039072284E-17	1.0903506771950400E-05	1.3877787807814457E-16	-2.7755575615628914E-17	2.5673907444456745E-16	3.8047177622346773E-06	-2.7755575615628914E-17	0.0000000000000000E+00	1.2989609388114332E-14	7.7208413801566067E-04	9.5116147107538640E-01	0.0000000000000000E+00	0.0000000000000000E+00	0.0000000000000000E+00	
6.4281913125796564E-14	9.9121405527924367E-13	6.2523788577073525E-10	2.1017909634934995E-13	1.0341727474383333E-13	6.9437792458209399E-02	8.0856223025446955E-02	9.2291452258308482E-13	8.2056676220696428E-02	5.4298787688367156E-12	3.2646539560679982E-01	6.6766592254907664E-12	3.9313217574408538E-01	0.0000000000000000E+00	0.0000000000000000E+00	
4.6658150357716129E-04	2.8005745163229125E-06	2.6113261364428569E-01	8.3091673048674820E-12	3.0584324239191728E-02	9.7672126448287777E-14	1.2375777081648492E-01	1.4717183608138765E-01	1.4101321160145702E-02	3.6572745997835054E-02	5.1817190253667933E-03	3.9568215067351973E-04	3.0956240668519232E-05	1.3462469865403260E-06	0.0000000000000000E+00	

==============================================================

