#stage		 order
10	 		2


A
0.0000000000000000E+00	0.0000000000000000E+00	0.0000000000000000E+00	0.0000000000000000E+00	0.0000000000000000E+00	0.0000000000000000E+00	0.0000000000000000E+00	0.0000000000000000E+00	0.0000000000000000E+00	0.0000000000000000E+00	
2.4997481469843186E-01	0.0000000000000000E+00	0.0000000000000000E+00	0.0000000000000000E+00	0.0000000000000000E+00	0.0000000000000000E+00	0.0000000000000000E+00	0.0000000000000000E+00	0.0000000000000000E+00	0.0000000000000000E+00	
2.4955177980806045E-01	2.4955177980806043E-01	0.0000000000000000E+00	0.0000000000000000E+00	0.0000000000000000E+00	0.0000000000000000E+00	0.0000000000000000E+00	0.0000000000000000E+00	0.0000000000000000E+00	0.0000000000000000E+00	
2.4931566159678947E-01	2.4929334675250481E-01	2.4971594355263538E-01	0.0000000000000000E+00	0.0000000000000000E+00	0.0000000000000000E+00	0.0000000000000000E+00	0.0000000000000000E+00	0.0000000000000000E+00	0.0000000000000000E+00	
2.4931566286335824E-01	2.4929334806195177E-01	2.4971546372114886E-01	2.4997433436952204E-01	0.0000000000000000E+00	0.0000000000000000E+00	0.0000000000000000E+00	0.0000000000000000E+00	0.0000000000000000E+00	0.0000000000000000E+00	
2.4953888957530135E-01	2.4952499308021084E-01	1.6520453449693359E-01	1.5567098478899480E-01	1.5567128391280124E-01	0.0000000000000000E+00	0.0000000000000000E+00	0.0000000000000000E+00	0.0000000000000000E+00	0.0000000000000000E+00	
2.4931946099189112E-01	2.0649347872472787E-01	1.5932242047182907E-01	1.5193874953434947E-01	8.7286773514301211E-02	1.4016390490543879E-01	0.0000000000000000E+00	0.0000000000000000E+00	0.0000000000000000E+00	0.0000000000000000E+00	
2.4464018845512767E-01	2.1690072592872242E-01	1.8649414880703455E-01	1.6252064758421772E-01	5.9449600714929413E-02	9.0768940234287207E-02	1.6188154169039951E-01	0.0000000000000000E+00	0.0000000000000000E+00	0.0000000000000000E+00	
2.4463911155136525E-01	2.1690188697127549E-01	1.8649145569804354E-01	1.6251917624223497E-01	5.9456448757262539E-02	9.0780315635658942E-02	1.6186847544942162E-01	2.4995463802397505E-01	0.0000000000000000E+00	0.0000000000000000E+00	
2.4608358395785493E-01	2.1368959295377404E-01	1.7810641475315134E-01	1.5925379304325962E-01	6.8045580121495031E-02	1.0602132123578814E-01	1.8906028612493253E-01	1.7281241134032413E-01	1.7282636099052179E-01	0.0000000000000000E+00	

b
2.4325520603118608E-01	
2.1541889451653706E-01	
1.5857885079576584E-01	
1.2483176994718120E-01	
5.4566839017577390E-02	
6.8968926872503014E-02	
5.4402260692520035E-02	
5.5836399755059510E-02	
9.8679377128187400E-03	
1.4272914658851223E-02	

c
0.0000000000000000E+00	
2.4997481469843186E-01	
4.9910355961612091E-01	
7.4832495190192960E-01	
9.9829880901598089E-01	
9.7561068585424182E-01	
9.9452478814253742E-01	
1.1226557934147183E+00	
1.3726115083292376E+00	
1.5058993445211015E+00	

r
4.0004030054243431E+00	

errcoeff
4.2460146478749225E-02	

v_opt
1.0000000000000000E+00	
1.2304601781920610E-11	
1.6923100468412278E-03	
9.4632053954191164E-04	
1.1546319456101628E-14	
3.6136357638882899E-05	
9.4762747228616107E-04	
1.8836058527225585E-02	
5.9000889466309658E-06	
3.6637359812630166E-15	
2.0911194375982545E-02	

alpha_opt
0.0000000000000000E+00	0.0000000000000000E+00	0.0000000000000000E+00	0.0000000000000000E+00	0.0000000000000000E+00	0.0000000000000000E+00	0.0000000000000000E+00	0.0000000000000000E+00	0.0000000000000000E+00	0.0000000000000000E+00	0.0000000000000000E+00	
9.9999999998769540E-01	0.0000000000000000E+00	0.0000000000000000E+00	0.0000000000000000E+00	0.0000000000000000E+00	0.0000000000000000E+00	0.0000000000000000E+00	0.0000000000000000E+00	0.0000000000000000E+00	0.0000000000000000E+00	0.0000000000000000E+00	
1.2283856856439296E-11	9.9830768994087493E-01	0.0000000000000000E+00	0.0000000000000000E+00	0.0000000000000000E+00	0.0000000000000000E+00	0.0000000000000000E+00	0.0000000000000000E+00	0.0000000000000000E+00	0.0000000000000000E+00	0.0000000000000000E+00	
8.9268370140742478E-05	1.2271088005306798E-11	9.9896441107804623E-01	0.0000000000000000E+00	0.0000000000000000E+00	0.0000000000000000E+00	0.0000000000000000E+00	0.0000000000000000E+00	0.0000000000000000E+00	0.0000000000000000E+00	0.0000000000000000E+00	
1.0229448289369430E-15	1.9215092145346712E-06	1.2291851267583121E-11	9.9999807847848099E-01	0.0000000000000000E+00	0.0000000000000000E+00	0.0000000000000000E+00	0.0000000000000000E+00	0.0000000000000000E+00	0.0000000000000000E+00	0.0000000000000000E+00	
4.1644220050040874E-12	3.3843304116105627E-01	3.8782950454103966E-02	7.6627541148442143E-12	6.2274787201537363E-01	0.0000000000000000E+00	0.0000000000000000E+00	0.0000000000000000E+00	0.0000000000000000E+00	0.0000000000000000E+00	0.0000000000000000E+00	
1.7126692940547983E-01	1.7669241406966370E-05	8.4210373167080688E-03	2.5863463013099264E-01	4.2964963391093603E-12	5.6071210642882974E-01	0.0000000000000000E+00	0.0000000000000000E+00	0.0000000000000000E+00	0.0000000000000000E+00	0.0000000000000000E+00	
1.3649207901339685E-12	9.4676867391668608E-13	7.7040993157531545E-02	2.4483661890190964E-01	1.1694923513521697E-02	4.4679875614932142E-12	6.4759140589303188E-01	0.0000000000000000E+00	0.0000000000000000E+00	0.0000000000000000E+00	0.0000000000000000E+00	
0.0000000000000000E+00	1.1103348810867829E-16	9.4811495496000388E-13	3.0121164654122245E-12	1.4445456802939045E-13	7.4814740420896611E-05	7.9677631066787537E-12	9.9991928515855988E-01	0.0000000000000000E+00	0.0000000000000000E+00	0.0000000000000000E+00	
6.5043417334063739E-13	1.1103348810867829E-16	3.1755577599081990E-14	9.8225775255342235E-13	0.0000000000000000E+00	2.1301219526209385E-12	3.0862490607316673E-01	8.5062755240058430E-12	6.9137509391452867E-01	0.0000000000000000E+00	0.0000000000000000E+00	
7.4038898146238000E-02	1.3507752202731052E-01	1.0577754260923571E-01	1.7011286489393104E-01	4.3858754974947005E-02	1.5387223094278960E-01	5.5358021349481708E-02	1.8389555998286708E-01	4.8573681251043355E-13	5.7097410696731028E-02	0.0000000000000000E+00	

beta_opt
0.0000000000000000E+00	0.0000000000000000E+00	0.0000000000000000E+00	0.0000000000000000E+00	0.0000000000000000E+00	0.0000000000000000E+00	0.0000000000000000E+00	0.0000000000000000E+00	0.0000000000000000E+00	0.0000000000000000E+00	0.0000000000000000E+00	
2.4997481469843186E-01	0.0000000000000000E+00	0.0000000000000000E+00	0.0000000000000000E+00	0.0000000000000000E+00	0.0000000000000000E+00	0.0000000000000000E+00	0.0000000000000000E+00	0.0000000000000000E+00	0.0000000000000000E+00	0.0000000000000000E+00	
3.0706548415082580E-12	2.4955177980806043E-01	0.0000000000000000E+00	0.0000000000000000E+00	0.0000000000000000E+00	0.0000000000000000E+00	0.0000000000000000E+00	0.0000000000000000E+00	0.0000000000000000E+00	0.0000000000000000E+00	0.0000000000000000E+00	
2.2314844284637703E-05	3.0674629503124606E-12	2.4971594355263538E-01	0.0000000000000000E+00	0.0000000000000000E+00	0.0000000000000000E+00	0.0000000000000000E+00	0.0000000000000000E+00	0.0000000000000000E+00	0.0000000000000000E+00	0.0000000000000000E+00	
2.5571044406337784E-16	4.8032890985054403E-07	3.0726532429525832E-12	2.4997433436952204E-01	0.0000000000000000E+00	0.0000000000000000E+00	0.0000000000000000E+00	0.0000000000000000E+00	0.0000000000000000E+00	0.0000000000000000E+00	0.0000000000000000E+00	
1.0410006190397780E-12	8.4599736753102769E-02	9.6947608533423935E-03	1.9154955399613982E-12	1.5567128391280124E-01	0.0000000000000000E+00	0.0000000000000000E+00	0.0000000000000000E+00	0.0000000000000000E+00	0.0000000000000000E+00	0.0000000000000000E+00	
4.2812418942631020E-02	4.4168653466226254E-06	2.1050472428385814E-03	6.4652143742387869E-02	1.0740158762345686E-12	1.4016390490543879E-01	0.0000000000000000E+00	0.0000000000000000E+00	0.0000000000000000E+00	0.0000000000000000E+00	0.0000000000000000E+00	
3.4119582159597428E-13	2.3666832382751579E-13	1.9258307988974072E-02	6.1202988442148519E-02	2.9234363382408916E-03	1.1168843627729075E-12	1.6188154169039951E-01	0.0000000000000000E+00	0.0000000000000000E+00	0.0000000000000000E+00	0.0000000000000000E+00	
0.0000000000000000E+00	2.7755575615628914E-17	2.3700486018185529E-13	7.5295325530078117E-13	3.6110003875933216E-14	1.8701800873655028E-05	1.9917401061775308E-12	2.4995463802397505E-01	0.0000000000000000E+00	0.0000000000000000E+00	0.0000000000000000E+00	
1.6259216195635418E-13	2.7755575615628914E-17	7.9380946260698693E-15	2.4553969968366118E-13	0.0000000000000000E+00	5.3247684039803289E-13	7.7148453707910070E-02	2.1263546479133311E-12	1.7282636099052179E-01	0.0000000000000000E+00	0.0000000000000000E+00	
1.8507859844809647E-02	3.3765978539115775E-02	2.6441721613324531E-02	4.2523931880203029E-02	1.0963584147901207E-02	3.8464182417631429E-02	1.3838111129078798E-02	4.5969258531147195E-02	1.2142196970099661E-13	1.4272914658851223E-02	0.0000000000000000E+00	

==============================================================

