#stage		 order
4	 		2


A
0.0000000000000000E+00	0.0000000000000000E+00	0.0000000000000000E+00	0.0000000000000000E+00	
6.1878141692423239E-01	0.0000000000000000E+00	0.0000000000000000E+00	0.0000000000000000E+00	
6.1878141692423239E-01	6.1878141692423239E-01	0.0000000000000000E+00	0.0000000000000000E+00	
4.1992507068594942E-01	1.2900830854546227E-01	1.2900830854546227E-01	0.0000000000000000E+00	

b
3.3318380256760077E-01	
1.0558783307728765E-01	
9.6822836055566533E-02	
4.6440552829954512E-01	

c
0.0000000000000000E+00	
6.1878141692423239E-01	
1.2375628338484648E+00	
6.7794168777687402E-01	

r
1.6160795600014703E+00	

errcoeff
3.9013274435208661E-02	

v_opt
1.0000000000000000E+00	
1.8424706205166785E-11	
0.0000000000000000E+00	
3.2136767654092668E-01	
2.2035679325819879E-01	

alpha_opt
0.0000000000000000E+00	0.0000000000000000E+00	0.0000000000000000E+00	0.0000000000000000E+00	0.0000000000000000E+00	
9.9999999998157529E-01	0.0000000000000000E+00	0.0000000000000000E+00	0.0000000000000000E+00	0.0000000000000000E+00	
1.8424729521348364E-11	9.9999999998157529E-01	0.0000000000000000E+00	0.0000000000000000E+00	0.0000000000000000E+00	
4.7014463294838865E-01	3.8413111957085189E-12	2.0848769050684332E-01	0.0000000000000000E+00	0.0000000000000000E+00	
1.4961992386150653E-02	1.4164932530016286E-02	2.8829345987829927E-12	7.5051628182275132E-01	0.0000000000000000E+00	

beta_opt
0.0000000000000000E+00	0.0000000000000000E+00	0.0000000000000000E+00	0.0000000000000000E+00	0.0000000000000000E+00	
6.1878141692423239E-01	0.0000000000000000E+00	0.0000000000000000E+00	0.0000000000000000E+00	0.0000000000000000E+00	
1.1400880239875733E-11	6.1878141692423239E-01	0.0000000000000000E+00	0.0000000000000000E+00	0.0000000000000000E+00	
2.9091676214048712E-01	2.3769319845712289E-12	1.2900830854546227E-01	0.0000000000000000E+00	0.0000000000000000E+00	
9.2582028488824575E-03	8.7649970217211215E-03	1.7839063559677015E-12	4.6440552829954512E-01	0.0000000000000000E+00	

==============================================================

