#stage		 order
5	 		4


A
0.0000000000000000E+00	0.0000000000000000E+00	0.0000000000000000E+00	0.0000000000000000E+00	0.0000000000000000E+00	
4.6161155678566584E-01	0.0000000000000000E+00	0.0000000000000000E+00	0.0000000000000000E+00	0.0000000000000000E+00	
7.0531261665743167E-02	1.7955121466342621E+00	0.0000000000000000E+00	0.0000000000000000E+00	0.0000000000000000E+00	
1.7284105375655165E-01	2.9104417156148393E-01	3.0835204630605871E-02	0.0000000000000000E+00	0.0000000000000000E+00	
1.5563389725995348E-02	2.3643512616536963E-01	1.1989105645589825E-03	4.5690227481192763E-01	0.0000000000000000E+00	

b
1.9177836266792914E-01	
3.1772450937882002E-01	
7.7204410045069215E-03	
1.8068426949809972E-02	
4.6470825999893406E-01	

c
0.0000000000000000E+00	
4.6161155678566584E-01	
1.8660434083000053E+00	
4.9472042994864140E-01	
7.1009970126785160E-01	

r
8.5097466769873786E-02	

errcoeff
1.2592666900757317E-02	

v_opt
1.0000000000000000E+00	
9.6071802588909916E-01	
8.4720646477905737E-01	
9.5927437599006049E-01	
9.4196171962519293E-01	
9.1842277679621287E-01	

alpha_opt
0.0000000000000000E+00	0.0000000000000000E+00	0.0000000000000000E+00	0.0000000000000000E+00	0.0000000000000000E+00	0.0000000000000000E+00	
3.9281974110900841E-02	0.0000000000000000E+00	0.0000000000000000E+00	0.0000000000000000E+00	0.0000000000000000E+00	0.0000000000000000E+00	
4.9765729587792786E-13	1.5279353522044500E-01	0.0000000000000000E+00	0.0000000000000000E+00	0.0000000000000000E+00	0.0000000000000000E+00	
1.3735434393249198E-02	2.4366191815512649E-02	2.6239978011776727E-03	0.0000000000000000E+00	0.0000000000000000E+00	0.0000000000000000E+00	
1.0667645730785367E-13	1.9157054230028052E-02	8.4593415975117115E-15	3.8881226144663918E-02	0.0000000000000000E+00	0.0000000000000000E+00	
1.5236645176422764E-02	2.6142126945412177E-02	6.5295537215843925E-04	1.2748778430641278E-13	3.9545495709666242E-02	0.0000000000000000E+00	

beta_opt
0.0000000000000000E+00	0.0000000000000000E+00	0.0000000000000000E+00	0.0000000000000000E+00	0.0000000000000000E+00	0.0000000000000000E+00	
4.6161155678566584E-01	0.0000000000000000E+00	0.0000000000000000E+00	0.0000000000000000E+00	0.0000000000000000E+00	0.0000000000000000E+00	
5.8480859044252043E-12	1.7955121466342621E+00	0.0000000000000000E+00	0.0000000000000000E+00	0.0000000000000000E+00	0.0000000000000000E+00	
1.6140826414412951E-01	2.8633275163672783E-01	3.0835204630605871E-02	0.0000000000000000E+00	0.0000000000000000E+00	0.0000000000000000E+00	
1.2535797053181419E-12	2.2511897191278601E-01	9.9407678269547439E-14	4.5690227481192763E-01	0.0000000000000000E+00	0.0000000000000000E+00	
1.7904933902309991E-01	3.0720217580947534E-01	7.6730294919159494E-03	1.4981384188761382E-12	4.6470825999893406E-01	0.0000000000000000E+00	

==============================================================

