#stage		 order
5	 		2


A
0.0000000000000000E+00	0.0000000000000000E+00	0.0000000000000000E+00	0.0000000000000000E+00	0.0000000000000000E+00	
5.0064463450959418E-01	0.0000000000000000E+00	0.0000000000000000E+00	0.0000000000000000E+00	0.0000000000000000E+00	
5.0064463450959418E-01	5.0064463450959418E-01	0.0000000000000000E+00	0.0000000000000000E+00	0.0000000000000000E+00	
1.8911006851116841E-01	1.8911006851116841E-01	1.8911006851116841E-01	0.0000000000000000E+00	0.0000000000000000E+00	
1.2985690797327659E-01	1.2925703499003097E-01	7.6900483087127366E-02	2.0358415896027454E-01	0.0000000000000000E+00	

b
2.0397488437690658E-01	
2.0303906351373707E-01	
1.6227793709409755E-01	
1.2451258762184987E-01	
3.0619552739340883E-01	

c
0.0000000000000000E+00	
5.0064463450959418E-01	
1.0012892690191884E+00	
5.6733020553350522E-01	
5.3959858501070945E-01	

r
1.9974247821102662E+00	

errcoeff
1.2782403298939527E-02	

v_opt
1.0000000000000000E+00	
1.7385093364907789E-11	
1.1102230246251565E-16	
6.2226686260922193E-01	
4.8757948021253650E-01	
1.3961007863477026E-01	

alpha_opt
0.0000000000000000E+00	0.0000000000000000E+00	0.0000000000000000E+00	0.0000000000000000E+00	0.0000000000000000E+00	0.0000000000000000E+00	
9.9999999998261491E-01	0.0000000000000000E+00	0.0000000000000000E+00	0.0000000000000000E+00	0.0000000000000000E+00	0.0000000000000000E+00	
1.7384994912061256E-11	9.9999999998261491E-01	0.0000000000000000E+00	0.0000000000000000E+00	0.0000000000000000E+00	0.0000000000000000E+00	
1.1416690697467460E-22	6.5669403328086901E-12	3.7773313738421116E-01	0.0000000000000000E+00	0.0000000000000000E+00	0.0000000000000000E+00	
1.1982011646505138E-03	1.0457827427488396E-01	2.6703628052746779E-12	4.0664404434525864E-01	0.0000000000000000E+00	0.0000000000000000E+00	
1.1364089158610385E-03	1.7456946451771090E-02	2.3019403141698899E-01	4.3237679399749780E-12	6.1160253457628488E-01	0.0000000000000000E+00	

beta_opt
0.0000000000000000E+00	0.0000000000000000E+00	0.0000000000000000E+00	0.0000000000000000E+00	0.0000000000000000E+00	0.0000000000000000E+00	
5.0064463450959418E-01	0.0000000000000000E+00	0.0000000000000000E+00	0.0000000000000000E+00	0.0000000000000000E+00	0.0000000000000000E+00	
8.7037044238513772E-12	5.0064463450959418E-01	0.0000000000000000E+00	0.0000000000000000E+00	0.0000000000000000E+00	0.0000000000000000E+00	
5.7157049416420487E-23	3.2877034428224761E-12	1.8911006851116841E-01	0.0000000000000000E+00	0.0000000000000000E+00	0.0000000000000000E+00	
5.9987298415585533E-04	5.2356551902903600E-02	1.3369028106779979E-12	2.0358415896027454E-01	0.0000000000000000E+00	0.0000000000000000E+00	
5.6893702634458476E-04	8.7397265761524345E-03	1.1524540672705204E-01	2.1646712200507068E-12	3.0619552739340883E-01	0.0000000000000000E+00	

==============================================================

