#stage		 order
9	 		4


A
0.0000000000000000E+00	0.0000000000000000E+00	0.0000000000000000E+00	0.0000000000000000E+00	0.0000000000000000E+00	0.0000000000000000E+00	0.0000000000000000E+00	0.0000000000000000E+00	0.0000000000000000E+00	
3.1125712656632221E-01	0.0000000000000000E+00	0.0000000000000000E+00	0.0000000000000000E+00	0.0000000000000000E+00	0.0000000000000000E+00	0.0000000000000000E+00	0.0000000000000000E+00	0.0000000000000000E+00	
1.1465837842274168E-01	1.1465837842274168E-01	0.0000000000000000E+00	0.0000000000000000E+00	0.0000000000000000E+00	0.0000000000000000E+00	0.0000000000000000E+00	0.0000000000000000E+00	0.0000000000000000E+00	
1.0003002673745494E-01	1.0002709841630855E-01	2.7153835297614570E-01	0.0000000000000000E+00	0.0000000000000000E+00	0.0000000000000000E+00	0.0000000000000000E+00	0.0000000000000000E+00	0.0000000000000000E+00	
6.5883120367858317E-02	6.5358715933235334E-02	1.1960682454272943E-01	1.3710209300769641E-01	0.0000000000000000E+00	0.0000000000000000E+00	0.0000000000000000E+00	0.0000000000000000E+00	0.0000000000000000E+00	
6.5521178506669012E-02	6.4999790742665500E-02	1.1892030325065905E-01	1.3631340430055167E-01	3.0946659970159085E-01	0.0000000000000000E+00	0.0000000000000000E+00	0.0000000000000000E+00	0.0000000000000000E+00	
1.0547017692828375E-01	6.0974281081850691E-02	1.2270583591161260E-01	1.0145182269683856E-01	2.3032181438514807E-01	2.3165442151169399E-01	0.0000000000000000E+00	0.0000000000000000E+00	0.0000000000000000E+00	
8.1061005020245255E-02	4.6862882464325191E-02	9.4307781313460959E-02	7.7972626466089712E-02	1.7701798077803119E-01	1.7804217999833213E-01	2.3922227338573515E-01	0.0000000000000000E+00	0.0000000000000000E+00	
1.0344918869346610E-01	8.9576369594651276E-02	1.6172638027376104E-01	1.4145575887364320E-01	1.1762843146933458E-01	1.0204855841280913E-01	9.6492265135979555E-02	1.2554811371461380E-01	0.0000000000000000E+00	

b
1.0087845600232452E-01	
8.4949733847381803E-02	
1.3453079319115394E-01	
1.3080899095381221E-01	
1.5597799295369780E-01	
1.5203077806854859E-01	
1.1054609974783250E-01	
3.7444722708390138E-02	
9.2832432526858383E-02	

c
0.0000000000000000E+00	
3.1125712656632221E-01	
2.2931675684548336E-01	
4.7159547812990921E-01	
3.8795075385151950E-01	
6.9522127650213617E-01	
8.5257835251542768E-01	
8.9448672942621965E-01	
9.3792506616825866E-01	

r
3.2127778439377241E+00	

errcoeff
1.1281977346575432E-03	

v_opt
1.0000000000000000E+00	
1.9995782807313844E-11	
6.3162810218158838E-01	
1.2759818774461729E-01	
4.8941207445802681E-01	
5.6946767502024098E-03	
4.1636079305730211E-03	
2.3143198028996081E-01	
4.2456038684690611E-12	
7.1917372161194759E-02	

alpha_opt
0.0000000000000000E+00	0.0000000000000000E+00	0.0000000000000000E+00	0.0000000000000000E+00	0.0000000000000000E+00	0.0000000000000000E+00	0.0000000000000000E+00	0.0000000000000000E+00	0.0000000000000000E+00	0.0000000000000000E+00	
9.9999999998000422E-01	0.0000000000000000E+00	0.0000000000000000E+00	0.0000000000000000E+00	0.0000000000000000E+00	0.0000000000000000E+00	0.0000000000000000E+00	0.0000000000000000E+00	0.0000000000000000E+00	0.0000000000000000E+00	
7.3658712975865721E-12	3.6837189781104579E-01	0.0000000000000000E+00	0.0000000000000000E+00	0.0000000000000000E+00	0.0000000000000000E+00	0.0000000000000000E+00	0.0000000000000000E+00	0.0000000000000000E+00	0.0000000000000000E+00	
9.4080452988568257E-06	6.4259485783927060E-12	8.7239240420365793E-01	0.0000000000000000E+00	0.0000000000000000E+00	0.0000000000000000E+00	0.0000000000000000E+00	0.0000000000000000E+00	0.0000000000000000E+00	0.0000000000000000E+00	
1.6806509078447114E-03	6.8428707862636134E-02	7.6838158405670491E-12	4.4047856676380848E-01	0.0000000000000000E+00	0.0000000000000000E+00	0.0000000000000000E+00	0.0000000000000000E+00	0.0000000000000000E+00	0.0000000000000000E+00	
2.7900487664790475E-14	5.2989632839234680E-05	4.8986680384088455E-06	8.7570068585925857E-12	9.9424743494013501E-01	0.0000000000000000E+00	0.0000000000000000E+00	0.0000000000000000E+00	0.0000000000000000E+00	0.0000000000000000E+00	
1.4170872584559174E-01	8.1013214779908598E-13	1.0987347334012972E-01	-9.6826279799105568E-18	1.4796392656499982E-11	7.4425419286809902E-01	0.0000000000000000E+00	0.0000000000000000E+00	0.0000000000000000E+00	0.0000000000000000E+00	
2.1778376348552695E-12	-2.2293124595461915E-17	1.6885405170261228E-12	6.3210643765432994E-17	7.6555478789894748E-17	1.1437799677446072E-11	7.6856801969473487E-01	0.0000000000000000E+00	0.0000000000000000E+00	0.0000000000000000E+00	
1.4110656143943574E-12	7.0508737000742921E-02	8.9055022716069063E-02	2.8800290279480145E-01	5.1940703188573321E-02	9.7134436205538105E-02	6.1988708112633309E-12	4.0335819808241968E-01	0.0000000000000000E+00	0.0000000000000000E+00	
1.9109220540738044E-12	5.8361536349441898E-02	3.0904512764196943E-12	1.1362958502432724E-01	4.1892348014808212E-12	1.9514140768224014E-01	2.6270011635602919E-01	2.4055173163487224E-12	2.9824998241517059E-01	0.0000000000000000E+00	

beta_opt
0.0000000000000000E+00	0.0000000000000000E+00	0.0000000000000000E+00	0.0000000000000000E+00	0.0000000000000000E+00	0.0000000000000000E+00	0.0000000000000000E+00	0.0000000000000000E+00	0.0000000000000000E+00	0.0000000000000000E+00	
3.1125712656632221E-01	0.0000000000000000E+00	0.0000000000000000E+00	0.0000000000000000E+00	0.0000000000000000E+00	0.0000000000000000E+00	0.0000000000000000E+00	0.0000000000000000E+00	0.0000000000000000E+00	0.0000000000000000E+00	
2.2926799347899873E-12	1.1465837842274168E-01	0.0000000000000000E+00	0.0000000000000000E+00	0.0000000000000000E+00	0.0000000000000000E+00	0.0000000000000000E+00	0.0000000000000000E+00	0.0000000000000000E+00	0.0000000000000000E+00	
2.9283211463865255E-06	2.0001222900134508E-12	2.7153835297614570E-01	0.0000000000000000E+00	0.0000000000000000E+00	0.0000000000000000E+00	0.0000000000000000E+00	0.0000000000000000E+00	0.0000000000000000E+00	0.0000000000000000E+00	
5.2311457234728576E-04	2.1298922984396312E-02	2.3916424396475122E-12	1.3710209300769641E-01	0.0000000000000000E+00	0.0000000000000000E+00	0.0000000000000000E+00	0.0000000000000000E+00	0.0000000000000000E+00	0.0000000000000000E+00	
8.6842256205154483E-15	1.6493400855674412E-05	1.5247453376679079E-06	2.7256807921816062E-12	3.0946659970159085E-01	0.0000000000000000E+00	0.0000000000000000E+00	0.0000000000000000E+00	0.0000000000000000E+00	0.0000000000000000E+00	
4.4107850816955577E-02	2.5215940446798868E-13	3.4198901598394019E-02	-3.0137869626978958E-18	4.6054826619013056E-12	2.3165442151169399E-01	0.0000000000000000E+00	0.0000000000000000E+00	0.0000000000000000E+00	0.0000000000000000E+00	
6.7786748436660095E-13	-6.9388939039072284E-18	5.2557026943087224E-13	1.9674763347229497E-17	2.3828438351528134E-17	3.5600966619142582E-12	2.3922227338573515E-01	0.0000000000000000E+00	0.0000000000000000E+00	0.0000000000000000E+00	
4.3920422854171193E-13	2.1946346877110598E-02	2.7719010477456472E-02	8.9642955968462182E-02	1.6166914026632812E-02	3.0233785504580071E-02	1.9294427167082517E-12	1.2554811371461380E-01	0.0000000000000000E+00	0.0000000000000000E+00	
5.9478810765511980E-13	1.8165444106486482E-02	9.6192498411085126E-13	3.5368018128302904E-02	1.3039291868466307E-12	6.0739153830495829E-02	8.1767283367251156E-02	7.4873440780720557E-13	9.2832432526858383E-02	0.0000000000000000E+00	

==============================================================

