#stage		 order
9	 		3


A
0.0000000000000000E+00	0.0000000000000000E+00	0.0000000000000000E+00	0.0000000000000000E+00	0.0000000000000000E+00	0.0000000000000000E+00	0.0000000000000000E+00	0.0000000000000000E+00	0.0000000000000000E+00	
2.9760528580575646E-01	0.0000000000000000E+00	0.0000000000000000E+00	0.0000000000000000E+00	0.0000000000000000E+00	0.0000000000000000E+00	0.0000000000000000E+00	0.0000000000000000E+00	0.0000000000000000E+00	
2.2264114419684630E-01	2.2266580639564432E-01	0.0000000000000000E+00	0.0000000000000000E+00	0.0000000000000000E+00	0.0000000000000000E+00	0.0000000000000000E+00	0.0000000000000000E+00	0.0000000000000000E+00	
2.2264154841031139E-01	2.2266435562350692E-01	2.9763760091707298E-01	0.0000000000000000E+00	0.0000000000000000E+00	0.0000000000000000E+00	0.0000000000000000E+00	0.0000000000000000E+00	0.0000000000000000E+00	
2.2264053828459338E-01	2.2266307947898781E-01	2.9763389700554149E-01	2.9763583624257706E-01	0.0000000000000000E+00	0.0000000000000000E+00	0.0000000000000000E+00	0.0000000000000000E+00	0.0000000000000000E+00	
2.2142931679822891E-01	2.2144503853978742E-01	2.9600493239530101E-01	2.9600381285966215E-01	2.9600641201161271E-01	0.0000000000000000E+00	0.0000000000000000E+00	0.0000000000000000E+00	0.0000000000000000E+00	
8.8277406054330890E-02	7.5523827333345825E-02	1.0094282951495535E-01	9.7803278043885791E-02	2.0318585985537544E-02	1.3986949392757473E-02	0.0000000000000000E+00	0.0000000000000000E+00	0.0000000000000000E+00	
8.8629964047199070E-02	7.5909810405660874E-02	1.0145876423221008E-01	9.8327543966199943E-02	2.1047855874227542E-02	1.4733936813532736E-02	2.9684943815445014E-01	0.0000000000000000E+00	0.0000000000000000E+00	
1.5070240721170355E-01	1.1198890956946173E-01	1.4596491624855973E-01	8.9753910993002131E-02	1.4983378381445759E-02	4.6586815196581737E-03	8.1965896475003366E-02	8.2183075948063858E-02	0.0000000000000000E+00	

b
1.5694532782054102E-01	
1.1783771972581879E-01	
1.5405641816580068E-01	
9.9593437157307937E-02	
2.7336418682345605E-02	
1.7467596173733099E-02	
7.5752332196046573E-02	
7.5948995431859859E-02	
2.7506175464654642E-01	

c
0.0000000000000000E+00	
2.9760528580575646E-01	
4.4530695059249059E-01	
7.4294350495089123E-01	
1.0405733510116997E+00	
1.3308895126045923E+00	
3.9685287632481286E-01	
6.9695731349348033E-01	
6.8220117634689836E-01	

r
3.3597686631324257E+00	

errcoeff
7.6345800364747522E-03	

v_opt
1.0000000000000000E+00	
1.1508678119742655E-04	
2.5189116354857566E-01	
2.8368978621795549E-07	
6.5288913573269269E-06	
5.4485186421785459E-03	
6.1769503771123513E-01	
4.7218401924009612E-06	
1.9991009974762175E-01	
2.7663427104585026E-12	

alpha_opt
0.0000000000000000E+00	0.0000000000000000E+00	0.0000000000000000E+00	0.0000000000000000E+00	0.0000000000000000E+00	0.0000000000000000E+00	0.0000000000000000E+00	0.0000000000000000E+00	0.0000000000000000E+00	0.0000000000000000E+00	
9.9988491321880257E-01	0.0000000000000000E+00	0.0000000000000000E+00	0.0000000000000000E+00	0.0000000000000000E+00	0.0000000000000000E+00	0.0000000000000000E+00	0.0000000000000000E+00	0.0000000000000000E+00	0.0000000000000000E+00	
3.2377826621748532E-06	7.4810559866876214E-01	0.0000000000000000E+00	0.0000000000000000E+00	0.0000000000000000E+00	0.0000000000000000E+00	0.0000000000000000E+00	0.0000000000000000E+00	0.0000000000000000E+00	0.0000000000000000E+00	
6.2317826306741485E-06	1.0435213601702284E-11	9.9999348451714787E-01	0.0000000000000000E+00	0.0000000000000000E+00	0.0000000000000000E+00	0.0000000000000000E+00	0.0000000000000000E+00	0.0000000000000000E+00	0.0000000000000000E+00	
8.9338603393792524E-07	5.0220895841436247E-06	1.3948681005358459E-11	9.9998755561907593E-01	0.0000000000000000E+00	0.0000000000000000E+00	0.0000000000000000E+00	0.0000000000000000E+00	0.0000000000000000E+00	0.0000000000000000E+00	
2.2497602579899378E-05	2.0320132413998837E-06	1.0241042823033481E-05	3.6435501674017773E-06	9.9451306714900967E-01	0.0000000000000000E+00	0.0000000000000000E+00	0.0000000000000000E+00	0.0000000000000000E+00	0.0000000000000000E+00	
4.2874012513506539E-02	2.6209432021592619E-05	1.0549826355380126E-02	2.6033131855041047E-01	2.1530681175495982E-02	4.6992914261950167E-02	0.0000000000000000E+00	0.0000000000000000E+00	0.0000000000000000E+00	0.0000000000000000E+00	
1.5851112852693790E-06	8.3824756890755596E-08	1.4677463990081432E-13	2.3205585307529399E-06	1.1398259084593413E-05	2.6344504401265914E-03	9.9734543996587677E-01	0.0000000000000000E+00	0.0000000000000000E+00	0.0000000000000000E+00	
1.1830047445537829E-01	9.3720700855540722E-03	1.8595249921047707E-01	1.7951990332803033E-01	2.8842069843746137E-02	1.9834660853203599E-03	3.2940375863618270E-06	2.7611612320628559E-01	0.0000000000000000E+00	0.0000000000000000E+00	
1.1193976124135986E-02	2.4150586119100809E-05	8.4526953477431273E-03	1.0607981192386417E-02	1.3420619372065726E-03	4.4221657470250815E-02	1.3579742567393031E-05	3.3922028462789447E-08	9.2414386367479573E-01	0.0000000000000000E+00	

beta_opt
0.0000000000000000E+00	0.0000000000000000E+00	0.0000000000000000E+00	0.0000000000000000E+00	0.0000000000000000E+00	0.0000000000000000E+00	0.0000000000000000E+00	0.0000000000000000E+00	0.0000000000000000E+00	0.0000000000000000E+00	
2.9760528580575646E-01	0.0000000000000000E+00	0.0000000000000000E+00	0.0000000000000000E+00	0.0000000000000000E+00	0.0000000000000000E+00	0.0000000000000000E+00	0.0000000000000000E+00	0.0000000000000000E+00	0.0000000000000000E+00	
9.6369214278024806E-07	2.2266580639564432E-01	0.0000000000000000E+00	0.0000000000000000E+00	0.0000000000000000E+00	0.0000000000000000E+00	0.0000000000000000E+00	0.0000000000000000E+00	0.0000000000000000E+00	0.0000000000000000E+00	
1.8548249167104779E-06	3.1059321781157223E-12	2.9763760091707298E-01	0.0000000000000000E+00	0.0000000000000000E+00	0.0000000000000000E+00	0.0000000000000000E+00	0.0000000000000000E+00	0.0000000000000000E+00	0.0000000000000000E+00	
2.6590700834665594E-07	1.4947724345792945E-06	4.1516790005857729E-12	2.9763583624257706E-01	0.0000000000000000E+00	0.0000000000000000E+00	0.0000000000000000E+00	0.0000000000000000E+00	0.0000000000000000E+00	0.0000000000000000E+00	
6.6961760870874728E-06	6.0480748681479568E-07	3.0481392768358824E-06	1.0844645964569466E-06	2.9600641201161271E-01	0.0000000000000000E+00	0.0000000000000000E+00	0.0000000000000000E+00	0.0000000000000000E+00	0.0000000000000000E+00	
1.2761001370294256E-02	7.8009632953485175E-06	3.1400454654194332E-03	7.7484893948420286E-02	6.4083820448883316E-03	1.3986949392757473E-02	0.0000000000000000E+00	0.0000000000000000E+00	0.0000000000000000E+00	0.0000000000000000E+00	
4.7179179408550016E-07	2.4949562096865385E-08	4.3685936330514709E-14	6.9068997405963478E-07	3.3925725928181686E-06	7.8411661763258186E-04	2.9684943815445014E-01	0.0000000000000000E+00	0.0000000000000000E+00	0.0000000000000000E+00	
3.5210898820257741E-02	2.7894986308214763E-03	5.5346816360773224E-02	5.3432221480142615E-02	8.5845404062010675E-03	5.9035793360212325E-04	9.8043583254825428E-07	8.2183075948063858E-02	0.0000000000000000E+00	0.0000000000000000E+00	
3.3317699064005224E-03	7.1881693476244513E-06	2.5158563566041181E-03	3.1573546443653677E-03	3.9945069788645607E-04	1.3162113795548745E-02	4.0418683335541328E-06	1.0096536953718704E-08	2.7506175464654642E-01	0.0000000000000000E+00	

==============================================================

