#stage		 order
7	 		2


A
0.0000000000000000E+00	0.0000000000000000E+00	0.0000000000000000E+00	0.0000000000000000E+00	0.0000000000000000E+00	0.0000000000000000E+00	0.0000000000000000E+00	
3.5711284424520057E-01	0.0000000000000000E+00	0.0000000000000000E+00	0.0000000000000000E+00	0.0000000000000000E+00	0.0000000000000000E+00	0.0000000000000000E+00	
2.4492692172948460E-01	2.4492692172948460E-01	0.0000000000000000E+00	0.0000000000000000E+00	0.0000000000000000E+00	0.0000000000000000E+00	0.0000000000000000E+00	
2.4262281822563839E-01	1.6215585242648306E-01	2.3642945112821928E-01	0.0000000000000000E+00	0.0000000000000000E+00	0.0000000000000000E+00	0.0000000000000000E+00	
2.8008250108354460E-01	2.4256398249505001E-01	8.1630406007960052E-02	1.2329794924991788E-01	0.0000000000000000E+00	0.0000000000000000E+00	0.0000000000000000E+00	
2.2114223231716679E-01	1.7402604082446466E-01	5.3678909774697296E-02	8.1040631587651832E-02	2.3472126358754555E-01	0.0000000000000000E+00	0.0000000000000000E+00	
2.2116740218946679E-01	1.7401137009709544E-01	5.3897748213977741E-02	8.1371220131674624E-02	2.3443941076505101E-01	3.5668402385815451E-01	0.0000000000000000E+00	

b
2.3460939705346184E-01	
1.8045544161100499E-01	
1.5855696208838432E-01	
8.3669567045552437E-02	
8.8136313200321503E-02	
1.2720969110658620E-01	
1.2736262789468866E-01	

c
0.0000000000000000E+00	
3.5711284424520057E-01	
4.8985384345896921E-01	
6.4120812178034070E-01	
7.2757483883647256E-01	
7.6460907809152612E-01	
1.1215711752554200E+00	

r
2.8002353208930808E+00	

errcoeff
2.2543498410111690E-02	

v_opt
1.0000000000000000E+00	
1.0068834654930470E-11	
3.1414698273548214E-01	
1.1261546025986857E-01	
1.0501202271496113E-01	
2.3895125328688049E-01	
2.5717810030467803E-06	
6.6136388950396752E-02	

alpha_opt
0.0000000000000000E+00	0.0000000000000000E+00	0.0000000000000000E+00	0.0000000000000000E+00	0.0000000000000000E+00	0.0000000000000000E+00	0.0000000000000000E+00	0.0000000000000000E+00	
9.9999999998993117E-01	0.0000000000000000E+00	0.0000000000000000E+00	0.0000000000000000E+00	0.0000000000000000E+00	0.0000000000000000E+00	0.0000000000000000E+00	0.0000000000000000E+00	
6.9057678667019066E-12	6.8585301725761205E-01	0.0000000000000000E+00	0.0000000000000000E+00	0.0000000000000000E+00	0.0000000000000000E+00	0.0000000000000000E+00	0.0000000000000000E+00	
2.2532643979362149E-01	4.5720827952843649E-12	6.6205809994193787E-01	0.0000000000000000E+00	0.0000000000000000E+00	0.0000000000000000E+00	0.0000000000000000E+00	0.0000000000000000E+00	
2.7263736963914501E-02	5.2246096783899665E-01	2.3016246873517411E-12	3.4526327247982619E-01	0.0000000000000000E+00	0.0000000000000000E+00	0.0000000000000000E+00	0.0000000000000000E+00	
6.2882688402767450E-02	4.0820430517815830E-02	7.0854934369333041E-05	2.2849532876375246E-12	6.5727477285588198E-01	0.0000000000000000E+00	0.0000000000000000E+00	0.0000000000000000E+00	
6.3513457627601087E-13	4.0968299082928618E-13	9.6150791985219005E-15	1.1982262155146410E-03	6.6100351118646405E-12	9.9879920199581784E-01	0.0000000000000000E+00	0.0000000000000000E+00	
6.9722435232748750E-02	5.7315588703331685E-02	2.8885500965307387E-01	1.4865532489446590E-01	1.2669923373517956E-02	3.5867214639238237E-12	3.5664532918887853E-01	0.0000000000000000E+00	

beta_opt
0.0000000000000000E+00	0.0000000000000000E+00	0.0000000000000000E+00	0.0000000000000000E+00	0.0000000000000000E+00	0.0000000000000000E+00	0.0000000000000000E+00	0.0000000000000000E+00	
3.5711284424520057E-01	0.0000000000000000E+00	0.0000000000000000E+00	0.0000000000000000E+00	0.0000000000000000E+00	0.0000000000000000E+00	0.0000000000000000E+00	0.0000000000000000E+00	
2.4661384045998602E-12	2.4492692172948460E-01	0.0000000000000000E+00	0.0000000000000000E+00	0.0000000000000000E+00	0.0000000000000000E+00	0.0000000000000000E+00	0.0000000000000000E+00	
8.0466965799155327E-02	1.6327494911649865E-12	2.3642945112821928E-01	0.0000000000000000E+00	0.0000000000000000E+00	0.0000000000000000E+00	0.0000000000000000E+00	0.0000000000000000E+00	
9.7362306520345498E-03	1.8657752223396298E-01	8.2193973849342683E-13	1.2329794924991788E-01	0.0000000000000000E+00	0.0000000000000000E+00	0.0000000000000000E+00	0.0000000000000000E+00	
2.2456215709523081E-02	1.4577500045677575E-02	2.5303207141694315E-05	8.1598616752387443E-13	2.3472126358754555E-01	0.0000000000000000E+00	0.0000000000000000E+00	0.0000000000000000E+00	
2.2681471501468030E-13	1.4630305809539993E-13	3.4336682802615925E-15	4.2790197187590458E-04	2.3605284393823922E-12	3.5668402385815451E-01	0.0000000000000000E+00	0.0000000000000000E+00	
2.4898777153919392E-02	2.0468132901640956E-02	1.0315383407272272E-01	5.3086725885791608E-02	4.5245923723313012E-03	1.2808643035100431E-12	1.2736262789468866E-01	0.0000000000000000E+00	

==============================================================

