#stage		 order
9	 		2


A
0.0000000000000000E+00	0.0000000000000000E+00	0.0000000000000000E+00	0.0000000000000000E+00	0.0000000000000000E+00	0.0000000000000000E+00	0.0000000000000000E+00	0.0000000000000000E+00	0.0000000000000000E+00	
2.7776778488772452E-01	0.0000000000000000E+00	0.0000000000000000E+00	0.0000000000000000E+00	0.0000000000000000E+00	0.0000000000000000E+00	0.0000000000000000E+00	0.0000000000000000E+00	0.0000000000000000E+00	
1.1980265338732186E-01	1.1980265338732186E-01	0.0000000000000000E+00	0.0000000000000000E+00	0.0000000000000000E+00	0.0000000000000000E+00	0.0000000000000000E+00	0.0000000000000000E+00	0.0000000000000000E+00	
1.1983097695775224E-01	1.1966100790288904E-01	2.7743937352672521E-01	0.0000000000000000E+00	0.0000000000000000E+00	0.0000000000000000E+00	0.0000000000000000E+00	0.0000000000000000E+00	0.0000000000000000E+00	
1.1167960774176994E-01	9.0439105110541276E-02	2.0968709109110387E-01	2.0993530251868112E-01	0.0000000000000000E+00	0.0000000000000000E+00	0.0000000000000000E+00	0.0000000000000000E+00	0.0000000000000000E+00	
1.3895628807771884E-01	1.2414644478688278E-01	1.3680150227069376E-01	1.3696343710715239E-01	1.8121788036329686E-01	0.0000000000000000E+00	0.0000000000000000E+00	0.0000000000000000E+00	0.0000000000000000E+00	
1.3976033480269037E-01	1.2192249359439837E-01	1.4456493206159274E-01	1.2524757829453392E-01	1.6571649440583619E-01	2.5400751558393669E-01	0.0000000000000000E+00	0.0000000000000000E+00	0.0000000000000000E+00	
1.4464966136265006E-01	1.1589733613379159E-01	1.3092759730687703E-01	1.1533359851968152E-01	1.3391961116536275E-01	2.0526791379004491E-01	2.2446900278091966E-01	0.0000000000000000E+00	0.0000000000000000E+00	
1.6612965221892906E-01	1.3137206647777006E-01	1.1220077330810013E-01	1.0277007487668963E-01	1.2618633514146432E-01	1.1335635401111914E-01	1.1195819350996822E-01	1.3854197695904993E-01	0.0000000000000000E+00	

b
1.4279074099482508E-01	
1.1272148895001863E-01	
1.4751443278156867E-01	
1.3751357785049825E-01	
1.6103296141021445E-01	
1.1727518035060391E-01	
1.0524801199189310E-01	
2.5259642102182407E-02	
5.0643963568195546E-02	

c
0.0000000000000000E+00	
2.7776778488772452E-01	
2.3960530677464373E-01	
5.1693135838736648E-01	
6.2174110646209624E-01	
7.1808555260574458E-01	
9.5121934874298819E-01	
1.0704647210593277E+00	
1.0025154265030904E+00	

r
3.6001295125142261E+00	

errcoeff
9.9167197338587715E-03	

v_opt
1.0000000000000000E+00	
5.9218337122857179E-08	
5.6869493186279174E-01	
5.7044649593862573E-04	
1.6819964436541190E-01	
1.0963931530424220E-01	
9.2449727873145093E-09	
4.8831483708049461E-02	
2.6473494345554571E-02	
3.0565286594067320E-02	

alpha_opt
0.0000000000000000E+00	0.0000000000000000E+00	0.0000000000000000E+00	0.0000000000000000E+00	0.0000000000000000E+00	0.0000000000000000E+00	0.0000000000000000E+00	0.0000000000000000E+00	0.0000000000000000E+00	0.0000000000000000E+00	
9.9999994078166288E-01	0.0000000000000000E+00	0.0000000000000000E+00	0.0000000000000000E+00	0.0000000000000000E+00	0.0000000000000000E+00	0.0000000000000000E+00	0.0000000000000000E+00	0.0000000000000000E+00	0.0000000000000000E+00	
2.5541167430637851E-08	4.3130504259604086E-01	0.0000000000000000E+00	0.0000000000000000E+00	0.0000000000000000E+00	0.0000000000000000E+00	0.0000000000000000E+00	0.0000000000000000E+00	0.0000000000000000E+00	0.0000000000000000E+00	
6.1191057439234945E-04	2.5510969600972718E-08	9.9881761741869945E-01	0.0000000000000000E+00	0.0000000000000000E+00	0.0000000000000000E+00	0.0000000000000000E+00	0.0000000000000000E+00	0.0000000000000000E+00	0.0000000000000000E+00	
7.6006077371402844E-02	-1.0491984404299908E-15	4.4703960768628641E-08	7.5579423355922559E-01	0.0000000000000000E+00	0.0000000000000000E+00	0.0000000000000000E+00	0.0000000000000000E+00	0.0000000000000000E+00	0.0000000000000000E+00	
3.4286822752084161E-03	2.3452417168320838E-01	8.8093332830463577E-10	2.9199737880584686E-08	6.5240780065666981E-01	0.0000000000000000E+00	0.0000000000000000E+00	0.0000000000000000E+00	0.0000000000000000E+00	0.0000000000000000E+00	
1.5461952882080510E-02	1.4490016364724408E-08	7.0078088951871301E-02	1.3282548576399139E-15	3.5329707847345643E-08	9.1445989910134984E-01	0.0000000000000000E+00	0.0000000000000000E+00	0.0000000000000000E+00	0.0000000000000000E+00	
5.1584535358828204E-02	4.0635773824227346E-02	8.3297645387446454E-09	5.0826346965699105E-02	4.3743507581612135E-06	4.3761819939044942E-08	8.0811743370085320E-01	0.0000000000000000E+00	0.0000000000000000E+00	0.0000000000000000E+00	
5.7016678634451902E-02	1.8275961867475599E-01	6.1432204561486705E-03	1.2873505167543371E-03	1.8803891341117540E-01	3.9511669656313697E-02	2.3868778241286066E-08	4.9876903043606718E-01	0.0000000000000000E+00	0.0000000000000000E+00	
4.1493753159566243E-02	4.0723885360642254E-02	8.9166004353882951E-03	5.2046129332970474E-02	2.7000454506260430E-01	6.8507095380772598E-02	3.0541788221320976E-01	5.3851958292988501E-09	1.8232481707558290E-01	0.0000000000000000E+00	

beta_opt
0.0000000000000000E+00	0.0000000000000000E+00	0.0000000000000000E+00	0.0000000000000000E+00	0.0000000000000000E+00	0.0000000000000000E+00	0.0000000000000000E+00	0.0000000000000000E+00	0.0000000000000000E+00	0.0000000000000000E+00	
2.7776778488772452E-01	0.0000000000000000E+00	0.0000000000000000E+00	0.0000000000000000E+00	0.0000000000000000E+00	0.0000000000000000E+00	0.0000000000000000E+00	0.0000000000000000E+00	0.0000000000000000E+00	0.0000000000000000E+00	
7.0945139207800878E-09	1.1980265338732186E-01	0.0000000000000000E+00	0.0000000000000000E+00	0.0000000000000000E+00	0.0000000000000000E+00	0.0000000000000000E+00	0.0000000000000000E+00	0.0000000000000000E+00	0.0000000000000000E+00	
1.6996905486362288E-04	7.0861259360288642E-09	2.7743937352672521E-01	0.0000000000000000E+00	0.0000000000000000E+00	0.0000000000000000E+00	0.0000000000000000E+00	0.0000000000000000E+00	0.0000000000000000E+00	0.0000000000000000E+00	
2.1112040999679532E-02	-2.9143354396410359E-16	1.2417320893742811E-08	2.0993530251868112E-01	0.0000000000000000E+00	0.0000000000000000E+00	0.0000000000000000E+00	0.0000000000000000E+00	0.0000000000000000E+00	0.0000000000000000E+00	
9.5237753706665929E-04	6.5143263528748940E-02	2.4469491372737517E-10	8.1107469906971374E-09	1.8121788036329686E-01	0.0000000000000000E+00	0.0000000000000000E+00	0.0000000000000000E+00	0.0000000000000000E+00	0.0000000000000000E+00	
4.2948326564267196E-03	4.0248599869618928E-09	1.9465436690037006E-02	3.6894643142139291E-16	9.8134552706241607E-09	2.5400751558393669E-01	0.0000000000000000E+00	0.0000000000000000E+00	0.0000000000000000E+00	0.0000000000000000E+00	
1.4328522969595517E-02	1.1287309550769911E-02	2.3137403815792768E-09	1.4117922646637063E-02	1.2150537923698437E-06	1.2155624506959839E-08	2.2446900278091966E-01	0.0000000000000000E+00	0.0000000000000000E+00	0.0000000000000000E+00	
1.5837397463811298E-02	5.0764737452415519E-02	1.7063888392308824E-03	3.5758452258848050E-04	5.2231155543959004E-02	1.0975069607575147E-02	6.6299780526746233E-09	1.3854197695904993E-01	0.0000000000000000E+00	0.0000000000000000E+00	
1.1525628584339295E-02	1.1311784098512277E-02	2.4767444983354175E-03	1.4456738912903271E-02	7.4998568832947921E-02	1.9029065259878870E-02	8.4835253631265886E-02	1.4958340052717567E-09	5.0643963568195546E-02	0.0000000000000000E+00	

==============================================================

