#stage		 order
12	 		3


A
0.0000000000000000E+00	0.0000000000000000E+00	0.0000000000000000E+00	0.0000000000000000E+00	0.0000000000000000E+00	0.0000000000000000E+00	0.0000000000000000E+00	0.0000000000000000E+00	0.0000000000000000E+00	0.0000000000000000E+00	0.0000000000000000E+00	0.0000000000000000E+00	
1.6365435851972271E-01	0.0000000000000000E+00	0.0000000000000000E+00	0.0000000000000000E+00	0.0000000000000000E+00	0.0000000000000000E+00	0.0000000000000000E+00	0.0000000000000000E+00	0.0000000000000000E+00	0.0000000000000000E+00	0.0000000000000000E+00	0.0000000000000000E+00	
1.7783655071210272E-01	2.2502888005369173E-01	0.0000000000000000E+00	0.0000000000000000E+00	0.0000000000000000E+00	0.0000000000000000E+00	0.0000000000000000E+00	0.0000000000000000E+00	0.0000000000000000E+00	0.0000000000000000E+00	0.0000000000000000E+00	0.0000000000000000E+00	
1.7783635414580565E-01	2.2502877307983957E-01	2.6266127685285351E-01	0.0000000000000000E+00	0.0000000000000000E+00	0.0000000000000000E+00	0.0000000000000000E+00	0.0000000000000000E+00	0.0000000000000000E+00	0.0000000000000000E+00	0.0000000000000000E+00	0.0000000000000000E+00	
6.0541095125691079E-02	8.3197806654637274E-02	6.0061344088906489E-02	6.0053785959828326E-02	0.0000000000000000E+00	0.0000000000000000E+00	0.0000000000000000E+00	0.0000000000000000E+00	0.0000000000000000E+00	0.0000000000000000E+00	0.0000000000000000E+00	0.0000000000000000E+00	
1.8075903804870810E-01	3.5529240645301781E-02	2.6602270536962257E-02	2.6599246793247051E-02	1.0538253673264625E-01	0.0000000000000000E+00	0.0000000000000000E+00	0.0000000000000000E+00	0.0000000000000000E+00	0.0000000000000000E+00	0.0000000000000000E+00	0.0000000000000000E+00	
2.0599770358729963E-01	4.6064125029530355E-02	4.5726511303639042E-02	1.3771667527544346E-02	5.6863036071672528E-02	8.0817288616185104E-02	0.0000000000000000E+00	0.0000000000000000E+00	0.0000000000000000E+00	0.0000000000000000E+00	0.0000000000000000E+00	0.0000000000000000E+00	
1.5277690131989036E-01	7.3612288351827107E-02	6.8337642016824296E-02	5.2698109791252265E-02	1.2459005346584909E-01	6.2751461576068826E-02	1.2819493000692081E-01	0.0000000000000000E+00	0.0000000000000000E+00	0.0000000000000000E+00	0.0000000000000000E+00	0.0000000000000000E+00	
1.6040556191603800E-01	6.7772210273807115E-02	6.2704675106246818E-02	4.6666973798096305E-02	1.1619523684558127E-01	8.0594578717985144E-02	1.3153086401433031E-01	2.1503319040567612E-01	0.0000000000000000E+00	0.0000000000000000E+00	0.0000000000000000E+00	0.0000000000000000E+00	
1.2359997141782637E-01	4.9614551140249694E-02	4.5898886490283758E-02	3.4528893664914490E-02	8.4974235497301348E-02	5.4236825761280860E-02	9.3236251146419660E-02	1.6219877546884379E-01	1.3906448448112779E-01	0.0000000000000000E+00	0.0000000000000000E+00	0.0000000000000000E+00	
1.4028846101802836E-01	3.4990118047898519E-02	3.2224610163912273E-02	2.3959040400538693E-02	5.5199986056247090E-02	3.0642598647822820E-02	6.6355136043746196E-02	7.0648092552060865E-02	4.8781245296804727E-02	9.2129250050537737E-02	0.0000000000000000E+00	0.0000000000000000E+00	
1.4150301174736382E-01	3.8762049210557370E-02	3.5752113591802984E-02	2.6768041561198122E-02	6.1972014301614184E-02	3.3773234169501315E-02	7.2380888841896293E-02	8.9368071938319041E-02	4.4022133161271799E-02	8.3141094564170237E-02	2.3702679215976424E-01	0.0000000000000000E+00	

b
1.4000314949119486E-01	
5.8848293585108798E-02	
4.7498126451592008E-02	
3.6104804267598399E-02	
8.6734380701788530E-02	
5.0516445614941848E-02	
9.3099248410686411E-02	
1.6418078550845044E-01	
6.9796979108102467E-02	
1.3182261620440025E-01	
5.7583635572771602E-02	
6.3811535083364374E-02	

c
0.0000000000000000E+00	
1.6365435851972271E-01	
4.0286543076579445E-01	
6.6552640407849872E-01	
2.6385403182906320E-01	
3.7487233275686543E-01	
4.4924033213587100E-01	
6.6296138652863268E-01	
8.8090329107776122E-01	
7.8735287506824769E-01	
5.9521853827759730E-01	
8.6446944524745928E-01	

r
3.8071715768190826E+00	

errcoeff
6.6016088258545871E-03	

v_opt
1.0000000000000000E+00	
3.7693977782872345E-01	
1.2551923071812965E-05	
9.0192039170489124E-07	
6.5011154387204328E-01	
1.3973711077142070E-11	
8.8828032192531658E-03	
3.1032159428789896E-06	
3.2583001868813355E-06	
2.4475552233413578E-01	
1.9096407360332668E-01	
1.0694916593556592E-05	
1.6024959137439510E-12	

alpha_opt
0.0000000000000000E+00	0.0000000000000000E+00	0.0000000000000000E+00	0.0000000000000000E+00	0.0000000000000000E+00	0.0000000000000000E+00	0.0000000000000000E+00	0.0000000000000000E+00	0.0000000000000000E+00	0.0000000000000000E+00	0.0000000000000000E+00	0.0000000000000000E+00	0.0000000000000000E+00	
6.2306022217127655E-01	0.0000000000000000E+00	0.0000000000000000E+00	0.0000000000000000E+00	0.0000000000000000E+00	0.0000000000000000E+00	0.0000000000000000E+00	0.0000000000000000E+00	0.0000000000000000E+00	0.0000000000000000E+00	0.0000000000000000E+00	0.0000000000000000E+00	0.0000000000000000E+00	
1.4326389198349360E-01	8.5672355609343454E-01	0.0000000000000000E+00	0.0000000000000000E+00	0.0000000000000000E+00	0.0000000000000000E+00	0.0000000000000000E+00	0.0000000000000000E+00	0.0000000000000000E+00	0.0000000000000000E+00	0.0000000000000000E+00	0.0000000000000000E+00	0.0000000000000000E+00	
1.7410228508571136E-12	2.5505248277308284E-06	9.9999654755303957E-01	0.0000000000000000E+00	0.0000000000000000E+00	0.0000000000000000E+00	0.0000000000000000E+00	0.0000000000000000E+00	0.0000000000000000E+00	0.0000000000000000E+00	0.0000000000000000E+00	0.0000000000000000E+00	0.0000000000000000E+00	
3.7778302859774968E-04	1.2084604167086010E-01	2.9564444642014736E-05	2.2863506698385683E-01	0.0000000000000000E+00	0.0000000000000000E+00	0.0000000000000000E+00	0.0000000000000000E+00	0.0000000000000000E+00	0.0000000000000000E+00	0.0000000000000000E+00	0.0000000000000000E+00	0.0000000000000000E+00	
5.8924060846346882E-01	1.2634339879914357E-05	1.1604078183900902E-13	9.5373586458133534E-03	4.0120939853674809E-01	0.0000000000000000E+00	0.0000000000000000E+00	0.0000000000000000E+00	0.0000000000000000E+00	0.0000000000000000E+00	0.0000000000000000E+00	0.0000000000000000E+00	0.0000000000000000E+00	
4.6867695114207186E-01	6.2500938576752913E-05	1.2165135365230119E-01	2.9416282884423278E-13	9.3041106916117527E-02	3.0768528413138524E-01	0.0000000000000000E+00	0.0000000000000000E+00	0.0000000000000000E+00	0.0000000000000000E+00	0.0000000000000000E+00	0.0000000000000000E+00	0.0000000000000000E+00	
6.4377992789197447E-05	2.5368731735047942E-06	1.5588068285091427E-04	8.9902440640966738E-02	3.3307489450891598E-01	8.8736672276631276E-02	4.8806009380872956E-01	0.0000000000000000E+00	0.0000000000000000E+00	0.0000000000000000E+00	0.0000000000000000E+00	0.0000000000000000E+00	0.0000000000000000E+00	
1.2391585138689072E-05	1.3063758632358840E-12	3.0059275369899091E-12	9.0370780709382069E-13	3.8186450379335150E-12	8.0114835760637063E-02	1.0120126376973543E-01	8.1866825057526726E-01	0.0000000000000000E+00	0.0000000000000000E+00	0.0000000000000000E+00	0.0000000000000000E+00	0.0000000000000000E+00	
3.9636371244085339E-02	6.1225933181571280E-05	2.7870344457983036E-12	5.5653127996633202E-06	1.9598071073635257E-03	5.8232285067961635E-05	1.7429777502708583E-12	1.8408092312372198E-01	5.2944235265511419E-01	0.0000000000000000E+00	0.0000000000000000E+00	0.0000000000000000E+00	0.0000000000000000E+00	
2.3238299707970880E-01	2.6704269701012221E-03	6.8839650384384477E-04	1.7871585840526949E-02	4.9571165747496704E-02	1.6582810798853882E-04	1.0255719843450241E-01	5.2360786068820581E-02	1.5679461881518963E-05	3.5075186218180282E-01	0.0000000000000000E+00	0.0000000000000000E+00	0.0000000000000000E+00	
1.1318867605581435E-11	2.9335421814280921E-14	8.0287452683023857E-15	2.3007963143420224E-05	3.2670382946584095E-05	5.7158607304290987E-06	1.7029683561882062E-12	9.7512897532433376E-02	1.3081686787731300E-12	1.3347285492990579E-05	9.0240166604429228E-01	0.0000000000000000E+00	0.0000000000000000E+00	
1.7063399730207391E-02	2.8573636346701996E-02	5.9439509201694975E-16	3.5172530246405768E-06	1.9924491980662526E-05	6.4453769499411640E-03	1.6605153378383734E-12	2.7996650569001419E-01	1.3706469426767847E-05	4.2497247042314912E-01	2.6641844726585496E-12	2.4294146263962624E-01	0.0000000000000000E+00	

beta_opt
0.0000000000000000E+00	0.0000000000000000E+00	0.0000000000000000E+00	0.0000000000000000E+00	0.0000000000000000E+00	0.0000000000000000E+00	0.0000000000000000E+00	0.0000000000000000E+00	0.0000000000000000E+00	0.0000000000000000E+00	0.0000000000000000E+00	0.0000000000000000E+00	0.0000000000000000E+00	
1.6365435851972271E-01	0.0000000000000000E+00	0.0000000000000000E+00	0.0000000000000000E+00	0.0000000000000000E+00	0.0000000000000000E+00	0.0000000000000000E+00	0.0000000000000000E+00	0.0000000000000000E+00	0.0000000000000000E+00	0.0000000000000000E+00	0.0000000000000000E+00	0.0000000000000000E+00	
3.7630006710896002E-02	2.2502888005369173E-01	0.0000000000000000E+00	0.0000000000000000E+00	0.0000000000000000E+00	0.0000000000000000E+00	0.0000000000000000E+00	0.0000000000000000E+00	0.0000000000000000E+00	0.0000000000000000E+00	0.0000000000000000E+00	0.0000000000000000E+00	0.0000000000000000E+00	
4.5730086384310198E-13	6.6992642078211873E-07	2.6266127685285351E-01	0.0000000000000000E+00	0.0000000000000000E+00	0.0000000000000000E+00	0.0000000000000000E+00	0.0000000000000000E+00	0.0000000000000000E+00	0.0000000000000000E+00	0.0000000000000000E+00	0.0000000000000000E+00	0.0000000000000000E+00	
9.9229315248770822E-05	3.1741685194365828E-02	7.7654615889613532E-06	6.0053785959828326E-02	0.0000000000000000E+00	0.0000000000000000E+00	0.0000000000000000E+00	0.0000000000000000E+00	0.0000000000000000E+00	0.0000000000000000E+00	0.0000000000000000E+00	0.0000000000000000E+00	0.0000000000000000E+00	
1.5477122493201212E-01	3.3185633022150184E-06	3.0479525153781495E-14	2.5051034484497234E-03	1.0538253673264625E-01	0.0000000000000000E+00	0.0000000000000000E+00	0.0000000000000000E+00	0.0000000000000000E+00	0.0000000000000000E+00	0.0000000000000000E+00	0.0000000000000000E+00	0.0000000000000000E+00	
1.2310371142751336E-01	1.6416633008626419E-05	3.1953210197954898E-02	7.7265450981744976E-14	2.4438380314602125E-02	8.0817288616185104E-02	0.0000000000000000E+00	0.0000000000000000E+00	0.0000000000000000E+00	0.0000000000000000E+00	0.0000000000000000E+00	0.0000000000000000E+00	0.0000000000000000E+00	
1.6909664166953053E-05	6.6634064747226284E-07	4.0943960551168002E-05	2.3613971376927896E-02	8.7486179120734545E-02	2.3307768112686353E-02	1.2819493000692081E-01	0.0000000000000000E+00	0.0000000000000000E+00	0.0000000000000000E+00	0.0000000000000000E+00	0.0000000000000000E+00	0.0000000000000000E+00	
3.2548008117860849E-06	3.4313553694452756E-13	7.8954349084994767E-13	2.3736986602002761E-13	1.0030136443628379E-12	2.1043137706062393E-02	2.6581744932945628E-02	2.1503319040567612E-01	0.0000000000000000E+00	0.0000000000000000E+00	0.0000000000000000E+00	0.0000000000000000E+00	0.0000000000000000E+00	
1.0410975824127019E-02	1.6081737307324089E-05	7.3204855352507084E-13	1.4617972128224408E-06	5.1476721441190572E-04	1.5295419156633534E-05	4.5781434199199111E-13	4.8351097241527488E-02	1.3906448448112779E-01	0.0000000000000000E+00	0.0000000000000000E+00	0.0000000000000000E+00	0.0000000000000000E+00	
6.1038225463085211E-02	7.0142017932504994E-04	1.8081572893737831E-04	4.6941897626993634E-03	1.3020470642806216E-02	4.3556772959810891E-05	2.6937897692920883E-02	1.3753198408043558E-02	4.1184016967288350E-06	9.2129250050537737E-02	0.0000000000000000E+00	0.0000000000000000E+00	0.0000000000000000E+00	
2.9730384820680911E-12	7.7053059529161952E-15	2.1088477643836645E-15	6.0433218412822713E-06	8.5812741264152434E-06	1.5013404610659024E-06	4.4730538717452362E-13	2.5612950602843874E-02	3.4360644178847623E-13	3.5058271537907748E-06	2.3702679215976424E-01	0.0000000000000000E+00	0.0000000000000000E+00	
4.4819098341428928E-03	7.5052137185061402E-03	1.5612511283791264E-16	9.2384936000756979E-07	5.2334105723576829E-06	1.6929567843130006E-03	4.3615458467094470E-13	7.3536613741829390E-02	3.6001711901795241E-06	1.1162419708527581E-01	6.9978051131514007E-13	6.3811535083364374E-02	0.0000000000000000E+00	

==============================================================

