#stage		 order
15	 		4


A
0.0000000000000000E+00	0.0000000000000000E+00	0.0000000000000000E+00	0.0000000000000000E+00	0.0000000000000000E+00	0.0000000000000000E+00	0.0000000000000000E+00	0.0000000000000000E+00	0.0000000000000000E+00	0.0000000000000000E+00	0.0000000000000000E+00	0.0000000000000000E+00	0.0000000000000000E+00	0.0000000000000000E+00	0.0000000000000000E+00	
2.3184082182716728E-01	0.0000000000000000E+00	0.0000000000000000E+00	0.0000000000000000E+00	0.0000000000000000E+00	0.0000000000000000E+00	0.0000000000000000E+00	0.0000000000000000E+00	0.0000000000000000E+00	0.0000000000000000E+00	0.0000000000000000E+00	0.0000000000000000E+00	0.0000000000000000E+00	0.0000000000000000E+00	0.0000000000000000E+00	
1.7372100943078195E-01	1.7372100943078195E-01	0.0000000000000000E+00	0.0000000000000000E+00	0.0000000000000000E+00	0.0000000000000000E+00	0.0000000000000000E+00	0.0000000000000000E+00	0.0000000000000000E+00	0.0000000000000000E+00	0.0000000000000000E+00	0.0000000000000000E+00	0.0000000000000000E+00	0.0000000000000000E+00	0.0000000000000000E+00	
1.4790910599484511E-01	1.4790910599484508E-01	1.9739333084654717E-01	0.0000000000000000E+00	0.0000000000000000E+00	0.0000000000000000E+00	0.0000000000000000E+00	0.0000000000000000E+00	0.0000000000000000E+00	0.0000000000000000E+00	0.0000000000000000E+00	0.0000000000000000E+00	0.0000000000000000E+00	0.0000000000000000E+00	0.0000000000000000E+00	
9.7785015088348679E-02	9.7785015088348679E-02	1.3049980733330732E-01	1.5327358047350254E-01	0.0000000000000000E+00	0.0000000000000000E+00	0.0000000000000000E+00	0.0000000000000000E+00	0.0000000000000000E+00	0.0000000000000000E+00	0.0000000000000000E+00	0.0000000000000000E+00	0.0000000000000000E+00	0.0000000000000000E+00	0.0000000000000000E+00	
7.4453614548358665E-02	7.4453614548358665E-02	9.9362692177841050E-02	1.1670266728200088E-01	1.7652384845775154E-01	0.0000000000000000E+00	0.0000000000000000E+00	0.0000000000000000E+00	0.0000000000000000E+00	0.0000000000000000E+00	0.0000000000000000E+00	0.0000000000000000E+00	0.0000000000000000E+00	0.0000000000000000E+00	0.0000000000000000E+00	
1.5700741043874458E-01	3.1440564258257038E-02	4.1959267219481081E-02	4.9281659890488515E-02	7.4543182815469025E-02	9.7902651208555236E-02	0.0000000000000000E+00	0.0000000000000000E+00	0.0000000000000000E+00	0.0000000000000000E+00	0.0000000000000000E+00	0.0000000000000000E+00	0.0000000000000000E+00	0.0000000000000000E+00	0.0000000000000000E+00	
1.5626031443372776E-01	3.1290959090659022E-02	4.1759610395478250E-02	4.9047160568947590E-02	7.4188480359533654E-02	9.7436796256906294E-02	2.3073764235746660E-01	0.0000000000000000E+00	0.0000000000000000E+00	0.0000000000000000E+00	0.0000000000000000E+00	0.0000000000000000E+00	0.0000000000000000E+00	0.0000000000000000E+00	0.0000000000000000E+00	
1.6470732803658844E-01	1.0102038263522277E-01	9.0185283912114639E-02	9.8738093083245299E-02	3.8946650608963906E-02	4.9655788863593855E-02	1.1758863275335646E-01	1.1815083562670778E-01	0.0000000000000000E+00	0.0000000000000000E+00	0.0000000000000000E+00	0.0000000000000000E+00	0.0000000000000000E+00	0.0000000000000000E+00	0.0000000000000000E+00	
1.1526527540094832E-01	5.0733529186822779E-02	6.5938870388019127E-02	2.8248109338527613E-02	3.8354594968467243E-02	5.0314467820588564E-02	1.1914843393231563E-01	1.1971809436917774E-01	9.1837253549841343E-03	0.0000000000000000E+00	0.0000000000000000E+00	0.0000000000000000E+00	0.0000000000000000E+00	0.0000000000000000E+00	0.0000000000000000E+00	
1.2730323634744836E-01	8.6572032537284377E-02	1.1441951024020307E-01	1.0333431860621795E-01	2.4208686675559012E-02	3.1757529644397542E-02	7.5204212358591385E-02	7.5563771129547624E-02	5.7965917724996305E-03	1.4633349195308468E-01	0.0000000000000000E+00	0.0000000000000000E+00	0.0000000000000000E+00	0.0000000000000000E+00	0.0000000000000000E+00	
1.2675962238179048E-01	8.6781047404706352E-02	1.1471907263780148E-01	1.0425341572845102E-01	2.8039738450921795E-02	3.1170715844665343E-02	7.3814593263267420E-02	7.4167508128006945E-02	5.6894826842951701E-03	1.4362955013485471E-01	2.2755688050283762E-01	0.0000000000000000E+00	0.0000000000000000E+00	0.0000000000000000E+00	0.0000000000000000E+00	
9.6592311268120137E-02	9.5101060624617956E-02	1.2687705754723339E-01	1.4351765956075066E-01	1.2346560172574378E-01	1.6194483609830851E-01	2.7533762715043794E-03	2.7665404355467029E-03	2.1222479089197846E-04	5.3575611236884617E-03	8.4881550853236707E-03	8.6479514327698764E-03	0.0000000000000000E+00	0.0000000000000000E+00	0.0000000000000000E+00	
9.4959075962882902E-02	9.3349084314939976E-02	1.2453568979142808E-01	1.4077231569397713E-01	1.2086366161330396E-01	1.5853199124986045E-01	2.9726141745897560E-03	2.9868265367450058E-03	2.2912321433235267E-04	5.7841575457900449E-03	9.1638841861683210E-03	8.4594059179971745E-03	2.2678615108386399E-01	0.0000000000000000E+00	0.0000000000000000E+00	
9.9254801987149810E-02	9.2461851538763837E-02	1.2320962774137836E-01	1.3583921841651056E-01	1.0832469020212977E-01	1.4132759677061887E-01	1.2542189777956694E-02	1.2602155226831765E-02	9.6672715265820565E-04	2.4404782250734905E-02	3.8665153297775472E-02	3.8634527723304446E-02	1.9615110606515535E-01	2.0052297468383723E-01	0.0000000000000000E+00	

b
1.2982037320089662E-01	
1.0282854837941365E-01	
9.9473429514380679E-02	
1.0828111534683936E-01	
7.0095298549748622E-02	
9.0772380135640623E-02	
4.9836457947393192E-02	
5.0074730977704103E-02	
7.8802965111549508E-02	
1.9982379818686006E-02	
3.1658712056040081E-02	
3.2192190767933310E-02	
1.0054364805986100E-01	
1.6528191620153801E-02	
1.9109578513759305E-02	

c
0.0000000000000000E+00	
2.3184082182716728E-01	
3.4744201886156395E-01	
4.9321154283623730E-01	
4.7934341798350727E-01	
5.4149643701431083E-01	
4.5213473583099545E-01	
6.8072096346271926E-01	
7.7899299551979317E-01	
5.9690510075985115E-01	
7.9049338126483359E-01	
1.0165816271615984E+00	
7.7572433596449952E-01	
9.8939398128587908E-01	
1.2249074028348053E+00	

r
4.3133042408962829E+00	

errcoeff
1.7864105372320306E-03	

v_opt
1.0000000000000000E+00	
2.1101522961166630E-03	
2.5069176978104346E-01	
1.4903290692619720E-01	
3.3909232436402226E-01	
2.3914374603993493E-01	
3.7464041605756337E-02	
4.8370273480832227E-03	
1.2232537938627885E-04	
2.8466441977847101E-01	
5.0667347944555186E-04	
1.4266567683884901E-05	
4.3805823753695350E-04	
1.8090004583155461E-02	
3.3020237897307680E-05	
3.2605644200838557E-02	

alpha_opt
0.0000000000000000E+00	0.0000000000000000E+00	0.0000000000000000E+00	0.0000000000000000E+00	0.0000000000000000E+00	0.0000000000000000E+00	0.0000000000000000E+00	0.0000000000000000E+00	0.0000000000000000E+00	0.0000000000000000E+00	0.0000000000000000E+00	0.0000000000000000E+00	0.0000000000000000E+00	0.0000000000000000E+00	0.0000000000000000E+00	0.0000000000000000E+00	
9.9788984770388334E-01	0.0000000000000000E+00	0.0000000000000000E+00	0.0000000000000000E+00	0.0000000000000000E+00	0.0000000000000000E+00	0.0000000000000000E+00	0.0000000000000000E+00	0.0000000000000000E+00	0.0000000000000000E+00	0.0000000000000000E+00	0.0000000000000000E+00	0.0000000000000000E+00	0.0000000000000000E+00	0.0000000000000000E+00	0.0000000000000000E+00	
1.5778250313828500E-03	7.4773040518757372E-01	0.0000000000000000E+00	0.0000000000000000E+00	0.0000000000000000E+00	0.0000000000000000E+00	0.0000000000000000E+00	0.0000000000000000E+00	0.0000000000000000E+00	0.0000000000000000E+00	0.0000000000000000E+00	0.0000000000000000E+00	0.0000000000000000E+00	0.0000000000000000E+00	0.0000000000000000E+00	0.0000000000000000E+00	
2.8347529132398235E-06	1.3433878295595744E-03	8.4962087049132995E-01	0.0000000000000000E+00	0.0000000000000000E+00	0.0000000000000000E+00	0.0000000000000000E+00	0.0000000000000000E+00	0.0000000000000000E+00	0.0000000000000000E+00	0.0000000000000000E+00	0.0000000000000000E+00	0.0000000000000000E+00	0.0000000000000000E+00	0.0000000000000000E+00	0.0000000000000000E+00	
3.9546349438350559E-09	1.8740993296292392E-06	1.1852674772948396E-03	6.5972053010471832E-01	0.0000000000000000E+00	0.0000000000000000E+00	0.0000000000000000E+00	0.0000000000000000E+00	0.0000000000000000E+00	0.0000000000000000E+00	0.0000000000000000E+00	0.0000000000000000E+00	0.0000000000000000E+00	0.0000000000000000E+00	0.0000000000000000E+00	0.0000000000000000E+00	
6.3538020980626504E-12	3.0110633371918613E-09	1.9043363098513132E-06	1.0599546380143353E-03	7.5979439196832377E-01	0.0000000000000000E+00	0.0000000000000000E+00	0.0000000000000000E+00	0.0000000000000000E+00	0.0000000000000000E+00	0.0000000000000000E+00	0.0000000000000000E+00	0.0000000000000000E+00	0.0000000000000000E+00	0.0000000000000000E+00	0.0000000000000000E+00	
5.4046513476006841E-01	2.6831000618400635E-12	1.6969224581449895E-09	9.4450796656107697E-07	6.7704015853111560E-04	4.2139283726807203E-01	0.0000000000000000E+00	0.0000000000000000E+00	0.0000000000000000E+00	0.0000000000000000E+00	0.0000000000000000E+00	0.0000000000000000E+00	0.0000000000000000E+00	0.0000000000000000E+00	0.0000000000000000E+00	0.0000000000000000E+00	
1.1350370209231293E-03	5.6499233567301853E-15	3.5637145106731467E-12	1.9835719828312185E-09	1.4218597928680113E-06	8.8497192490210729E-04	9.9314153985915732E-01	0.0000000000000000E+00	0.0000000000000000E+00	0.0000000000000000E+00	0.0000000000000000E+00	0.0000000000000000E+00	0.0000000000000000E+00	0.0000000000000000E+00	0.0000000000000000E+00	0.0000000000000000E+00	
3.0506174373982567E-04	1.4399015262609813E-01	2.6897315976741352E-02	3.1416995626226346E-01	4.9011113874238184E-03	9.5167962153801406E-07	1.0680014396200687E-03	5.0854512350510561E-01	0.0000000000000000E+00	0.0000000000000000E+00	0.0000000000000000E+00	0.0000000000000000E+00	0.0000000000000000E+00	0.0000000000000000E+00	0.0000000000000000E+00	0.0000000000000000E+00	
1.8120023154462242E-06	2.9546069019353405E-04	1.7925330465249478E-01	2.6260771263500391E-05	4.1116175969131294E-07	9.2668369116082305E-07	1.0399517533114574E-03	4.9518883876361314E-01	3.9528613742886257E-02	0.0000000000000000E+00	0.0000000000000000E+00	0.0000000000000000E+00	0.0000000000000000E+00	0.0000000000000000E+00	0.0000000000000000E+00	0.0000000000000000E+00	
4.6195450441336152E-09	1.4389988387317680E-06	8.9995436619261151E-04	3.6802937436005639E-01	5.4814894119697300E-10	1.2342387062739841E-09	1.3850990175142712E-06	6.5953595620402562E-04	5.2647677015730558E-05	6.2984898366129671E-01	0.0000000000000000E+00	0.0000000000000000E+00	0.0000000000000000E+00	0.0000000000000000E+00	0.0000000000000000E+00	0.0000000000000000E+00	
8.9609222980792464E-11	4.0912018137209129E-08	2.5853668870276001E-05	7.8793803605740204E-04	1.8415007447157020E-02	2.7943597180513404E-12	2.8687631393392529E-09	1.3660051662350589E-06	1.0904181662521824E-07	1.3045186658285346E-03	9.7945089669423513E-01	0.0000000000000000E+00	0.0000000000000000E+00	0.0000000000000000E+00	0.0000000000000000E+00	0.0000000000000000E+00	
5.4871006281833786E-08	2.6003526185995750E-05	1.6445837803036392E-02	2.5263813958116543E-01	1.1133290471692888E-03	6.9203884599348287E-01	2.2580342562325794E-13	1.0752064534173055E-10	8.5828715111704273E-12	1.0268093741685381E-07	7.7093862148541159E-05	3.7222534281001571E-02	0.0000000000000000E+00	0.0000000000000000E+00	0.0000000000000000E+00	0.0000000000000000E+00	
1.1329924603941344E-10	5.3686590172378455E-08	3.3953807746197245E-05	5.2436541245095333E-04	2.2980737636267666E-06	1.4284692529032050E-03	1.1554510957449675E-11	5.5696090473101955E-09	4.4456605091391498E-10	5.3185532822635076E-06	3.7051765508591301E-03	7.6832747240983702E-05	9.7613352119297914E-01	0.0000000000000000E+00	0.0000000000000000E+00	0.0000000000000000E+00	
-1.2491880225720323E-15	1.0964566813038850E-10	6.9338789056537582E-08	1.1816213468229118E-06	5.2533286201408677E-06	2.6071075077834274E-06	4.0838627597367757E-13	3.9954124911348938E-10	3.2190012429549510E-11	3.8155617945789113E-07	2.8595144048295794E-04	1.3479849657365159E-01	1.7815468961298632E-03	8.6309149135761098E-01	0.0000000000000000E+00	0.0000000000000000E+00	
1.5393353567569104E-04	7.2948606468270727E-02	3.1734074428819009E-05	4.1727595523852038E-04	8.6703119232699841E-06	5.3146325368944535E-04	7.5832311731920893E-07	3.6108708197652985E-04	3.3577694589196561E-01	3.0719545802847612E-07	2.3064656327358754E-04	1.1136043223760113E-01	3.6317088138597170E-01	1.5011767746007725E-04	8.2251495843110936E-02	0.0000000000000000E+00	

beta_opt
0.0000000000000000E+00	0.0000000000000000E+00	0.0000000000000000E+00	0.0000000000000000E+00	0.0000000000000000E+00	0.0000000000000000E+00	0.0000000000000000E+00	0.0000000000000000E+00	0.0000000000000000E+00	0.0000000000000000E+00	0.0000000000000000E+00	0.0000000000000000E+00	0.0000000000000000E+00	0.0000000000000000E+00	0.0000000000000000E+00	0.0000000000000000E+00	
2.3184082182716728E-01	0.0000000000000000E+00	0.0000000000000000E+00	0.0000000000000000E+00	0.0000000000000000E+00	0.0000000000000000E+00	0.0000000000000000E+00	0.0000000000000000E+00	0.0000000000000000E+00	0.0000000000000000E+00	0.0000000000000000E+00	0.0000000000000000E+00	0.0000000000000000E+00	0.0000000000000000E+00	0.0000000000000000E+00	0.0000000000000000E+00	
3.6657778693408027E-04	1.7372100943078195E-01	0.0000000000000000E+00	0.0000000000000000E+00	0.0000000000000000E+00	0.0000000000000000E+00	0.0000000000000000E+00	0.0000000000000000E+00	0.0000000000000000E+00	0.0000000000000000E+00	0.0000000000000000E+00	0.0000000000000000E+00	0.0000000000000000E+00	0.0000000000000000E+00	0.0000000000000000E+00	0.0000000000000000E+00	
6.5860119390401912E-07	3.1211073963158253E-04	1.9739333084654717E-01	0.0000000000000000E+00	0.0000000000000000E+00	0.0000000000000000E+00	0.0000000000000000E+00	0.0000000000000000E+00	0.0000000000000000E+00	0.0000000000000000E+00	0.0000000000000000E+00	0.0000000000000000E+00	0.0000000000000000E+00	0.0000000000000000E+00	0.0000000000000000E+00	0.0000000000000000E+00	
9.1878459081910648E-10	4.3541151337168297E-07	2.7537446808717503E-04	1.5327358047350254E-01	0.0000000000000000E+00	0.0000000000000000E+00	0.0000000000000000E+00	0.0000000000000000E+00	0.0000000000000000E+00	0.0000000000000000E+00	0.0000000000000000E+00	0.0000000000000000E+00	0.0000000000000000E+00	0.0000000000000000E+00	0.0000000000000000E+00	0.0000000000000000E+00	
1.4761856767372864E-12	6.9956358437205634E-10	4.4243650351502161E-07	2.4626040132806615E-04	1.7652384845775154E-01	0.0000000000000000E+00	0.0000000000000000E+00	0.0000000000000000E+00	0.0000000000000000E+00	0.0000000000000000E+00	0.0000000000000000E+00	0.0000000000000000E+00	0.0000000000000000E+00	0.0000000000000000E+00	0.0000000000000000E+00	0.0000000000000000E+00	
1.2556684618048886E-01	6.2336752379318043E-13	3.9424782021637987E-10	2.1943855195408917E-07	1.5729746837792047E-04	9.7902651208555236E-02	0.0000000000000000E+00	0.0000000000000000E+00	0.0000000000000000E+00	0.0000000000000000E+00	0.0000000000000000E+00	0.0000000000000000E+00	0.0000000000000000E+00	0.0000000000000000E+00	0.0000000000000000E+00	0.0000000000000000E+00	
2.6370437212140598E-04	1.3126527715447127E-15	8.2796162603814455E-13	4.6084541265860992E-10	3.3034221528561482E-07	2.0560647934776688E-04	2.3073764235746660E-01	0.0000000000000000E+00	0.0000000000000000E+00	0.0000000000000000E+00	0.0000000000000000E+00	0.0000000000000000E+00	0.0000000000000000E+00	0.0000000000000000E+00	0.0000000000000000E+00	0.0000000000000000E+00	
7.0875323102452537E-05	3.3453387061374282E-02	6.2490823564758519E-03	7.2991443916225057E-02	1.1386804811586864E-03	2.2110475027000526E-07	2.4812992340171591E-04	1.1815083562670778E-01	0.0000000000000000E+00	0.0000000000000000E+00	0.0000000000000000E+00	0.0000000000000000E+00	0.0000000000000000E+00	0.0000000000000000E+00	0.0000000000000000E+00	0.0000000000000000E+00	
4.2098444726380575E-07	6.8644700003419462E-05	4.1646113107067194E-02	6.1011932384663903E-06	9.5525653948756274E-08	2.1529741887534590E-07	2.4161310960633953E-04	1.1504775562429037E-01	9.1837253549841343E-03	0.0000000000000000E+00	0.0000000000000000E+00	0.0000000000000000E+00	0.0000000000000000E+00	0.0000000000000000E+00	0.0000000000000000E+00	0.0000000000000000E+00	
1.0732638697185809E-09	3.3432414824898730E-07	2.0908736605060319E-04	8.5504660463780011E-02	1.2735203319606161E-10	2.8675200639817740E-10	3.2180154480116667E-07	1.5323069822059367E-04	1.2231691438392353E-05	1.4633349195308468E-01	0.0000000000000000E+00	0.0000000000000000E+00	0.0000000000000000E+00	0.0000000000000000E+00	0.0000000000000000E+00	0.0000000000000000E+00	
2.0819007174953909E-11	9.5051331861562002E-09	6.0066107014958802E-06	1.8306249156534171E-04	4.2783784906980926E-03	6.4921659941167990E-13	6.6650282632122684E-10	3.1736544979268043E-07	2.5333802561562519E-08	3.0308022500727394E-04	2.2755688050283762E-01	0.0000000000000000E+00	0.0000000000000000E+00	0.0000000000000000E+00	0.0000000000000000E+00	0.0000000000000000E+00	
1.2748239918599684E-08	6.0414272128705808E-06	3.8208791888858645E-03	5.8695690751996481E-02	2.5866093522616818E-04	1.6078212957134302E-01	5.2461152789902308E-14	2.4980387200823899E-11	1.9940677714733196E-12	2.3855972652175403E-08	1.7911299929019783E-05	8.6479514327698764E-03	0.0000000000000000E+00	0.0000000000000000E+00	0.0000000000000000E+00	0.0000000000000000E+00	
2.6322935717420686E-11	1.2473063249718547E-08	7.8885246805075537E-06	1.2182638037664992E-04	5.3391394972562324E-07	3.3187779824591751E-04	2.6844719608582081E-12	1.2939932616366240E-09	1.0328650886417796E-10	1.2356652056625100E-06	8.6082765401661375E-04	1.7850634821644715E-05	2.2678615108386399E-01	0.0000000000000000E+00	0.0000000000000000E+00	0.0000000000000000E+00	
-2.9022519713588119E-16	2.5474096031370207E-11	1.6109555454800633E-08	2.7452735867219710E-07	1.2205114897441579E-06	6.0571209195791835E-07	9.4880822830827661E-14	9.2825848225095514E-11	7.4787402171347356E-12	8.8647357644028833E-08	6.6435405788298901E-05	3.1317879722507935E-02	4.1390870693069903E-04	2.0052297468383723E-01	0.0000000000000000E+00	0.0000000000000000E+00	
3.5763543942180648E-05	1.6948228217438636E-02	7.3728116509359516E-06	9.6946171577769384E-05	2.0143828964830726E-06	1.2347542946730575E-04	1.7618202563575457E-07	8.3891750205934701E-05	7.8011419061265033E-02	7.1371051238542250E-08	5.3586364170354894E-05	2.5872489021108166E-02	8.4375881564440439E-02	3.4877001497922444E-05	1.9109578513759305E-02	0.0000000000000000E+00	

==============================================================

