#stage		 order
12	 		2


A
0.0000000000000000E+00	0.0000000000000000E+00	0.0000000000000000E+00	0.0000000000000000E+00	0.0000000000000000E+00	0.0000000000000000E+00	0.0000000000000000E+00	0.0000000000000000E+00	0.0000000000000000E+00	0.0000000000000000E+00	0.0000000000000000E+00	0.0000000000000000E+00	
2.0829310500370876E-01	0.0000000000000000E+00	0.0000000000000000E+00	0.0000000000000000E+00	0.0000000000000000E+00	0.0000000000000000E+00	0.0000000000000000E+00	0.0000000000000000E+00	0.0000000000000000E+00	0.0000000000000000E+00	0.0000000000000000E+00	0.0000000000000000E+00	
2.0829310500370876E-01	2.0829310500370879E-01	0.0000000000000000E+00	0.0000000000000000E+00	0.0000000000000000E+00	0.0000000000000000E+00	0.0000000000000000E+00	0.0000000000000000E+00	0.0000000000000000E+00	0.0000000000000000E+00	0.0000000000000000E+00	0.0000000000000000E+00	
1.9435840151418943E-01	9.9337836920095887E-02	9.9337836920095818E-02	0.0000000000000000E+00	0.0000000000000000E+00	0.0000000000000000E+00	0.0000000000000000E+00	0.0000000000000000E+00	0.0000000000000000E+00	0.0000000000000000E+00	0.0000000000000000E+00	0.0000000000000000E+00	
1.7647339586612742E-01	1.0295824658524348E-01	2.5491736194607768E-02	5.3451464704042162E-02	0.0000000000000000E+00	0.0000000000000000E+00	0.0000000000000000E+00	0.0000000000000000E+00	0.0000000000000000E+00	0.0000000000000000E+00	0.0000000000000000E+00	0.0000000000000000E+00	
1.7647339586612723E-01	1.0295824658524358E-01	2.5491736194607796E-02	5.3451464704042238E-02	2.0829310500370882E-01	0.0000000000000000E+00	0.0000000000000000E+00	0.0000000000000000E+00	0.0000000000000000E+00	0.0000000000000000E+00	0.0000000000000000E+00	0.0000000000000000E+00	
1.7647339586612718E-01	1.0295824658524357E-01	2.5491736194607796E-02	5.3451464704042231E-02	2.0829310500370879E-01	2.0829310500370873E-01	0.0000000000000000E+00	0.0000000000000000E+00	0.0000000000000000E+00	0.0000000000000000E+00	0.0000000000000000E+00	0.0000000000000000E+00	
1.7663618049039498E-01	1.0261334161137380E-01	2.5360737840419655E-02	5.3176785339257758E-02	2.0722271679099313E-01	2.0721591972790182E-01	2.0721591972790196E-01	0.0000000000000000E+00	0.0000000000000000E+00	0.0000000000000000E+00	0.0000000000000000E+00	0.0000000000000000E+00	
1.7702063968205578E-01	1.0436362709073863E-01	2.5053052911117372E-02	5.2531626845030162E-02	2.0470862168197934E-01	2.0470549767182025E-01	9.5238874443772423E-02	9.5733961468794052E-02	0.0000000000000000E+00	0.0000000000000000E+00	0.0000000000000000E+00	0.0000000000000000E+00	
1.7701690059769490E-01	1.0435388303961314E-01	2.5056050259536899E-02	5.2537911731317534E-02	2.0473311303103064E-01	2.0473001050526562E-01	9.5241387923958365E-02	9.5075581361008382E-02	2.0686063490825504E-01	0.0000000000000000E+00	0.0000000000000000E+00	0.0000000000000000E+00	
1.7701690059769484E-01	1.0435388303961315E-01	2.5056050259536878E-02	5.2537911731317513E-02	2.0473311303103059E-01	2.0473001050526554E-01	9.5241387923958407E-02	9.5075581361008341E-02	2.0686063490825496E-01	2.0829310500370871E-01	0.0000000000000000E+00	0.0000000000000000E+00	
1.7705578902430527E-01	1.0448311971912956E-01	2.5283884835089612E-02	5.2472586773784254E-02	2.0447855053561143E-01	2.0447545186748661E-01	9.5122966018394581E-02	9.4957365617172898E-02	2.0660342707974774E-01	2.0803411606047742E-01	2.0803411606047745E-01	0.0000000000000000E+00	

b
1.8285683822245150E-01	
1.1167199647265380E-01	
5.5372374650539825E-02	
6.8944542164822917E-02	
1.3861267549237663E-01	
1.3861042869110532E-01	
9.1570341720276435E-02	
6.8852268510374778E-02	
7.4777619879545329E-02	
4.2757041490686730E-02	
1.2978857435924526E-02	
1.2995015269242044E-02	

c
0.0000000000000000E+00	
2.0829310500370876E-01	
4.1658621000741752E-01	
3.9303407535438112E-01	
3.5837484335002084E-01	
5.6666794835372958E-01	
7.7496105335743837E-01	
9.7944160152824311E-01	
9.5935590179530794E-01	
1.1656054733576806E+00	
1.3738985783613888E+00	
1.5810013735916768E+00	

r
4.8009270397221959E+00	

errcoeff
2.9587110010353600E-02	

v_opt
1.0000000000000000E+00	
8.4520806387100578E-07	
7.1442851634628823E-13	
6.6899880346104723E-02	
1.3559679616895104E-01	
1.1460750648506490E-07	
9.7144514654701197E-14	
3.5191708419590739E-06	
1.4306333895319767E-12	
6.5092375933772928E-13	
3.3306690738754696E-16	
0.0000000000000000E+00	
9.7375869287922301E-03	

alpha_opt
0.0000000000000000E+00	0.0000000000000000E+00	0.0000000000000000E+00	0.0000000000000000E+00	0.0000000000000000E+00	0.0000000000000000E+00	0.0000000000000000E+00	0.0000000000000000E+00	0.0000000000000000E+00	0.0000000000000000E+00	0.0000000000000000E+00	0.0000000000000000E+00	0.0000000000000000E+00	
9.9999915479193613E-01	0.0000000000000000E+00	0.0000000000000000E+00	0.0000000000000000E+00	0.0000000000000000E+00	0.0000000000000000E+00	0.0000000000000000E+00	0.0000000000000000E+00	0.0000000000000000E+00	0.0000000000000000E+00	0.0000000000000000E+00	0.0000000000000000E+00	0.0000000000000000E+00	
8.4520734932720136E-07	9.9999915479193624E-01	0.0000000000000000E+00	0.0000000000000000E+00	0.0000000000000000E+00	0.0000000000000000E+00	0.0000000000000000E+00	0.0000000000000000E+00	0.0000000000000000E+00	0.0000000000000000E+00	0.0000000000000000E+00	0.0000000000000000E+00	0.0000000000000000E+00	
4.5618641231703377E-01	4.0309097080788855E-07	4.7691330424589068E-01	0.0000000000000000E+00	0.0000000000000000E+00	0.0000000000000000E+00	0.0000000000000000E+00	0.0000000000000000E+00	0.0000000000000000E+00	0.0000000000000000E+00	0.0000000000000000E+00	0.0000000000000000E+00	0.0000000000000000E+00	
2.3587598501005638E-01	3.7191075006518010E-01	1.0343982443322326E-07	2.5661636531598797E-01	0.0000000000000000E+00	0.0000000000000000E+00	0.0000000000000000E+00	0.0000000000000000E+00	0.0000000000000000E+00	0.0000000000000000E+00	0.0000000000000000E+00	0.0000000000000000E+00	0.0000000000000000E+00	
1.9936428291166228E-07	3.1434196521906742E-07	8.7375169014516260E-14	2.1689422158861618E-07	9.9999915479193646E-01	0.0000000000000000E+00	0.0000000000000000E+00	0.0000000000000000E+00	0.0000000000000000E+00	0.0000000000000000E+00	0.0000000000000000E+00	0.0000000000000000E+00	0.0000000000000000E+00	
1.6843100939445672E-13	2.6567077915565777E-13	2.2661014463732391E-17	1.8329858352676170E-13	8.4520734946045373E-07	9.9999915479193602E-01	0.0000000000000000E+00	0.0000000000000000E+00	0.0000000000000000E+00	0.0000000000000000E+00	0.0000000000000000E+00	0.0000000000000000E+00	0.0000000000000000E+00	
4.2510900763863850E-03	8.8424648669582328E-04	1.1867640505562750E-15	7.0820819249547090E-12	3.2632177115327750E-05	8.4083636928542487E-07	9.9482767124550797E-01	0.0000000000000000E+00	0.0000000000000000E+00	0.0000000000000000E+00	0.0000000000000000E+00	0.0000000000000000E+00	0.0000000000000000E+00	
1.4200259298703910E-08	1.4846952156994303E-02	7.6597771145719562E-17	9.5753727506113947E-14	4.4420402171669998E-07	5.2554082721122319E-01	3.8645828823665986E-07	4.5961137576768679E-01	0.0000000000000000E+00	0.0000000000000000E+00	0.0000000000000000E+00	0.0000000000000000E+00	0.0000000000000000E+00	
7.6720566965377228E-07	1.2462464897477571E-08	1.1687630887874169E-16	1.1533388365272396E-15	3.1444290774098594E-09	3.7203021914202160E-03	3.1565530099528566E-03	3.8579568051244967E-07	9.9312197618973064E-01	0.0000000000000000E+00	0.0000000000000000E+00	0.0000000000000000E+00	0.0000000000000000E+00	
6.4813958045461825E-13	1.0855756058569157E-14	-4.4823136518237214E-17	-2.4728410311974440E-17	2.7128040265923783E-15	3.1444289564421800E-09	2.6679444933799954E-09	3.2604659826139854E-13	8.3939470258259393E-07	9.9999915479193591E-01	0.0000000000000000E+00	0.0000000000000000E+00	0.0000000000000000E+00	
-1.3325238085004487E-15	1.0509198049343601E-09	1.2433859696287654E-03	7.4468151110904202E-16	2.5129742398247823E-16	3.2625351192063756E-15	1.8859009122675128E-15	-6.4840782857186408E-16	7.0888810701968736E-13	8.4415642977393699E-07	9.9875576882230865E-01	0.0000000000000000E+00	0.0000000000000000E+00	
3.2383022151349014E-02	1.7172663776921979E-02	1.0790378338382146E-01	1.6022711323146546E-01	3.0772047314134733E-08	3.6402254890694423E-02	1.1012936116271148E-01	1.6555314262073512E-01	1.5514015277037360E-01	1.4296276818899009E-01	5.2665333186581095E-08	6.2388067456764666E-02	0.0000000000000000E+00	

beta_opt
0.0000000000000000E+00	0.0000000000000000E+00	0.0000000000000000E+00	0.0000000000000000E+00	0.0000000000000000E+00	0.0000000000000000E+00	0.0000000000000000E+00	0.0000000000000000E+00	0.0000000000000000E+00	0.0000000000000000E+00	0.0000000000000000E+00	0.0000000000000000E+00	0.0000000000000000E+00	
2.0829310500370876E-01	0.0000000000000000E+00	0.0000000000000000E+00	0.0000000000000000E+00	0.0000000000000000E+00	0.0000000000000000E+00	0.0000000000000000E+00	0.0000000000000000E+00	0.0000000000000000E+00	0.0000000000000000E+00	0.0000000000000000E+00	0.0000000000000000E+00	0.0000000000000000E+00	
1.7605101196305206E-07	2.0829310500370879E-01	0.0000000000000000E+00	0.0000000000000000E+00	0.0000000000000000E+00	0.0000000000000000E+00	0.0000000000000000E+00	0.0000000000000000E+00	0.0000000000000000E+00	0.0000000000000000E+00	0.0000000000000000E+00	0.0000000000000000E+00	0.0000000000000000E+00	
9.5020564594164525E-02	8.3961140873167750E-08	9.9337836920095818E-02	0.0000000000000000E+00	0.0000000000000000E+00	0.0000000000000000E+00	0.0000000000000000E+00	0.0000000000000000E+00	0.0000000000000000E+00	0.0000000000000000E+00	0.0000000000000000E+00	0.0000000000000000E+00	0.0000000000000000E+00	
4.9131382839793875E-02	7.7466510390653900E-02	2.1545820422935735E-08	5.3451464704042162E-02	0.0000000000000000E+00	0.0000000000000000E+00	0.0000000000000000E+00	0.0000000000000000E+00	0.0000000000000000E+00	0.0000000000000000E+00	0.0000000000000000E+00	0.0000000000000000E+00	0.0000000000000000E+00	
4.1526240612821397E-08	6.5475319308715241E-08	1.8199660636757364E-14	4.5177609056534784E-08	2.0829310500370882E-01	0.0000000000000000E+00	0.0000000000000000E+00	0.0000000000000000E+00	0.0000000000000000E+00	0.0000000000000000E+00	0.0000000000000000E+00	0.0000000000000000E+00	0.0000000000000000E+00	
3.5083047578154947E-14	5.5337438270735606E-14	4.7201370546826751E-18	3.8179863375499256E-14	1.7605101199080764E-07	2.0829310500370873E-01	0.0000000000000000E+00	0.0000000000000000E+00	0.0000000000000000E+00	0.0000000000000000E+00	0.0000000000000000E+00	0.0000000000000000E+00	0.0000000000000000E+00	
8.8547350007031622E-04	1.8418260197511409E-04	2.4719497792833359E-16	1.4751500808482027E-12	6.7970632393152460E-06	1.7514056618872509E-07	2.0721591972790196E-01	0.0000000000000000E+00	0.0000000000000000E+00	0.0000000000000000E+00	0.0000000000000000E+00	0.0000000000000000E+00	0.0000000000000000E+00	
2.9578186011569585E-09	3.0925203784450163E-03	1.5954801073431942E-17	1.9944858075482387E-14	9.2524713141139969E-08	1.0946662322811594E-01	8.0496664847662380E-08	9.5733961468794052E-02	0.0000000000000000E+00	0.0000000000000000E+00	0.0000000000000000E+00	0.0000000000000000E+00	0.0000000000000000E+00	
1.5980378617608260E-07	2.5958477035267416E-09	2.4344549853935487E-17	2.4023273042826456E-16	6.5496344957803598E-10	7.7491394996653817E-04	6.5748878326670477E-04	8.0358648110734343E-08	2.0686063490825504E-01	0.0000000000000000E+00	0.0000000000000000E+00	0.0000000000000000E+00	0.0000000000000000E+00	
1.3500311979441904E-13	2.2611810477706483E-15	-9.3363581725539718E-18	-5.1507617191522262E-18	5.6505885155778805E-16	6.5496342438128114E-10	5.5571491219839098E-10	6.7913315728645626E-14	1.7484027670100488E-07	2.0829310500370871E-01	0.0000000000000000E+00	0.0000000000000000E+00	0.0000000000000000E+00	
-2.7755575615628914E-16	2.1889953429532136E-10	2.5898894323156591E-04	1.5511215528980065E-16	5.2343564961947053E-17	6.7956414453623596E-16	3.9282048876057197E-16	-1.3505899407489695E-16	1.4765662971190619E-13	1.7583211248117792E-07	2.0803411606047745E-01	0.0000000000000000E+00	0.0000000000000000E+00	
6.7451659343770072E-03	3.5769504825471877E-03	2.2475633079250087E-02	3.3374231128932043E-02	6.4096106998368096E-09	7.5823451089784139E-03	2.2939205977057897E-02	3.4483607265417680E-02	3.2314651443894830E-02	2.9778184054771478E-02	1.0969835047280885E-08	1.2995015269242044E-02	0.0000000000000000E+00	

==============================================================

