#stage		 order
16	 		4


A
0.0000000000000000E+00	0.0000000000000000E+00	0.0000000000000000E+00	0.0000000000000000E+00	0.0000000000000000E+00	0.0000000000000000E+00	0.0000000000000000E+00	0.0000000000000000E+00	0.0000000000000000E+00	0.0000000000000000E+00	0.0000000000000000E+00	0.0000000000000000E+00	0.0000000000000000E+00	0.0000000000000000E+00	0.0000000000000000E+00	0.0000000000000000E+00	
2.2587024226977134E-01	0.0000000000000000E+00	0.0000000000000000E+00	0.0000000000000000E+00	0.0000000000000000E+00	0.0000000000000000E+00	0.0000000000000000E+00	0.0000000000000000E+00	0.0000000000000000E+00	0.0000000000000000E+00	0.0000000000000000E+00	0.0000000000000000E+00	0.0000000000000000E+00	0.0000000000000000E+00	0.0000000000000000E+00	0.0000000000000000E+00	
1.6656965729773990E-01	1.6656965729773990E-01	0.0000000000000000E+00	0.0000000000000000E+00	0.0000000000000000E+00	0.0000000000000000E+00	0.0000000000000000E+00	0.0000000000000000E+00	0.0000000000000000E+00	0.0000000000000000E+00	0.0000000000000000E+00	0.0000000000000000E+00	0.0000000000000000E+00	0.0000000000000000E+00	0.0000000000000000E+00	0.0000000000000000E+00	
1.6656965729773993E-01	1.6656965729773990E-01	2.2587024226977134E-01	0.0000000000000000E+00	0.0000000000000000E+00	0.0000000000000000E+00	0.0000000000000000E+00	0.0000000000000000E+00	0.0000000000000000E+00	0.0000000000000000E+00	0.0000000000000000E+00	0.0000000000000000E+00	0.0000000000000000E+00	0.0000000000000000E+00	0.0000000000000000E+00	0.0000000000000000E+00	
8.8229781945263375E-02	8.8229781945263375E-02	1.1964053085469314E-01	1.1964053085469316E-01	0.0000000000000000E+00	0.0000000000000000E+00	0.0000000000000000E+00	0.0000000000000000E+00	0.0000000000000000E+00	0.0000000000000000E+00	0.0000000000000000E+00	0.0000000000000000E+00	0.0000000000000000E+00	0.0000000000000000E+00	0.0000000000000000E+00	0.0000000000000000E+00	
1.5759310626069650E-01	1.5759310626069650E-01	2.1369792673662114E-01	4.1100682025501142E-24	4.3101151753344784E-24	0.0000000000000000E+00	0.0000000000000000E+00	0.0000000000000000E+00	0.0000000000000000E+00	0.0000000000000000E+00	0.0000000000000000E+00	0.0000000000000000E+00	0.0000000000000000E+00	0.0000000000000000E+00	0.0000000000000000E+00	0.0000000000000000E+00	
5.8534620717763254E-02	5.8534587307689151E-02	7.9373528353464201E-02	7.9373528353464173E-02	1.4984987069956879E-01	2.1664534402805866E-24	0.0000000000000000E+00	0.0000000000000000E+00	0.0000000000000000E+00	0.0000000000000000E+00	0.0000000000000000E+00	0.0000000000000000E+00	0.0000000000000000E+00	0.0000000000000000E+00	0.0000000000000000E+00	0.0000000000000000E+00	
1.4648682833655566E-01	1.2226752897000362E-01	1.6579608098020326E-01	1.9478367420443756E-02	3.6773353786091416E-02	6.8469287025592152E-25	5.5144763757937761E-02	0.0000000000000000E+00	0.0000000000000000E+00	0.0000000000000000E+00	0.0000000000000000E+00	0.0000000000000000E+00	0.0000000000000000E+00	0.0000000000000000E+00	0.0000000000000000E+00	0.0000000000000000E+00	
8.1950407007366194E-02	7.0239210029761925E-02	7.5664349848951026E-02	3.4037079080791302E-02	4.4493866771598570E-02	9.6769116680576972E-25	6.6985220115181293E-02	6.4259900627774855E-02	0.0000000000000000E+00	0.0000000000000000E+00	0.0000000000000000E+00	0.0000000000000000E+00	0.0000000000000000E+00	0.0000000000000000E+00	0.0000000000000000E+00	0.0000000000000000E+00	
7.1699437442562575E-02	6.4859017850408679E-02	7.6512561569317072E-02	5.2198427230270766E-02	8.7001236289568309E-02	-1.8378225006876747E-24	3.9125561884598092E-02	3.7533660690352737E-02	1.3192888489679164E-01	0.0000000000000000E+00	0.0000000000000000E+00	0.0000000000000000E+00	0.0000000000000000E+00	0.0000000000000000E+00	0.0000000000000000E+00	0.0000000000000000E+00	
6.6269926614772226E-02	6.3454904987236188E-02	8.1338930196824186E-02	7.1333054684487626E-02	1.2077140907587804E-01	-1.3053944041852468E-24	1.4417466140197968E-01	1.5446041843527002E-02	5.4291977310337310E-02	9.2951153782478077E-02	0.0000000000000000E+00	0.0000000000000000E+00	0.0000000000000000E+00	0.0000000000000000E+00	0.0000000000000000E+00	0.0000000000000000E+00	
1.3818086144945047E-01	9.4905630008186276E-02	1.2731644214852100E-01	5.2445575605106293E-02	4.7426012169953180E-02	2.5145757886750008E-02	6.0317196135749700E-02	7.8852410673957846E-02	1.5879567200968076E-02	2.7186780920858279E-02	6.6063558078573253E-02	0.0000000000000000E+00	0.0000000000000000E+00	0.0000000000000000E+00	0.0000000000000000E+00	0.0000000000000000E+00	
1.3656691842671559E-01	1.0389182669880052E-01	1.3380134627067647E-01	4.5405052560353806E-02	4.6689997325302518E-02	1.8892482156714838E-02	6.1984074656593731E-02	6.0129965477485892E-02	1.5047190168362175E-02	2.0425948274187828E-02	4.9634797162589971E-02	1.6970057299655980E-01	0.0000000000000000E+00	0.0000000000000000E+00	0.0000000000000000E+00	0.0000000000000000E+00	
9.6064494249267843E-02	8.4939196734734018E-02	1.1395051120406684E-01	1.6266537953642909E-02	2.5893156836083904E-02	2.9760522411893267E-02	3.4511169818101914E-02	7.5319311081109341E-02	6.6948165304586728E-03	1.0863368390655097E-02	5.5680185075386657E-03	1.9036955935348512E-02	2.5338051447142670E-02	0.0000000000000000E+00	0.0000000000000000E+00	0.0000000000000000E+00	
9.5022523837617515E-02	8.7185431714733377E-02	1.1629697251758546E-01	3.3241681233050137E-02	4.9317026809194024E-02	3.7956615783651296E-02	5.7044254686081722E-02	5.2184834991441359E-02	1.7427883367038582E-02	2.9452393061088850E-02	5.8169462986968082E-02	1.2246179528922358E-02	1.6299576885535249E-02	1.4529883593096890E-01	0.0000000000000000E+00	0.0000000000000000E+00	
1.1259006669840968E-01	1.0667728044400743E-01	1.4320137644992795E-01	8.0539358054091084E-02	3.7207830697964205E-02	2.8636799590697253E-02	4.3037703426431734E-02	3.9371458349658668E-02	1.3148725172371445E-02	2.2220796253956079E-02	4.3886611581805325E-02	9.2392691413873563E-03	1.2297400783691856E-02	1.0962235592956206E-01	1.7041036793819611E-01	0.0000000000000000E+00	

b
1.1570585271989807E-01	
1.0640722802189577E-01	
1.3035421878422307E-01	
5.9700974895022095E-02	
4.5198583864666436E-02	
1.6344332242169898E-02	
5.5752063826229444E-02	
7.6329394318364399E-02	
1.4480114531538552E-02	
2.4624964359487102E-02	
5.4068331049536095E-02	
5.2732737833843905E-03	
7.0186894833410961E-03	
6.2566495980376002E-02	
9.7260996721051138E-02	
1.2891448541881642E-01	

c
0.0000000000000000E+00	
2.2587024226977134E-01	
3.3313931459547980E-01	
5.5900955686525111E-01	
4.1574062559991309E-01	
5.2888413925801414E-01	
4.2566613543194959E-01	
5.4594692325123551E-01	
4.3763003348142515E-01	
5.6085878785386989E-01	
7.1003205989752027E-01	
7.3371979227807438E-01	
8.6217017217434322E-01	
5.4420611110004369E-01	
8.0714367333387704E-01	
9.7208740051215825E-01	

r
4.4273207039182960E+00	

errcoeff
1.4321720967883818E-03	

v_opt
1.0000000000000000E+00	
1.8389639180549366E-05	
2.6254270785053346E-01	
4.8280656668175936E-06	
4.7031300076627380E-01	
5.3895260128936529E-02	
3.3657215501833193E-01	
6.6177857934723860E-06	
3.5677164824186769E-01	
1.4579154614857870E-01	
4.6128739433770605E-06	
2.9854109435148990E-03	
6.5697762904032286E-03	
3.1122569849819393E-01	
3.9118692254369591E-06	
7.7338913051505642E-11	
2.9876322370900654E-02	

alpha_opt
0.0000000000000000E+00	0.0000000000000000E+00	0.0000000000000000E+00	0.0000000000000000E+00	0.0000000000000000E+00	0.0000000000000000E+00	0.0000000000000000E+00	0.0000000000000000E+00	0.0000000000000000E+00	0.0000000000000000E+00	0.0000000000000000E+00	0.0000000000000000E+00	0.0000000000000000E+00	0.0000000000000000E+00	0.0000000000000000E+00	0.0000000000000000E+00	0.0000000000000000E+00	
9.9998161036081945E-01	0.0000000000000000E+00	0.0000000000000000E+00	0.0000000000000000E+00	0.0000000000000000E+00	0.0000000000000000E+00	0.0000000000000000E+00	0.0000000000000000E+00	0.0000000000000000E+00	0.0000000000000000E+00	0.0000000000000000E+00	0.0000000000000000E+00	0.0000000000000000E+00	0.0000000000000000E+00	0.0000000000000000E+00	0.0000000000000000E+00	0.0000000000000000E+00	
1.3561324125808456E-05	7.3744373082534076E-01	0.0000000000000000E+00	0.0000000000000000E+00	0.0000000000000000E+00	0.0000000000000000E+00	0.0000000000000000E+00	0.0000000000000000E+00	0.0000000000000000E+00	0.0000000000000000E+00	0.0000000000000000E+00	0.0000000000000000E+00	0.0000000000000000E+00	0.0000000000000000E+00	0.0000000000000000E+00	0.0000000000000000E+00	0.0000000000000000E+00	
2.4938796976776786E-10	1.3561324125808456E-05	9.9998161036081945E-01	0.0000000000000000E+00	0.0000000000000000E+00	0.0000000000000000E+00	0.0000000000000000E+00	0.0000000000000000E+00	0.0000000000000000E+00	0.0000000000000000E+00	0.0000000000000000E+00	0.0000000000000000E+00	0.0000000000000000E+00	0.0000000000000000E+00	0.0000000000000000E+00	0.0000000000000000E+00	0.0000000000000000E+00	
2.3961712086244611E-15	1.3209404698369740E-10	9.7405736664097720E-06	5.2967725852796332E-01	0.0000000000000000E+00	0.0000000000000000E+00	0.0000000000000000E+00	0.0000000000000000E+00	0.0000000000000000E+00	0.0000000000000000E+00	0.0000000000000000E+00	0.0000000000000000E+00	0.0000000000000000E+00	0.0000000000000000E+00	0.0000000000000000E+00	0.0000000000000000E+00	0.0000000000000000E+00	
2.3691030756072409E-10	1.2882816527940622E-05	9.4609185681762520E-01	8.0890009879217246E-24	1.9081911236115047E-23	0.0000000000000000E+00	0.0000000000000000E+00	0.0000000000000000E+00	0.0000000000000000E+00	0.0000000000000000E+00	0.0000000000000000E+00	0.0000000000000000E+00	0.0000000000000000E+00	0.0000000000000000E+00	0.0000000000000000E+00	0.0000000000000000E+00	0.0000000000000000E+00	
1.4791439265387251E-07	1.1240444485562329E-15	1.1883811973364557E-10	6.4622222462398680E-06	6.6342123472618997E-01	9.5914077844571989E-24	0.0000000000000000E+00	0.0000000000000000E+00	0.0000000000000000E+00	0.0000000000000000E+00	0.0000000000000000E+00	0.0000000000000000E+00	0.0000000000000000E+00	0.0000000000000000E+00	0.0000000000000000E+00	0.0000000000000000E+00	0.0000000000000000E+00	
1.0722459771121594E-01	8.7849639691812377E-06	6.4778352986880783E-01	8.1568733300115560E-09	8.3739692701102720E-04	6.8966185022265413E-25	2.4413906458632931E-01	0.0000000000000000E+00	0.0000000000000000E+00	0.0000000000000000E+00	0.0000000000000000E+00	0.0000000000000000E+00	0.0000000000000000E+00	0.0000000000000000E+00	0.0000000000000000E+00	0.0000000000000000E+00	0.0000000000000000E+00	
2.1344653122279296E-02	6.3929262132258816E-02	4.2414561077270457E-06	4.6349902843833460E-02	2.8258672735866992E-06	1.2435716847006706E-24	2.2710350969272286E-01	2.8449395664365656E-01	0.0000000000000000E+00	0.0000000000000000E+00	0.0000000000000000E+00	0.0000000000000000E+00	0.0000000000000000E+00	0.0000000000000000E+00	0.0000000000000000E+00	0.0000000000000000E+00	0.0000000000000000E+00	
2.6988941033342183E-07	6.8667900098425777E-07	9.3940117722540078E-11	3.1290061460144445E-06	2.7011784161724300E-01	-1.0638834331856217E-23	2.7284333989177778E-06	3.0558154935048679E-06	5.8408074231678841E-01	0.0000000000000000E+00	0.0000000000000000E+00	0.0000000000000000E+00	0.0000000000000000E+00	0.0000000000000000E+00	0.0000000000000000E+00	0.0000000000000000E+00	0.0000000000000000E+00	
4.4382620409591078E-12	3.4909851889138944E-08	3.9450182591286715E-07	2.1452344174775210E-02	8.9619139240310986E-06	-7.8694574978390238E-24	5.6701215031884744E-01	8.1297065842314657E-08	4.4201993814244353E-06	4.1151699980594658E-01	0.0000000000000000E+00	0.0000000000000000E+00	0.0000000000000000E+00	0.0000000000000000E+00	0.0000000000000000E+00	0.0000000000000000E+00	0.0000000000000000E+00	
1.5265728477680010E-01	1.0752758733892392E-10	7.9067060561240183E-06	1.1143974644102811E-01	5.1162646257346891E-09	1.1132628721982291E-01	4.5273326340623233E-06	3.2909742154460808E-01	2.3954550525869817E-11	2.2300175087897674E-06	2.9247917977028026E-01	0.0000000000000000E+00	0.0000000000000000E+00	0.0000000000000000E+00	0.0000000000000000E+00	0.0000000000000000E+00	0.0000000000000000E+00	
2.4612287156539187E-06	1.8848988030944595E-02	1.3976805014518162E-01	1.5514745023439950E-06	8.5030340692611036E-07	1.5381377323974700E-06	6.9695258156653575E-02	4.6191566394879576E-06	1.3797791130922755E-02	3.1099642904627521E-08	4.0410335375658391E-06	7.5130504381171692E-01	0.0000000000000000E+00	0.0000000000000000E+00	0.0000000000000000E+00	0.0000000000000000E+00	0.0000000000000000E+00	
5.8623198238681281E-07	1.0713101088839376E-06	7.6129000031945948E-02	1.0542150668316106E-11	7.1588591098905806E-07	1.2237407294263279E-01	4.2852025262257711E-02	2.9728695956295281E-01	4.3609654573839240E-07	3.7950254787269357E-02	1.2654507729957234E-08	1.5499001020937739E-06	1.1217761682504733E-01	0.0000000000000000E+00	0.0000000000000000E+00	0.0000000000000000E+00	0.0000000000000000E+00	
7.9739829226089452E-08	4.2811503753780528E-11	3.0619695324632754E-06	1.6375136143765005E-02	1.5374262110776931E-02	8.3287256094511222E-02	3.0269353003827152E-06	3.9942878210871544E-06	3.9456568076547206E-07	2.2778694622100161E-06	2.4167255651568836E-01	1.8338535981375149E-11	1.3270355156795184E-06	6.4327271480174109E-01	0.0000000000000000E+00	0.0000000000000000E+00	0.0000000000000000E+00	
1.1580265369270216E-12	6.1213272752309383E-11	4.5153181891209610E-06	2.4553390116774712E-01	2.1330924296525373E-07	1.1555500510696055E-06	4.1906964197586907E-11	5.5571371279018973E-11	9.8096978556987054E-12	4.6055465770071408E-07	3.3530308877426224E-06	-9.7577728881812321E-16	1.8399588679267426E-11	8.9249407219299919E-06	7.5444747586310545E-01	0.0000000000000000E+00	0.0000000000000000E+00	
1.2033835534772875E-06	4.0812734615872578E-02	2.7436329963095534E-06	4.2337171931456979E-04	3.5600853839722226E-09	1.2129188256979270E-11	2.3707960143269788E-06	2.2965756823421196E-01	1.0370241149112450E-11	9.7231061440103469E-07	1.2847951620289957E-01	-1.5360071850156802E-16	-1.3171261611509458E-15	9.3687590884570798E-11	7.9185364321851568E-06	5.7073527452091899E-01	0.0000000000000000E+00	

beta_opt
0.0000000000000000E+00	0.0000000000000000E+00	0.0000000000000000E+00	0.0000000000000000E+00	0.0000000000000000E+00	0.0000000000000000E+00	0.0000000000000000E+00	0.0000000000000000E+00	0.0000000000000000E+00	0.0000000000000000E+00	0.0000000000000000E+00	0.0000000000000000E+00	0.0000000000000000E+00	0.0000000000000000E+00	0.0000000000000000E+00	0.0000000000000000E+00	0.0000000000000000E+00	
2.2587024226977134E-01	0.0000000000000000E+00	0.0000000000000000E+00	0.0000000000000000E+00	0.0000000000000000E+00	0.0000000000000000E+00	0.0000000000000000E+00	0.0000000000000000E+00	0.0000000000000000E+00	0.0000000000000000E+00	0.0000000000000000E+00	0.0000000000000000E+00	0.0000000000000000E+00	0.0000000000000000E+00	0.0000000000000000E+00	0.0000000000000000E+00	0.0000000000000000E+00	
3.0631558961269345E-06	1.6656965729773990E-01	0.0000000000000000E+00	0.0000000000000000E+00	0.0000000000000000E+00	0.0000000000000000E+00	0.0000000000000000E+00	0.0000000000000000E+00	0.0000000000000000E+00	0.0000000000000000E+00	0.0000000000000000E+00	0.0000000000000000E+00	0.0000000000000000E+00	0.0000000000000000E+00	0.0000000000000000E+00	0.0000000000000000E+00	0.0000000000000000E+00	
5.6330357045553114E-11	3.0631558961269345E-06	2.2587024226977134E-01	0.0000000000000000E+00	0.0000000000000000E+00	0.0000000000000000E+00	0.0000000000000000E+00	0.0000000000000000E+00	0.0000000000000000E+00	0.0000000000000000E+00	0.0000000000000000E+00	0.0000000000000000E+00	0.0000000000000000E+00	0.0000000000000000E+00	0.0000000000000000E+00	0.0000000000000000E+00	0.0000000000000000E+00	
5.4123372450476381E-16	2.9836663080070686E-11	2.2001461937731781E-06	1.1964053085469316E-01	0.0000000000000000E+00	0.0000000000000000E+00	0.0000000000000000E+00	0.0000000000000000E+00	0.0000000000000000E+00	0.0000000000000000E+00	0.0000000000000000E+00	0.0000000000000000E+00	0.0000000000000000E+00	0.0000000000000000E+00	0.0000000000000000E+00	0.0000000000000000E+00	0.0000000000000000E+00	
5.3511972630815308E-11	2.9098984022646324E-06	2.1369792673662114E-01	1.8270982125391758E-24	4.3101151753344784E-24	0.0000000000000000E+00	0.0000000000000000E+00	0.0000000000000000E+00	0.0000000000000000E+00	0.0000000000000000E+00	0.0000000000000000E+00	0.0000000000000000E+00	0.0000000000000000E+00	0.0000000000000000E+00	0.0000000000000000E+00	0.0000000000000000E+00	0.0000000000000000E+00	
3.3410074103124021E-08	2.5389286091549058E-16	2.6842488518801188E-11	1.4596505468061904E-06	1.4984987069956879E-01	2.1664534402805866E-24	0.0000000000000000E+00	0.0000000000000000E+00	0.0000000000000000E+00	0.0000000000000000E+00	0.0000000000000000E+00	0.0000000000000000E+00	0.0000000000000000E+00	0.0000000000000000E+00	0.0000000000000000E+00	0.0000000000000000E+00	0.0000000000000000E+00	
2.4219291246338343E-02	1.9842984305823430E-06	1.4631771355979337E-01	1.8424288368150714E-09	1.8914652511629187E-04	1.5577695387598407E-25	5.5144763757937761E-02	0.0000000000000000E+00	0.0000000000000000E+00	0.0000000000000000E+00	0.0000000000000000E+00	0.0000000000000000E+00	0.0000000000000000E+00	0.0000000000000000E+00	0.0000000000000000E+00	0.0000000000000000E+00	0.0000000000000000E+00	
4.8212106322173959E-03	1.4439983472026839E-02	9.5803633657146059E-07	1.0469256310363063E-02	6.3829106364959864E-07	2.8089100318736584E-25	5.1296868085505862E-02	6.4259900627774855E-02	0.0000000000000000E+00	0.0000000000000000E+00	0.0000000000000000E+00	0.0000000000000000E+00	0.0000000000000000E+00	0.0000000000000000E+00	0.0000000000000000E+00	0.0000000000000000E+00	0.0000000000000000E+00	
6.0961107550827620E-08	1.5510320460584731E-07	2.1218667352477471E-11	7.0676237336891878E-07	6.1012704329092442E-02	-2.4030402790479926E-24	6.1628324605702218E-07	6.9023047893912448E-07	1.3192888489679164E-01	0.0000000000000000E+00	0.0000000000000000E+00	0.0000000000000000E+00	0.0000000000000000E+00	0.0000000000000000E+00	0.0000000000000000E+00	0.0000000000000000E+00	0.0000000000000000E+00	
1.0024897578730929E-12	7.8852417105515557E-09	8.9107861656230469E-08	4.8455352836564974E-03	2.0242668947595410E-06	-1.7775089593169710E-24	1.2807352698837196E-01	1.8362925645202078E-08	9.9840986556021249E-07	9.2951153782478077E-02	0.0000000000000000E+00	0.0000000000000000E+00	0.0000000000000000E+00	0.0000000000000000E+00	0.0000000000000000E+00	0.0000000000000000E+00	0.0000000000000000E+00	
3.4481371996770788E-02	2.4287728845496725E-11	1.7859224549221508E-06	2.5171385419812453E-02	1.1556331822082010E-09	2.5145757886750008E-02	1.0226085242932836E-06	7.4334681322605817E-02	5.4107196319234322E-12	5.0370385790837746E-07	6.6063558078573253E-02	0.0000000000000000E+00	0.0000000000000000E+00	0.0000000000000000E+00	0.0000000000000000E+00	0.0000000000000000E+00	0.0000000000000000E+00	
5.5592854961150628E-07	4.2575037870479296E-03	3.1570023909214331E-02	3.5043836615491969E-07	1.9206176847183509E-07	3.4742593129841182E-07	1.5742374341481586E-02	1.0433492160587905E-06	3.1165677380854103E-03	7.0246130574711035E-09	9.1276600958783982E-07	1.6970057299655980E-01	0.0000000000000000E+00	0.0000000000000000E+00	0.0000000000000000E+00	0.0000000000000000E+00	0.0000000000000000E+00	
1.3241479494829900E-07	2.4198152379258098E-07	1.7195591901701630E-02	2.3812019149410224E-12	1.6170029776274575E-07	2.7641169814230551E-02	9.6791753242782899E-03	6.7149512435432698E-02	9.8503043874376139E-08	8.5719908788193990E-03	2.8583292904144447E-09	3.5008274944930973E-07	2.5338051447142670E-02	0.0000000000000000E+00	0.0000000000000000E+00	0.0000000000000000E+00	0.0000000000000000E+00	
1.8011185765054449E-08	9.6700225530252506E-12	6.9162051877192862E-07	3.6987239861922252E-03	3.4726521685005296E-03	1.8812458666378713E-02	6.8370718276076309E-07	9.0220734911176885E-07	8.9122284832495447E-08	5.1451238898547746E-07	5.4587642737207190E-02	4.1422057386550692E-12	2.9974334559909610E-07	1.4529883593096890E-01	0.0000000000000000E+00	0.0000000000000000E+00	0.0000000000000000E+00	
2.6156854460168688E-13	1.3826511011238335E-11	1.0198947687986570E-06	5.5459821628309897E-02	4.8181096419921862E-08	2.6100916985439486E-07	9.4657102270952519E-12	1.2552149923563463E-11	2.2157595782790784E-12	1.0402750514161630E-07	7.5736382659995217E-07	-2.2040310576027932E-16	4.1559959799167823E-12	2.0159155950660868E-06	1.7041036793819611E-01	0.0000000000000000E+00	0.0000000000000000E+00	
2.7181353332017544E-07	9.2185517812200454E-03	6.1971644593761255E-07	9.5628831391456059E-05	8.0413213587871013E-10	2.7396730717388351E-12	5.3550211781897006E-07	5.1873764515960381E-02	2.3423719561210810E-12	2.1962007277012696E-07	2.9020233123068007E-02	-3.4694469519536142E-17	-2.9750507613002242E-16	2.1161628005472721E-11	1.7885946339696313E-06	1.2891448541881642E-01	0.0000000000000000E+00	

==============================================================

