#stage		 order
13	 		2


A
0.0000000000000000E+00	0.0000000000000000E+00	0.0000000000000000E+00	0.0000000000000000E+00	0.0000000000000000E+00	0.0000000000000000E+00	0.0000000000000000E+00	0.0000000000000000E+00	0.0000000000000000E+00	0.0000000000000000E+00	0.0000000000000000E+00	0.0000000000000000E+00	0.0000000000000000E+00	
1.8722318696481863E-01	0.0000000000000000E+00	0.0000000000000000E+00	0.0000000000000000E+00	0.0000000000000000E+00	0.0000000000000000E+00	0.0000000000000000E+00	0.0000000000000000E+00	0.0000000000000000E+00	0.0000000000000000E+00	0.0000000000000000E+00	0.0000000000000000E+00	0.0000000000000000E+00	
1.8722318696481863E-01	1.8722318696481863E-01	0.0000000000000000E+00	0.0000000000000000E+00	0.0000000000000000E+00	0.0000000000000000E+00	0.0000000000000000E+00	0.0000000000000000E+00	0.0000000000000000E+00	0.0000000000000000E+00	0.0000000000000000E+00	0.0000000000000000E+00	0.0000000000000000E+00	
1.8722318696481863E-01	1.8722318696481863E-01	1.8722318696481863E-01	0.0000000000000000E+00	0.0000000000000000E+00	0.0000000000000000E+00	0.0000000000000000E+00	0.0000000000000000E+00	0.0000000000000000E+00	0.0000000000000000E+00	0.0000000000000000E+00	0.0000000000000000E+00	0.0000000000000000E+00	
1.8722318696481863E-01	1.8722318696481863E-01	1.8722318696481863E-01	1.8722318696481863E-01	0.0000000000000000E+00	0.0000000000000000E+00	0.0000000000000000E+00	0.0000000000000000E+00	0.0000000000000000E+00	0.0000000000000000E+00	0.0000000000000000E+00	0.0000000000000000E+00	0.0000000000000000E+00	
1.8674598567482167E-01	1.8674598567482148E-01	1.8674598567482148E-01	1.8674598567482165E-01	1.8674598567482148E-01	0.0000000000000000E+00	0.0000000000000000E+00	0.0000000000000000E+00	0.0000000000000000E+00	0.0000000000000000E+00	0.0000000000000000E+00	0.0000000000000000E+00	0.0000000000000000E+00	
1.8674727565211763E-01	1.8624117127746276E-01	1.8624117127746273E-01	1.8624117127746273E-01	1.8624117127746273E-01	1.8671708259016390E-01	0.0000000000000000E+00	0.0000000000000000E+00	0.0000000000000000E+00	0.0000000000000000E+00	0.0000000000000000E+00	0.0000000000000000E+00	0.0000000000000000E+00	
1.8599535586400720E-01	1.8549990411827050E-01	1.8232111409878041E-01	1.8232111409878038E-01	1.8232111409878032E-01	1.8278700829472355E-01	1.8328246004045909E-01	0.0000000000000000E+00	0.0000000000000000E+00	0.0000000000000000E+00	0.0000000000000000E+00	0.0000000000000000E+00	0.0000000000000000E+00	
1.6078472997839610E-01	4.3049055526158758E-02	4.2610872516194158E-02	3.2987802239740863E-02	3.2987802239740856E-02	2.5309056535004235E-02	2.5264726365007702E-02	2.5807939214732515E-02	0.0000000000000000E+00	0.0000000000000000E+00	0.0000000000000000E+00	0.0000000000000000E+00	0.0000000000000000E+00	
1.7652026148612335E-01	1.3026485334256063E-01	1.3001641177347675E-01	1.2624534092680942E-01	1.2623753615038238E-01	1.2351795112575929E-01	4.6840601574843370E-02	1.0113567124557788E-02	7.3368673604183823E-02	0.0000000000000000E+00	0.0000000000000000E+00	0.0000000000000000E+00	0.0000000000000000E+00	
1.7690158870803394E-01	1.3248736700255484E-01	1.3212121828395629E-01	1.2850186651552736E-01	1.2849437580781087E-01	1.2589948190817352E-01	5.2327600988402133E-02	1.7227825169862425E-02	7.0416275807662757E-02	1.7968921779924993E-01	0.0000000000000000E+00	0.0000000000000000E+00	0.0000000000000000E+00	
1.5994560335229357E-01	1.2315185643646383E-01	1.1704986527119954E-01	1.1405482882825395E-01	1.1140038996556495E-01	1.0926636055634302E-01	5.4660007883134652E-02	2.8926721419299469E-02	5.8269707687213824E-02	1.3345691176572433E-01	1.3905246318772571E-01	0.0000000000000000E+00	0.0000000000000000E+00	
1.5994696831122765E-01	1.2315268204556994E-01	1.1705111952731338E-01	1.1405600254801117E-01	1.1140146285792168E-01	1.0926724789010288E-01	5.4660420018852782E-02	2.8925202932125037E-02	5.8269725819838539E-02	1.3345807402229737E-01	1.3904227841716907E-01	1.8720947397363180E-01	0.0000000000000000E+00	

b
1.8306065074024591E-01	
1.7190898153893500E-01	
1.5815945485733368E-01	
1.4092533670510504E-01	
1.0482760607852208E-01	
9.2352021927749259E-02	
3.3383417368212265E-02	
2.9490606494776361E-02	
9.4360391071238500E-03	
2.2868020594026227E-02	
2.3825920028491755E-02	
1.4880427288174599E-02	
1.4881517271303804E-02	

c
0.0000000000000000E+00	
1.8722318696481863E-01	
3.7444637392963726E-01	
5.6166956089445585E-01	
7.4889274785927451E-01	
9.3372992837410784E-01	
1.1184290433521324E+00	
1.2845280706138016E+00	
3.8880198461497517E-01	
9.4312519710869680E-01	
1.1440668179912339E+00	
1.1492347163532168E+00	
1.3364406583640613E+00	

r
5.3412187678864340E+00	

errcoeff
3.4165586955684474E-02	

v_opt
1.0000000000000000E+00	
3.1762703578408491E-11	
0.0000000000000000E+00	
0.0000000000000000E+00	
0.0000000000000000E+00	
2.5488364861914192E-03	
1.6642243139131097E-13	
4.0696716962268509E-03	
1.4030804052391177E-01	
2.8161411898075528E-04	
8.9586273843700326E-08	
9.9710165473398282E-02	
1.8233886511787034E-08	
5.3038545254933123E-03	

alpha_opt
0.0000000000000000E+00	0.0000000000000000E+00	0.0000000000000000E+00	0.0000000000000000E+00	0.0000000000000000E+00	0.0000000000000000E+00	0.0000000000000000E+00	0.0000000000000000E+00	0.0000000000000000E+00	0.0000000000000000E+00	0.0000000000000000E+00	0.0000000000000000E+00	0.0000000000000000E+00	0.0000000000000000E+00	
9.9999999996823730E-01	0.0000000000000000E+00	0.0000000000000000E+00	0.0000000000000000E+00	0.0000000000000000E+00	0.0000000000000000E+00	0.0000000000000000E+00	0.0000000000000000E+00	0.0000000000000000E+00	0.0000000000000000E+00	0.0000000000000000E+00	0.0000000000000000E+00	0.0000000000000000E+00	0.0000000000000000E+00	
3.1762707592964507E-11	9.9999999996823730E-01	0.0000000000000000E+00	0.0000000000000000E+00	0.0000000000000000E+00	0.0000000000000000E+00	0.0000000000000000E+00	0.0000000000000000E+00	0.0000000000000000E+00	0.0000000000000000E+00	0.0000000000000000E+00	0.0000000000000000E+00	0.0000000000000000E+00	0.0000000000000000E+00	
1.0088704793164867E-21	3.1762707592964507E-11	9.9999999996823730E-01	0.0000000000000000E+00	0.0000000000000000E+00	0.0000000000000000E+00	0.0000000000000000E+00	0.0000000000000000E+00	0.0000000000000000E+00	0.0000000000000000E+00	0.0000000000000000E+00	0.0000000000000000E+00	0.0000000000000000E+00	0.0000000000000000E+00	
0.0000000000000000E+00	0.0000000000000000E+00	3.1762707592964507E-11	9.9999999996823730E-01	0.0000000000000000E+00	0.0000000000000000E+00	0.0000000000000000E+00	0.0000000000000000E+00	0.0000000000000000E+00	0.0000000000000000E+00	0.0000000000000000E+00	0.0000000000000000E+00	0.0000000000000000E+00	0.0000000000000000E+00	
1.0377402097088560E-15	0.0000000000000000E+00	-8.8949060199701250E-16	3.1682653348215535E-11	9.9745116348212581E-01	0.0000000000000000E+00	0.0000000000000000E+00	0.0000000000000000E+00	0.0000000000000000E+00	0.0000000000000000E+00	0.0000000000000000E+00	0.0000000000000000E+00	0.0000000000000000E+00	0.0000000000000000E+00	
2.7032141843291190E-03	1.4824860138697943E-16	8.8949160829362394E-16	-8.8949060473678500E-16	3.1596372662208311E-11	9.9729678578390790E-01	0.0000000000000000E+00	0.0000000000000000E+00	0.0000000000000000E+00	0.0000000000000000E+00	0.0000000000000000E+00	0.0000000000000000E+00	0.0000000000000000E+00	0.0000000000000000E+00	
6.2690164034639596E-13	1.6978612910731120E-02	1.4824860142228463E-16	2.9649720279604697E-16	1.5104401166889630E-15	3.1011976675540843E-11	9.7895171536140124E-01	0.0000000000000000E+00	0.0000000000000000E+00	0.0000000000000000E+00	0.0000000000000000E+00	0.0000000000000000E+00	0.0000000000000000E+00	0.0000000000000000E+00	
6.2848721031511745E-01	1.7072308935724552E-12	5.1398923563649827E-02	1.3136725518091648E-12	4.1358415465263761E-02	6.0156083492654371E-04	4.2864971226534699E-12	1.3784584928982321E-01	0.0000000000000000E+00	0.0000000000000000E+00	0.0000000000000000E+00	0.0000000000000000E+00	0.0000000000000000E+00	0.0000000000000000E+00	
9.3551270299337775E-05	4.0981690871344528E-04	6.4005319325817167E-13	4.1687018329536493E-05	1.3503965100339957E-11	4.0999106602167212E-01	1.9730412822899157E-01	1.7157829847649666E-12	3.9187813641715352E-01	0.0000000000000000E+00	0.0000000000000000E+00	0.0000000000000000E+00	0.0000000000000000E+00	0.0000000000000000E+00	
1.2289852429563962E-06	2.3843055459620682E-08	1.6552671599420089E-07	2.7316596384107762E-15	1.8616830067420017E-05	1.2502652053056731E-11	4.7897465222333122E-05	4.0172555273267747E-02	1.1946613542769737E-11	9.5975942246570223E-01	0.0000000000000000E+00	0.0000000000000000E+00	0.0000000000000000E+00	0.0000000000000000E+00	
6.1783053165999260E-05	2.9676662570169911E-02	7.0368183815237965E-08	1.4148223223949761E-02	4.7854045001001112E-14	1.5575443322680668E-05	2.0747628292360775E-05	8.1765466977945414E-02	3.1891679163352886E-02	2.2643491375847239E-11	7.4270962607552748E-01	0.0000000000000000E+00	0.0000000000000000E+00	0.0000000000000000E+00	
2.8179769816875161E-06	1.9306996344895167E-08	4.2519845599070517E-07	1.5745565427036193E-06	1.0001962903969856E-06	-1.1859888110958355E-15	8.9204531033605525E-06	5.0267229662845308E-08	1.0143539928400600E-12	5.8417903560367403E-05	2.3591096435912811E-11	9.9992675588234869E-01	0.0000000000000000E+00	0.0000000000000000E+00	
2.7389058772056420E-02	6.8356079824204580E-02	8.9460631735919380E-02	1.9167616399058998E-01	6.5805184077117440E-02	2.6533708579871140E-01	4.3176339617135289E-12	1.3895732770943259E-01	-1.8531075173372429E-16	2.0790198547758263E-12	6.8229174215964555E-02	2.5244883708685262E-12	7.9485439341589317E-02	0.0000000000000000E+00	

beta_opt
0.0000000000000000E+00	0.0000000000000000E+00	0.0000000000000000E+00	0.0000000000000000E+00	0.0000000000000000E+00	0.0000000000000000E+00	0.0000000000000000E+00	0.0000000000000000E+00	0.0000000000000000E+00	0.0000000000000000E+00	0.0000000000000000E+00	0.0000000000000000E+00	0.0000000000000000E+00	0.0000000000000000E+00	
1.8722318696481863E-01	0.0000000000000000E+00	0.0000000000000000E+00	0.0000000000000000E+00	0.0000000000000000E+00	0.0000000000000000E+00	0.0000000000000000E+00	0.0000000000000000E+00	0.0000000000000000E+00	0.0000000000000000E+00	0.0000000000000000E+00	0.0000000000000000E+00	0.0000000000000000E+00	0.0000000000000000E+00	
5.9467153423753416E-12	1.8722318696481863E-01	0.0000000000000000E+00	0.0000000000000000E+00	0.0000000000000000E+00	0.0000000000000000E+00	0.0000000000000000E+00	0.0000000000000000E+00	0.0000000000000000E+00	0.0000000000000000E+00	0.0000000000000000E+00	0.0000000000000000E+00	0.0000000000000000E+00	0.0000000000000000E+00	
1.8888394637835625E-22	5.9467153423753416E-12	1.8722318696481863E-01	0.0000000000000000E+00	0.0000000000000000E+00	0.0000000000000000E+00	0.0000000000000000E+00	0.0000000000000000E+00	0.0000000000000000E+00	0.0000000000000000E+00	0.0000000000000000E+00	0.0000000000000000E+00	0.0000000000000000E+00	0.0000000000000000E+00	
0.0000000000000000E+00	0.0000000000000000E+00	5.9467153423753416E-12	1.8722318696481863E-01	0.0000000000000000E+00	0.0000000000000000E+00	0.0000000000000000E+00	0.0000000000000000E+00	0.0000000000000000E+00	0.0000000000000000E+00	0.0000000000000000E+00	0.0000000000000000E+00	0.0000000000000000E+00	0.0000000000000000E+00	
1.9428902930940239E-16	0.0000000000000000E+00	-1.6653326528642531E-16	5.9317273315429020E-12	1.8674598567482148E-01	0.0000000000000000E+00	0.0000000000000000E+00	0.0000000000000000E+00	0.0000000000000000E+00	0.0000000000000000E+00	0.0000000000000000E+00	0.0000000000000000E+00	0.0000000000000000E+00	0.0000000000000000E+00	
5.0610437465467562E-04	2.7755575615628914E-17	1.6653345368848392E-16	-1.6653326579937422E-16	5.9155735865346060E-12	1.8671708259016390E-01	0.0000000000000000E+00	0.0000000000000000E+00	0.0000000000000000E+00	0.0000000000000000E+00	0.0000000000000000E+00	0.0000000000000000E+00	0.0000000000000000E+00	0.0000000000000000E+00	
1.1737052302285278E-13	3.1787900194900631E-03	2.7755575622238865E-17	5.5511151235393233E-17	2.8278941237500234E-16	5.8061611074577968E-12	1.8328246004045909E-01	0.0000000000000000E+00	0.0000000000000000E+00	0.0000000000000000E+00	0.0000000000000000E+00	0.0000000000000000E+00	0.0000000000000000E+00	0.0000000000000000E+00	
1.1766737848556197E-01	3.1963320878958257E-13	9.6230702764532883E-03	2.4594996178572970E-13	7.7432543514676698E-03	1.1262613667174200E-04	8.0253165224419831E-13	2.5807939214732515E-02	0.0000000000000000E+00	0.0000000000000000E+00	0.0000000000000000E+00	0.0000000000000000E+00	0.0000000000000000E+00	0.0000000000000000E+00	
1.7514966970605525E-05	7.6727227723838443E-05	1.1983279867261009E-13	7.8047764269645326E-06	2.5282553828276377E-12	7.6759834010118919E-02	3.6939907689520352E-02	3.2123435855790916E-13	7.3368673604183823E-02	0.0000000000000000E+00	0.0000000000000000E+00	0.0000000000000000E+00	0.0000000000000000E+00	0.0000000000000000E+00	
2.3009453392633685E-07	4.4639728302708903E-09	3.0990439297239047E-08	5.1143002322267400E-16	3.4855022565155441E-06	2.3407863629598636E-12	8.9675160867466047E-06	7.5212338270204127E-03	2.2366830609854560E-12	1.7968921779924993E-01	0.0000000000000000E+00	0.0000000000000000E+00	0.0000000000000000E+00	0.0000000000000000E+00	
1.1567220114522617E-05	5.5561593450432351E-03	1.3174555635233481E-08	2.6488754419616706E-03	8.9593868145298496E-15	2.9160841373548012E-06	3.8844370909806025E-06	1.5308391311763814E-02	5.9708618108120790E-03	4.2393866195311602E-12	1.3905246318772571E-01	0.0000000000000000E+00	0.0000000000000000E+00	0.0000000000000000E+00	
5.2759063132179485E-07	3.6147173865241911E-09	7.9607010025628533E-08	2.9479349399064159E-07	1.8725993708446076E-07	-2.2204460492503131E-16	1.6701156592344168E-06	9.4111909376692893E-09	1.8991058725603693E-13	1.0937186080722805E-05	4.4168002588662603E-12	1.8720947397363180E-01	0.0000000000000000E+00	0.0000000000000000E+00	
5.1278668714339996E-03	1.2797843113515615E-02	1.6749104582016817E-02	3.5886222288649308E-02	1.2320256282115789E-02	4.9677254824770152E-02	8.0836119048521837E-13	2.6016033746701007E-02	-3.4694469519536142E-17	3.8924072298662793E-13	1.2774083441096453E-02	4.7264275826464086E-13	1.4881517271303804E-02	0.0000000000000000E+00	

==============================================================

