#stage		 order
4	 		3


A
0.0000000000000000E+00	0.0000000000000000E+00	0.0000000000000000E+00	0.0000000000000000E+00	
6.0047879366159818E-01	0.0000000000000000E+00	0.0000000000000000E+00	0.0000000000000000E+00	
3.0404653891940348E-01	3.0404653891940348E-01	0.0000000000000000E+00	0.0000000000000000E+00	
1.8032947429520033E-01	1.8026911849511493E-01	3.5602372976552971E-01	0.0000000000000000E+00	

b
2.4467542995778643E-01	
1.4218662475170493E-01	
2.2821859095673463E-01	
3.8491935433377406E-01	

c
0.0000000000000000E+00	
6.0047879366159818E-01	
6.0809307783880695E-01	
7.1662232255584501E-01	

r
1.6653377447389979E+00	

errcoeff
2.1759365611823303E-02	

v_opt
1.0000000000000000E+00	
8.0764284149381638E-12	
4.9365982258026264E-01	
4.0699973200907491E-01	
1.4401664378405821E-01	

alpha_opt
0.0000000000000000E+00	0.0000000000000000E+00	0.0000000000000000E+00	0.0000000000000000E+00	0.0000000000000000E+00	
9.9999999999192357E-01	0.0000000000000000E+00	0.0000000000000000E+00	0.0000000000000000E+00	0.0000000000000000E+00	
4.0893888539716616E-12	5.0634017741564796E-01	0.0000000000000000E+00	0.0000000000000000E+00	0.0000000000000000E+00	
1.0051279199532401E-04	2.4245963958663025E-12	5.9289975519650517E-01	0.0000000000000000E+00	0.0000000000000000E+00	
1.7061404493862625E-01	4.4348581826824704E-02	3.0694914280868087E-12	6.4102072944742139E-01	0.0000000000000000E+00	

beta_opt
0.0000000000000000E+00	0.0000000000000000E+00	0.0000000000000000E+00	0.0000000000000000E+00	0.0000000000000000E+00	
6.0047879366159818E-01	0.0000000000000000E+00	0.0000000000000000E+00	0.0000000000000000E+00	0.0000000000000000E+00	
2.4555912858659212E-12	3.0404653891940348E-01	0.0000000000000000E+00	0.0000000000000000E+00	0.0000000000000000E+00	
6.0355800085398759E-05	1.4559187189178147E-12	3.5602372976552971E-01	0.0000000000000000E+00	0.0000000000000000E+00	
1.0245011588729942E-01	2.6630382916189452E-02	1.8431645099070693E-12	3.8491935433377406E-01	0.0000000000000000E+00	

==============================================================

