#stage		 order
15	 		3


A
0.0000000000000000E+00	0.0000000000000000E+00	0.0000000000000000E+00	0.0000000000000000E+00	0.0000000000000000E+00	0.0000000000000000E+00	0.0000000000000000E+00	0.0000000000000000E+00	0.0000000000000000E+00	0.0000000000000000E+00	0.0000000000000000E+00	0.0000000000000000E+00	0.0000000000000000E+00	0.0000000000000000E+00	0.0000000000000000E+00	
2.3641923835692005E-01	0.0000000000000000E+00	0.0000000000000000E+00	0.0000000000000000E+00	0.0000000000000000E+00	0.0000000000000000E+00	0.0000000000000000E+00	0.0000000000000000E+00	0.0000000000000000E+00	0.0000000000000000E+00	0.0000000000000000E+00	0.0000000000000000E+00	0.0000000000000000E+00	0.0000000000000000E+00	0.0000000000000000E+00	
2.1367274905428654E-01	2.0778752545191562E-01	0.0000000000000000E+00	0.0000000000000000E+00	0.0000000000000000E+00	0.0000000000000000E+00	0.0000000000000000E+00	0.0000000000000000E+00	0.0000000000000000E+00	0.0000000000000000E+00	0.0000000000000000E+00	0.0000000000000000E+00	0.0000000000000000E+00	0.0000000000000000E+00	0.0000000000000000E+00	
1.9105280106738143E-01	8.4666972937042520E-02	9.6596775183872302E-02	0.0000000000000000E+00	0.0000000000000000E+00	0.0000000000000000E+00	0.0000000000000000E+00	0.0000000000000000E+00	0.0000000000000000E+00	0.0000000000000000E+00	0.0000000000000000E+00	0.0000000000000000E+00	0.0000000000000000E+00	0.0000000000000000E+00	0.0000000000000000E+00	
1.0090388980886274E-01	8.6450449160663592E-02	1.1354273088447128E-02	2.7178531763146226E-02	0.0000000000000000E+00	0.0000000000000000E+00	0.0000000000000000E+00	0.0000000000000000E+00	0.0000000000000000E+00	0.0000000000000000E+00	0.0000000000000000E+00	0.0000000000000000E+00	0.0000000000000000E+00	0.0000000000000000E+00	0.0000000000000000E+00	
7.4569139646076713E-02	6.3042581064547215E-02	8.2952975047548925E-03	1.9686595650290593E-02	1.5659670475840520E-01	0.0000000000000000E+00	0.0000000000000000E+00	0.0000000000000000E+00	0.0000000000000000E+00	0.0000000000000000E+00	0.0000000000000000E+00	0.0000000000000000E+00	0.0000000000000000E+00	0.0000000000000000E+00	0.0000000000000000E+00	
7.3747854127070869E-02	5.9998766045911936E-02	2.0942565542642073E-02	2.5515628107984797E-02	1.1611109632364611E-01	1.6375205886787139E-01	0.0000000000000000E+00	0.0000000000000000E+00	0.0000000000000000E+00	0.0000000000000000E+00	0.0000000000000000E+00	0.0000000000000000E+00	0.0000000000000000E+00	0.0000000000000000E+00	0.0000000000000000E+00	
1.2393881424594250E-01	1.1451676466467783E-01	7.0687547492857938E-02	1.4393623756931461E-02	8.1558326201078585E-02	1.0085975757838160E-01	7.2536187950209718E-02	0.0000000000000000E+00	0.0000000000000000E+00	0.0000000000000000E+00	0.0000000000000000E+00	0.0000000000000000E+00	0.0000000000000000E+00	0.0000000000000000E+00	0.0000000000000000E+00	
8.9810791752502034E-02	7.9686542674794900E-02	3.4522393186291446E-02	1.7804395887559873E-02	8.5961779546806658E-02	1.1225137699245144E-01	1.4439178311483886E-01	5.8948065300484284E-02	0.0000000000000000E+00	0.0000000000000000E+00	0.0000000000000000E+00	0.0000000000000000E+00	0.0000000000000000E+00	0.0000000000000000E+00	0.0000000000000000E+00	
8.2950564929573242E-02	7.2983012341786294E-02	3.1536330593632055E-02	1.6651268614693973E-02	8.1972496746140100E-02	9.4033746826698281E-02	1.2087090211376816E-01	4.9309914512554544E-02	1.9886459188365030E-01	0.0000000000000000E+00	0.0000000000000000E+00	0.0000000000000000E+00	0.0000000000000000E+00	0.0000000000000000E+00	0.0000000000000000E+00	
8.1962486395740927E-02	7.2099662610199025E-02	3.1188044200613087E-02	1.6460032264917421E-02	8.0909366783487605E-02	9.2797093422609792E-02	1.1924256830347506E-01	4.8648222262833545E-02	1.9617935275356543E-01	2.3436374089633313E-01	0.0000000000000000E+00	0.0000000000000000E+00	0.0000000000000000E+00	0.0000000000000000E+00	0.0000000000000000E+00	
8.5581828427394230E-02	6.9823743584446471E-02	3.3684749504157216E-02	2.9383424343701108E-02	7.3865525318837472E-02	8.2119185846539849E-02	1.0544779147769298E-01	4.2991881477358149E-02	1.7336539234232740E-01	1.9687039069034815E-01	1.3362502373428153E-01	0.0000000000000000E+00	0.0000000000000000E+00	0.0000000000000000E+00	0.0000000000000000E+00	
8.5584891404079003E-02	7.0238263374167109E-02	3.3630165076341569E-02	2.8477292302053796E-02	7.4529631437808455E-02	8.3434649933094490E-02	1.0702035834612100E-01	4.3864322563518528E-02	1.7582860818246870E-01	1.9253008079892683E-01	1.2366540773791829E-01	2.1995900609158928E-01	0.0000000000000000E+00	0.0000000000000000E+00	0.0000000000000000E+00	
8.5603161700210997E-02	7.0185788797595933E-02	3.3606988568580416E-02	2.8358053354069077E-02	7.4460380162728074E-02	8.3443550381823425E-02	1.0684410477337192E-01	4.4041280059178296E-02	1.7529945802398966E-01	1.9118808154347525E-01	1.2240292393443235E-01	2.1766417192210738E-01	2.3405162232552446E-01	0.0000000000000000E+00	0.0000000000000000E+00	
3.8390282477839467E-02	3.1126312142394030E-02	1.4996392138530299E-02	1.2417546604197463E-02	3.2902061179587654E-02	3.6615389472002401E-02	4.6683240107626638E-02	1.9487719422146547E-02	7.6421463642247819E-02	8.3361171864237402E-02	5.3135824236404651E-02	9.4309494375938482E-02	9.6150325310245782E-02	9.4435711904782393E-02	0.0000000000000000E+00	

b
8.8179303553627006E-02	
7.7439470622184328E-02	
3.5917519011144386E-02	
1.8525488491181741E-02	
8.4118481478679730E-02	
1.0397323834176408E-01	
1.2995995575063107E-01	
6.6629859460970747E-02	
1.6831431258462395E-01	
1.0856571643728895E-01	
6.6225200706716753E-02	
2.2690876455721345E-02	
2.3642631267552471E-02	
1.6756883195463629E-03	
4.1422575183671616E-03	

c
0.0000000000000000E+00	
2.3641923835692005E-01	
4.2146027450620210E-01	
3.7231654918829621E-01	
2.2588714382111966E-01	
3.2219031862407455E-01	
4.6006796901512714E-01	
5.7849102189007962E-01	
6.2337712845572957E-01	
7.4917282856249690E-01	
9.7385056989377494E-01	
1.0267589367470846E+00	
1.2387626772480873E+00	
1.4671495655470872E+00	
7.3043293487818106E-01	

r
4.2060494231318195E+00	

errcoeff
5.2376315662742493E-03	

v_opt
1.0000000000000000E+00	
5.6089985333797054E-03	
9.6379790607314386E-02	
1.5526681278714571E-01	
5.5120175380720837E-01	
3.0560101813124052E-01	
1.8357218648900231E-01	
6.3218554962919837E-02	
1.2401116778819521E-01	
1.0464883229374455E-01	
1.2822660548490128E-02	
5.1607865675859399E-02	
9.3970579687963074E-04	
1.6973445896256711E-03	
5.5809050219215994E-01	
1.1002310174035301E-12	

alpha_opt
0.0000000000000000E+00	0.0000000000000000E+00	0.0000000000000000E+00	0.0000000000000000E+00	0.0000000000000000E+00	0.0000000000000000E+00	0.0000000000000000E+00	0.0000000000000000E+00	0.0000000000000000E+00	0.0000000000000000E+00	0.0000000000000000E+00	0.0000000000000000E+00	0.0000000000000000E+00	0.0000000000000000E+00	0.0000000000000000E+00	0.0000000000000000E+00	
9.9439100146662029E-01	0.0000000000000000E+00	0.0000000000000000E+00	0.0000000000000000E+00	0.0000000000000000E+00	0.0000000000000000E+00	0.0000000000000000E+00	0.0000000000000000E+00	0.0000000000000000E+00	0.0000000000000000E+00	0.0000000000000000E+00	0.0000000000000000E+00	0.0000000000000000E+00	0.0000000000000000E+00	0.0000000000000000E+00	0.0000000000000000E+00	
2.9655607516819022E-02	8.7396460187586655E-01	0.0000000000000000E+00	0.0000000000000000E+00	0.0000000000000000E+00	0.0000000000000000E+00	0.0000000000000000E+00	0.0000000000000000E+00	0.0000000000000000E+00	0.0000000000000000E+00	0.0000000000000000E+00	0.0000000000000000E+00	0.0000000000000000E+00	0.0000000000000000E+00	0.0000000000000000E+00	0.0000000000000000E+00	
4.3741269032555141E-01	1.0296862024151087E-03	4.0629081068488776E-01	0.0000000000000000E+00	0.0000000000000000E+00	0.0000000000000000E+00	0.0000000000000000E+00	0.0000000000000000E+00	0.0000000000000000E+00	0.0000000000000000E+00	0.0000000000000000E+00	0.0000000000000000E+00	0.0000000000000000E+00	0.0000000000000000E+00	0.0000000000000000E+00	0.0000000000000000E+00	
1.1412646251929339E-02	3.2175954671086443E-01	1.3118053448647265E-03	1.1431424788513310E-01	0.0000000000000000E+00	0.0000000000000000E+00	0.0000000000000000E+00	0.0000000000000000E+00	0.0000000000000000E+00	0.0000000000000000E+00	0.0000000000000000E+00	0.0000000000000000E+00	0.0000000000000000E+00	0.0000000000000000E+00	0.0000000000000000E+00	0.0000000000000000E+00	
5.1978891984547871E-03	2.2653903873616786E-02	3.8439171529941913E-04	7.5093171306724127E-03	6.5865347995071610E-01	0.0000000000000000E+00	0.0000000000000000E+00	0.0000000000000000E+00	0.0000000000000000E+00	0.0000000000000000E+00	0.0000000000000000E+00	0.0000000000000000E+00	0.0000000000000000E+00	0.0000000000000000E+00	0.0000000000000000E+00	0.0000000000000000E+00	
5.3583852207041496E-04	2.5234398655198634E-03	4.3576944239638427E-02	4.6320420303248705E-02	3.4721917594537924E-02	6.8874925298598233E-01	0.0000000000000000E+00	0.0000000000000000E+00	0.0000000000000000E+00	0.0000000000000000E+00	0.0000000000000000E+00	0.0000000000000000E+00	0.0000000000000000E+00	0.0000000000000000E+00	0.0000000000000000E+00	0.0000000000000000E+00	
7.4958629871047140E-04	1.0100176351414472E-01	2.5881036273021829E-01	4.0085771709397660E-03	5.3030293199720316E-02	2.1409007052927587E-01	3.0509079159407076E-01	0.0000000000000000E+00	0.0000000000000000E+00	0.0000000000000000E+00	0.0000000000000000E+00	0.0000000000000000E+00	0.0000000000000000E+00	0.0000000000000000E+00	0.0000000000000000E+00	0.0000000000000000E+00	
3.0906298548814647E-04	5.4580567789573251E-02	2.3487397147131300E-02	8.8420653035800470E-04	1.6350708752395100E-02	7.6318252430219329E-04	5.3167523034139741E-01	2.4793847614115941E-01	0.0000000000000000E+00	0.0000000000000000E+00	0.0000000000000000E+00	0.0000000000000000E+00	0.0000000000000000E+00	0.0000000000000000E+00	0.0000000000000000E+00	0.0000000000000000E+00	
2.4004674479309249E-03	3.1924931959881006E-03	8.1070860114169120E-03	2.5329844101804324E-03	4.1948934740623466E-02	3.1743152203392668E-04	4.0177683648829769E-04	1.5691266693196142E-05	8.3643430227490023E-01	0.0000000000000000E+00	0.0000000000000000E+00	0.0000000000000000E+00	0.0000000000000000E+00	0.0000000000000000E+00	0.0000000000000000E+00	0.0000000000000000E+00	
5.5474395554305867E-05	8.2635802860925173E-05	2.6934025714506947E-04	1.2036556382670579E-04	1.2238517908226055E-04	1.2469738431859607E-04	1.0848149216853246E-05	1.7392127067537924E-05	6.2872303728245163E-04	9.8574547755515518E-01	0.0000000000000000E+00	0.0000000000000000E+00	0.0000000000000000E+00	0.0000000000000000E+00	0.0000000000000000E+00	0.0000000000000000E+00	
1.7074478806476253E-03	7.0127259701022244E-05	8.0880859166495851E-04	6.1400400655969925E-02	1.1468686499980710E-02	3.2175564386398422E-04	3.2273804543542011E-04	1.0587110899839957E-05	3.6223470655204933E-02	2.7402465778474722E-01	5.6203345419602491E-01	0.0000000000000000E+00	0.0000000000000000E+00	0.0000000000000000E+00	0.0000000000000000E+00	0.0000000000000000E+00	
5.6862051997658775E-05	3.8157167674341399E-05	5.1626902683567939E-05	1.4424283197131345E-04	1.8459975058659220E-04	2.1889927639544464E-04	1.8325291177732209E-05	1.1025940399593934E-03	2.8367340681972105E-02	4.3546378030409602E-02	1.7281716082370339E-04	9.2515845101746885E-01	0.0000000000000000E+00	0.0000000000000000E+00	0.0000000000000000E+00	0.0000000000000000E+00	
5.5344934725562163E-04	2.5775290120666694E-05	5.4401148855910247E-05	1.7464409137933702E-04	5.7732508155208391E-05	3.9934732278282405E-04	2.2063123474084172E-04	1.3135592432357772E-03	3.2902117932136058E-03	2.9126984302752577E-03	1.1747242618653416E-04	4.7500411541890617E-03	9.8443269141998369E-01	0.0000000000000000E+00	0.0000000000000000E+00	0.0000000000000000E+00	
2.1508042652123491E-03	2.1331201853818234E-04	1.0289505532975695E-03	1.4631719155336096E-04	1.1485397818451171E-03	4.6140408635481821E-04	8.0812308815298161E-05	1.2895993667960879E-03	8.7255576505427060E-04	2.8499574348526992E-03	4.3332121949887152E-04	2.0637548599943600E-02	1.3395103492832081E-02	3.9720127172324576E-01	0.0000000000000000E+00	0.0000000000000000E+00	
8.1961306963764720E-05	3.6056439735825798E-05	1.9244088498938433E-03	5.2827088930542964E-05	2.7144427522006796E-05	5.2125774817058495E-05	8.4501424561171684E-02	1.0456894395754969E-01	3.1950344855228663E-01	1.5150369917656686E-01	2.2488102299595758E-01	3.0462342607588816E-03	9.2270389848372408E-02	1.2777290650481594E-04	1.7422539851868171E-02	0.0000000000000000E+00	

beta_opt
0.0000000000000000E+00	0.0000000000000000E+00	0.0000000000000000E+00	0.0000000000000000E+00	0.0000000000000000E+00	0.0000000000000000E+00	0.0000000000000000E+00	0.0000000000000000E+00	0.0000000000000000E+00	0.0000000000000000E+00	0.0000000000000000E+00	0.0000000000000000E+00	0.0000000000000000E+00	0.0000000000000000E+00	0.0000000000000000E+00	0.0000000000000000E+00	
2.3641923835692005E-01	0.0000000000000000E+00	0.0000000000000000E+00	0.0000000000000000E+00	0.0000000000000000E+00	0.0000000000000000E+00	0.0000000000000000E+00	0.0000000000000000E+00	0.0000000000000000E+00	0.0000000000000000E+00	0.0000000000000000E+00	0.0000000000000000E+00	0.0000000000000000E+00	0.0000000000000000E+00	0.0000000000000000E+00	0.0000000000000000E+00	
7.0507035278853103E-03	2.0778752545191562E-01	0.0000000000000000E+00	0.0000000000000000E+00	0.0000000000000000E+00	0.0000000000000000E+00	0.0000000000000000E+00	0.0000000000000000E+00	0.0000000000000000E+00	0.0000000000000000E+00	0.0000000000000000E+00	0.0000000000000000E+00	0.0000000000000000E+00	0.0000000000000000E+00	0.0000000000000000E+00	0.0000000000000000E+00	
1.0399608900512516E-01	2.4481077097697479E-04	9.6596775183872302E-02	0.0000000000000000E+00	0.0000000000000000E+00	0.0000000000000000E+00	0.0000000000000000E+00	0.0000000000000000E+00	0.0000000000000000E+00	0.0000000000000000E+00	0.0000000000000000E+00	0.0000000000000000E+00	0.0000000000000000E+00	0.0000000000000000E+00	0.0000000000000000E+00	0.0000000000000000E+00	
2.7133885267853208E-03	7.6499231042170615E-02	3.1188538517347604E-04	2.7178531763146226E-02	0.0000000000000000E+00	0.0000000000000000E+00	0.0000000000000000E+00	0.0000000000000000E+00	0.0000000000000000E+00	0.0000000000000000E+00	0.0000000000000000E+00	0.0000000000000000E+00	0.0000000000000000E+00	0.0000000000000000E+00	0.0000000000000000E+00	0.0000000000000000E+00	
1.2358126768543505E-03	5.3860289279690802E-03	9.1390204082462522E-05	1.7853611245432603E-03	1.5659670475840520E-01	0.0000000000000000E+00	0.0000000000000000E+00	0.0000000000000000E+00	0.0000000000000000E+00	0.0000000000000000E+00	0.0000000000000000E+00	0.0000000000000000E+00	0.0000000000000000E+00	0.0000000000000000E+00	0.0000000000000000E+00	0.0000000000000000E+00	
1.2739710544779873E-04	5.9995487707128169E-04	1.0360540221967328E-02	1.1012809319789565E-02	8.2552329012280934E-03	1.6375205886787139E-01	0.0000000000000000E+00	0.0000000000000000E+00	0.0000000000000000E+00	0.0000000000000000E+00	0.0000000000000000E+00	0.0000000000000000E+00	0.0000000000000000E+00	0.0000000000000000E+00	0.0000000000000000E+00	0.0000000000000000E+00	
1.7821623643268780E-04	2.4013451416496363E-02	6.1532886706849747E-02	9.5305042005685257E-04	1.2608100344462830E-02	5.0900512313223845E-02	7.2536187950209718E-02	0.0000000000000000E+00	0.0000000000000000E+00	0.0000000000000000E+00	0.0000000000000000E+00	0.0000000000000000E+00	0.0000000000000000E+00	0.0000000000000000E+00	0.0000000000000000E+00	0.0000000000000000E+00	
7.3480588144558129E-05	1.2976682458778574E-02	5.5841942820494010E-03	2.1022257255861899E-04	3.8874266803859822E-03	1.8144877704717732E-04	1.2640727120937512E-01	5.8948065300484284E-02	0.0000000000000000E+00	0.0000000000000000E+00	0.0000000000000000E+00	0.0000000000000000E+00	0.0000000000000000E+00	0.0000000000000000E+00	0.0000000000000000E+00	0.0000000000000000E+00	
5.7071784127509450E-04	7.5902417534144608E-04	1.9274823457637311E-03	6.0222411922631648E-04	9.9734764158515513E-03	7.5470231085209596E-05	9.5523565209177624E-05	3.7306424887084688E-06	1.9886459188365030E-01	0.0000000000000000E+00	0.0000000000000000E+00	0.0000000000000000E+00	0.0000000000000000E+00	0.0000000000000000E+00	0.0000000000000000E+00	0.0000000000000000E+00	
1.3189192506685968E-05	1.9646892967231193E-05	6.4036398518467312E-05	2.8617249032161785E-05	2.9097418200816820E-05	2.9647151454731100E-05	2.5791777798149708E-06	4.1350267939367662E-06	1.4948065840553193E-04	2.3436374089633313E-01	0.0000000000000000E+00	0.0000000000000000E+00	0.0000000000000000E+00	0.0000000000000000E+00	0.0000000000000000E+00	0.0000000000000000E+00	
4.0595050325422662E-04	1.6672951889267623E-05	1.9229650201574300E-04	1.4598116773466624E-02	2.7267122523038515E-03	7.6498303129422535E-05	7.6731871847298059E-05	2.5171151907536944E-06	8.6122313358798705E-03	6.5150127856079848E-02	1.3362502373428153E-01	0.0000000000000000E+00	0.0000000000000000E+00	0.0000000000000000E+00	0.0000000000000000E+00	0.0000000000000000E+00	
1.3519111702409482E-05	9.0719732038201710E-06	1.2274440328979265E-05	3.4294136232937190E-05	4.3889106367807912E-05	5.2043914442068850E-05	4.3568891678608649E-06	2.6214481301581804E-04	6.7444144892216673E-03	1.0353273020338713E-02	4.1087762737881950E-05	2.1995900609158928E-01	0.0000000000000000E+00	0.0000000000000000E+00	0.0000000000000000E+00	0.0000000000000000E+00	
1.3158412833012836E-04	6.1281472275684321E-06	1.2934025106106581E-05	4.1522120580880174E-05	1.3726065085422251E-05	9.4945941539033161E-05	5.2455692376785447E-05	3.1230237941057965E-04	7.8225704480153451E-04	6.9250218820708881E-04	2.7929397476443465E-05	1.1293355532995542E-03	2.3405162232552446E-01	0.0000000000000000E+00	0.0000000000000000E+00	0.0000000000000000E+00	
5.1135972216798835E-04	5.0715528278910259E-05	2.4463586834429810E-04	3.4787321018140128E-05	2.7306854149520442E-04	1.0970011042928614E-04	1.9213352164086677E-05	3.0660585185688836E-04	2.0745257056209898E-04	6.7758534128301267E-04	1.0302333038685876E-04	4.9066348291129120E-03	3.1847232736586517E-03	9.4435711904782393E-02	0.0000000000000000E+00	0.0000000000000000E+00	
1.9486529683526542E-05	8.5725192682088746E-06	4.5753357975704818E-04	1.2559787961829712E-05	6.4536634693218175E-06	1.2393048572279311E-05	2.0090449737942002E-02	2.4861558531572479E-02	7.5962837402724234E-02	3.6020427693685464E-02	5.3466091405910611E-02	7.2425070492710547E-04	2.1937542937007923E-02	3.0378365445750226E-05	4.1422575183671616E-03	0.0000000000000000E+00	

==============================================================

