#stage		 order
7	 		4


A
0.0000000000000000E+00	0.0000000000000000E+00	0.0000000000000000E+00	0.0000000000000000E+00	0.0000000000000000E+00	0.0000000000000000E+00	0.0000000000000000E+00	
4.2908680886191120E-01	0.0000000000000000E+00	0.0000000000000000E+00	0.0000000000000000E+00	0.0000000000000000E+00	0.0000000000000000E+00	0.0000000000000000E+00	
1.8674728298784932E-01	1.8674728298784932E-01	0.0000000000000000E+00	0.0000000000000000E+00	0.0000000000000000E+00	0.0000000000000000E+00	0.0000000000000000E+00	
1.0623786050012714E-01	1.0623786050016068E-01	2.4410135351365103E-01	0.0000000000000000E+00	0.0000000000000000E+00	0.0000000000000000E+00	0.0000000000000000E+00	
9.4682748093951608E-02	9.4682748093979141E-02	2.0028333005917218E-01	3.5206250897957875E-01	0.0000000000000000E+00	0.0000000000000000E+00	0.0000000000000000E+00	
5.4100806536621027E-02	5.4100806536636271E-02	1.1474215303926792E-01	1.9500390803353718E-01	2.3766689857500714E-01	0.0000000000000000E+00	0.0000000000000000E+00	
9.4949941475249724E-02	9.4949941475272678E-02	2.1480125187772117E-01	2.9357224772362589E-01	8.3590876308258677E-02	1.5091601977446462E-01	0.0000000000000000E+00	

b
1.4053103522116364E-01	
1.4053103522117857E-01	
1.9870985012348866E-01	
1.9066694517218266E-01	
4.3816429582655803E-02	
7.4350419295747969E-02	
2.1139428538358254E-01	

c
0.0000000000000000E+00	
4.2908680886191120E-01	
3.7349456597569863E-01	
4.5657707451393881E-01	
7.4171133522668165E-01	
6.5561457272106960E-01	
9.3278027863459279E-01	

r
2.3305307442387959E+00	

errcoeff
3.5316146040201050E-03	

v_opt
1.0000000000000000E+00	
5.5941869847586645E-07	
5.6477971559389062E-01	
4.3111447066470321E-01	
1.6199287214409352E-01	
4.3723720377184405E-01	
1.5687249414157334E-02	
1.1933813856424158E-01	

alpha_opt
0.0000000000000000E+00	0.0000000000000000E+00	0.0000000000000000E+00	0.0000000000000000E+00	0.0000000000000000E+00	0.0000000000000000E+00	0.0000000000000000E+00	0.0000000000000000E+00	
9.9999944058130152E-01	0.0000000000000000E+00	0.0000000000000000E+00	0.0000000000000000E+00	0.0000000000000000E+00	0.0000000000000000E+00	0.0000000000000000E+00	0.0000000000000000E+00	
2.4347022884633169E-07	4.3522004093588051E-01	0.0000000000000000E+00	0.0000000000000000E+00	0.0000000000000000E+00	0.0000000000000000E+00	0.0000000000000000E+00	0.0000000000000000E+00	
-6.8879068660643957E-16	1.3850673375481411E-07	5.6888539082856371E-01	0.0000000000000000E+00	0.0000000000000000E+00	0.0000000000000000E+00	0.0000000000000000E+00	0.0000000000000000E+00	
9.7981149057785263E-09	1.7514814868144657E-02	2.6111773841336579E-07	8.2049204207190851E-01	0.0000000000000000E+00	0.0000000000000000E+00	0.0000000000000000E+00	0.0000000000000000E+00	
4.2606763329815885E-15	7.5873492390934069E-09	8.8728302455596559E-03	2.5423473556503550E-07	5.5388970416050720E-01	0.0000000000000000E+00	0.0000000000000000E+00	0.0000000000000000E+00	
1.4761466532284760E-14	2.6358245220960511E-08	1.0826058503081119E-01	5.2433780308894173E-01	1.0898091502214947E-07	3.5171422712691469E-01	0.0000000000000000E+00	0.0000000000000000E+00	
6.9464738126406402E-08	1.2417307177045943E-01	1.5543892917246893E-01	1.0224936738108119E-01	6.1397210741451786E-03	9.6933745501604310E-08	4.9266060563912012E-01	0.0000000000000000E+00	

beta_opt
0.0000000000000000E+00	0.0000000000000000E+00	0.0000000000000000E+00	0.0000000000000000E+00	0.0000000000000000E+00	0.0000000000000000E+00	0.0000000000000000E+00	0.0000000000000000E+00	
4.2908680886191120E-01	0.0000000000000000E+00	0.0000000000000000E+00	0.0000000000000000E+00	0.0000000000000000E+00	0.0000000000000000E+00	0.0000000000000000E+00	0.0000000000000000E+00	
1.0446992199097949E-07	1.8674728298784932E-01	0.0000000000000000E+00	0.0000000000000000E+00	0.0000000000000000E+00	0.0000000000000000E+00	0.0000000000000000E+00	0.0000000000000000E+00	
-2.9555116302660886E-16	5.9431445639801517E-08	2.4410135351365103E-01	0.0000000000000000E+00	0.0000000000000000E+00	0.0000000000000000E+00	0.0000000000000000E+00	0.0000000000000000E+00	
4.2042442097156574E-09	7.5153802238235694E-03	1.1204223979155437E-07	3.5206250897957875E-01	0.0000000000000000E+00	0.0000000000000000E+00	0.0000000000000000E+00	0.0000000000000000E+00	
1.8282010340423826E-15	3.2556332939855798E-09	3.8072165454687652E-03	1.0908883241178557E-07	2.3766689857500714E-01	0.0000000000000000E+00	0.0000000000000000E+00	0.0000000000000000E+00	
6.3339541117923357E-15	1.1309981656076884E-08	4.6453214943191407E-02	2.2498656055478805E-01	4.6762299213409797E-08	1.5091601977446462E-01	0.0000000000000000E+00	0.0000000000000000E+00	
2.9806419485356450E-08	5.3281056918987019E-02	6.6696831402981938E-02	4.3873879301565777E-02	2.6344747967816423E-03	4.1593014796226235E-08	2.1139428538358254E-01	0.0000000000000000E+00	

==============================================================

