#stage		 order
7	 		2


A
0.0000000000000000E+00	0.0000000000000000E+00	0.0000000000000000E+00	0.0000000000000000E+00	0.0000000000000000E+00	0.0000000000000000E+00	0.0000000000000000E+00	
5.7032843754574014E-01	0.0000000000000000E+00	0.0000000000000000E+00	0.0000000000000000E+00	0.0000000000000000E+00	0.0000000000000000E+00	0.0000000000000000E+00	
5.7032843754574014E-01	5.7032843754574014E-01	0.0000000000000000E+00	0.0000000000000000E+00	0.0000000000000000E+00	0.0000000000000000E+00	0.0000000000000000E+00	
5.3102720590678598E-01	3.8936784388993151E-01	3.8936784388993151E-01	0.0000000000000000E+00	0.0000000000000000E+00	0.0000000000000000E+00	0.0000000000000000E+00	
5.3068119616447262E-01	3.8911413736448303E-01	3.8911413736448242E-01	5.6995681968225920E-01	0.0000000000000000E+00	0.0000000000000000E+00	0.0000000000000000E+00	
3.7232460501458975E-01	3.4994007914145420E-01	3.3708917317280762E-01	5.7965471790749179E-02	5.8003265890299659E-02	0.0000000000000000E+00	0.0000000000000000E+00	
4.8163672821822096E-01	1.9578156824334686E-01	1.0447027863665648E-01	8.9212288524004937E-02	7.8624776968460649E-03	7.7309347176438434E-02	0.0000000000000000E+00	

b
4.5579065748090802E-01	
1.7610287087932772E-01	
1.5100815201070730E-01	
3.6952419602299197E-02	
2.1607819284643125E-03	
2.1246310224476844E-02	
1.5673880787381653E-01	

c
0.0000000000000000E+00	
5.7032843754574014E-01	
1.1406568750914803E+00	
1.3097628936866490E+00	
1.8788662905756974E+00	
1.1753225950099004E+00	
9.5627268849551372E-01	

r
1.7533756589505505E+00	

errcoeff
8.2099786081117815E-02	

v_opt
1.0000000000000000E+00	
3.9181546895861175E-11	
0.0000000000000000E+00	
6.8909822932251563E-02	
6.5158571895651551E-04	
3.4010516619143161E-01	
9.8619797267488041E-02	
1.5658776986189471E-01	

alpha_opt
0.0000000000000000E+00	0.0000000000000000E+00	0.0000000000000000E+00	0.0000000000000000E+00	0.0000000000000000E+00	0.0000000000000000E+00	0.0000000000000000E+00	0.0000000000000000E+00	
9.9999999996081845E-01	0.0000000000000000E+00	0.0000000000000000E+00	0.0000000000000000E+00	0.0000000000000000E+00	0.0000000000000000E+00	0.0000000000000000E+00	0.0000000000000000E+00	
3.9181540886048651E-11	9.9999999996081845E-01	0.0000000000000000E+00	0.0000000000000000E+00	0.0000000000000000E+00	0.0000000000000000E+00	0.0000000000000000E+00	0.0000000000000000E+00	
2.4838207721308481E-01	2.6749531788449256E-11	6.8270809982791414E-01	0.0000000000000000E+00	0.0000000000000000E+00	0.0000000000000000E+00	0.0000000000000000E+00	0.0000000000000000E+00	
9.7249169249236574E-12	1.0706519624273743E-15	2.6732206710006215E-11	9.9934841424458531E-01	0.0000000000000000E+00	0.0000000000000000E+00	0.0000000000000000E+00	0.0000000000000000E+00	
1.4004108960635135E-02	2.2532465740443607E-02	5.2165674455580402E-01	3.9822130794885009E-12	1.0170151454770333E-01	0.0000000000000000E+00	0.0000000000000000E+00	0.0000000000000000E+00	
4.6046060589248522E-01	1.5704866440407020E-01	5.6728440526722041E-03	1.4264576083953079E-01	5.4015251149302222E-13	1.3555232754321347E-01	0.0000000000000000E+00	0.0000000000000000E+00	
3.4723831521410559E-01	6.4292679732155099E-07	1.9954817698659880E-01	2.1803084481035240E-02	-6.9352483298701664E-20	1.4596135258508309E-12	2.7482201052810884E-01	0.0000000000000000E+00	

beta_opt
0.0000000000000000E+00	0.0000000000000000E+00	0.0000000000000000E+00	0.0000000000000000E+00	0.0000000000000000E+00	0.0000000000000000E+00	0.0000000000000000E+00	0.0000000000000000E+00	
5.7032843754574014E-01	0.0000000000000000E+00	0.0000000000000000E+00	0.0000000000000000E+00	0.0000000000000000E+00	0.0000000000000000E+00	0.0000000000000000E+00	0.0000000000000000E+00	
2.2346346995050226E-11	5.7032843754574014E-01	0.0000000000000000E+00	0.0000000000000000E+00	0.0000000000000000E+00	0.0000000000000000E+00	0.0000000000000000E+00	0.0000000000000000E+00	
1.4165936201685447E-01	1.5256018670584126E-11	3.8936784388993151E-01	0.0000000000000000E+00	0.0000000000000000E+00	0.0000000000000000E+00	0.0000000000000000E+00	0.0000000000000000E+00	
5.5463966752711500E-12	6.1062326091041003E-16	1.5246137685664962E-11	5.6995681968225920E-01	0.0000000000000000E+00	0.0000000000000000E+00	0.0000000000000000E+00	0.0000000000000000E+00	
7.9869415830522757E-03	1.2850905980303640E-02	2.9751567606936613E-01	2.2711693636878749E-12	5.8003265890299659E-02	0.0000000000000000E+00	0.0000000000000000E+00	0.0000000000000000E+00	
2.6261377792031554E-01	8.9569319391728117E-02	3.2353842851279499E-03	8.1354933905320531E-02	3.0806433792829324E-13	7.7309347176438434E-02	0.0000000000000000E+00	0.0000000000000000E+00	
1.9803988577983556E-01	3.6667943578705398E-07	1.1380800000032688E-01	1.2434919106233821E-02	-3.9553693441215335E-20	8.3245910165175019E-13	1.5673880787381653E-01	0.0000000000000000E+00	

==============================================================

