#stage		 order
9	 		2


A
0.0000000000000000E+00	0.0000000000000000E+00	0.0000000000000000E+00	0.0000000000000000E+00	0.0000000000000000E+00	0.0000000000000000E+00	0.0000000000000000E+00	0.0000000000000000E+00	0.0000000000000000E+00	
4.4741744131873856E-01	0.0000000000000000E+00	0.0000000000000000E+00	0.0000000000000000E+00	0.0000000000000000E+00	0.0000000000000000E+00	0.0000000000000000E+00	0.0000000000000000E+00	0.0000000000000000E+00	
5.3427598005609825E-02	5.3427598005609832E-02	0.0000000000000000E+00	0.0000000000000000E+00	0.0000000000000000E+00	0.0000000000000000E+00	0.0000000000000000E+00	0.0000000000000000E+00	0.0000000000000000E+00	
4.8546906366635258E-02	4.8546906366635258E-02	4.0654518341288109E-01	0.0000000000000000E+00	0.0000000000000000E+00	0.0000000000000000E+00	0.0000000000000000E+00	0.0000000000000000E+00	0.0000000000000000E+00	
3.2517812096560857E-02	3.2517812096560857E-02	2.3143084061499394E-01	2.5469787559884938E-01	0.0000000000000000E+00	0.0000000000000000E+00	0.0000000000000000E+00	0.0000000000000000E+00	0.0000000000000000E+00	
3.9402922129745048E-02	3.9390858073271973E-02	2.2656318158221095E-01	2.4870972992594156E-01	4.3689830836987942E-01	0.0000000000000000E+00	0.0000000000000000E+00	0.0000000000000000E+00	0.0000000000000000E+00	
6.8140328864521163E-02	3.1144037901953678E-02	8.3065900443167778E-02	9.1185600545049164E-02	1.6017559144434110E-01	1.6403211436806625E-01	0.0000000000000000E+00	0.0000000000000000E+00	0.0000000000000000E+00	
7.1068046118010653E-02	3.0910982565451637E-02	8.2424698017681472E-02	9.0481720518755526E-02	1.5893916335044694E-01	1.6276591698632589E-01	4.4396373473862605E-01	0.0000000000000000E+00	0.0000000000000000E+00	
4.8486319126658517E-02	3.0541350746808648E-02	1.4685401387353375E-01	1.5226305815957664E-01	2.6747118753925625E-01	2.7391104992327969E-01	4.2294989148902937E-02	4.2624012604873612E-02	0.0000000000000000E+00	

b
3.5946318949212672E-02	
3.2166283757008009E-02	
2.2210165067325463E-01	
2.3215355531719420E-01	
2.8700929324019880E-01	
7.9937680782821860E-02	
9.7006366833842228E-03	
8.7836814657157713E-03	
9.2200899131210046E-02	

c
0.0000000000000000E+00	
4.4741744131873856E-01	
1.0685519601121965E-01	
5.0363899614615171E-01	
5.5116434040696505E-01	
9.9096500008104882E-01	
5.9774357356709906E-01	
1.0405542622952983E+00	
1.0044459811228901E+00	

r
2.2350492127722030E+00	

errcoeff
3.9890004833414471E-03	

v_opt
1.0000000000000000E+00	
3.8508196631426017E-11	
8.8058668913725202E-01	
9.1351507887521222E-02	
4.1982645107479122E-01	
5.2848232943829565E-03	
5.1336311919717503E-01	
1.9912849147374345E-11	
2.6876966070853692E-01	
9.8356659251974898E-02	

alpha_opt
0.0000000000000000E+00	0.0000000000000000E+00	0.0000000000000000E+00	0.0000000000000000E+00	0.0000000000000000E+00	0.0000000000000000E+00	0.0000000000000000E+00	0.0000000000000000E+00	0.0000000000000000E+00	0.0000000000000000E+00	
9.9999999996149180E-01	0.0000000000000000E+00	0.0000000000000000E+00	0.0000000000000000E+00	0.0000000000000000E+00	0.0000000000000000E+00	0.0000000000000000E+00	0.0000000000000000E+00	0.0000000000000000E+00	0.0000000000000000E+00	
4.5983811318419145E-12	1.1941331085814959E-01	0.0000000000000000E+00	0.0000000000000000E+00	0.0000000000000000E+00	0.0000000000000000E+00	0.0000000000000000E+00	0.0000000000000000E+00	0.0000000000000000E+00	0.0000000000000000E+00	
1.5508930255680013E-17	4.1783106050425335E-12	9.0864849210830045E-01	0.0000000000000000E+00	0.0000000000000000E+00	0.0000000000000000E+00	0.0000000000000000E+00	0.0000000000000000E+00	0.0000000000000000E+00	0.0000000000000000E+00	
4.2017327239637020E-13	1.0911262574830376E-02	1.9918656905919351E-11	5.6926228633003961E-01	0.0000000000000000E+00	0.0000000000000000E+00	0.0000000000000000E+00	0.0000000000000000E+00	0.0000000000000000E+00	0.0000000000000000E+00	
2.6963760573401740E-05	1.6917280330469315E-02	1.2817124471652072E-03	2.1405761782008072E-11	9.7648922014600337E-01	0.0000000000000000E+00	0.0000000000000000E+00	0.0000000000000000E+00	0.0000000000000000E+00	0.0000000000000000E+00	
8.2678645540065085E-02	3.7330168582781521E-02	1.8320286605581800E-14	8.2185925854828334E-06	1.3785869151450353E-11	3.6661984807358861E-01	0.0000000000000000E+00	0.0000000000000000E+00	0.0000000000000000E+00	0.0000000000000000E+00	
7.7027719453658695E-03	1.6431691171354856E-05	-1.6415250836112911E-17	5.4077861404750380E-10	1.5591163677756489E-17	1.4008885254801719E-11	9.9228079578876238E-01	0.0000000000000000E+00	0.0000000000000000E+00	0.0000000000000000E+00	
3.1541835297426213E-02	8.6567231036080283E-03	1.8214176991561287E-02	3.2425632912646017E-06	2.1717522940811617E-11	5.7754759549617185E-01	3.6402493609763103E-12	9.5266765814046681E-02	0.0000000000000000E+00	0.0000000000000000E+00	
2.5734864151507161E-13	3.9965517053727025E-13	2.0951020700007855E-02	1.5370346302252802E-01	4.6701578965327489E-01	5.1698537211102860E-02	2.2009831475337605E-03	7.5599047106854582E-13	2.0607354701216479E-01	0.0000000000000000E+00	

beta_opt
0.0000000000000000E+00	0.0000000000000000E+00	0.0000000000000000E+00	0.0000000000000000E+00	0.0000000000000000E+00	0.0000000000000000E+00	0.0000000000000000E+00	0.0000000000000000E+00	0.0000000000000000E+00	0.0000000000000000E+00	
4.4741744131873856E-01	0.0000000000000000E+00	0.0000000000000000E+00	0.0000000000000000E+00	0.0000000000000000E+00	0.0000000000000000E+00	0.0000000000000000E+00	0.0000000000000000E+00	0.0000000000000000E+00	0.0000000000000000E+00	
2.0573959202963010E-12	5.3427598005609832E-02	0.0000000000000000E+00	0.0000000000000000E+00	0.0000000000000000E+00	0.0000000000000000E+00	0.0000000000000000E+00	0.0000000000000000E+00	0.0000000000000000E+00	0.0000000000000000E+00	
6.9389658928543275E-18	1.8694490400150698E-12	4.0654518341288109E-01	0.0000000000000000E+00	0.0000000000000000E+00	0.0000000000000000E+00	0.0000000000000000E+00	0.0000000000000000E+00	0.0000000000000000E+00	0.0000000000000000E+00	
1.8799285045334457E-13	4.8818891829755101E-03	8.9119545076954410E-12	2.5469787559884938E-01	0.0000000000000000E+00	0.0000000000000000E+00	0.0000000000000000E+00	0.0000000000000000E+00	0.0000000000000000E+00	0.0000000000000000E+00	
1.2064056764547054E-05	7.5690862798218767E-03	5.7346050363911883E-04	9.5773111663532973E-12	4.3689830836987942E-01	0.0000000000000000E+00	0.0000000000000000E+00	0.0000000000000000E+00	0.0000000000000000E+00	0.0000000000000000E+00	
3.6991868040659348E-02	1.6702168511948438E-02	8.1968157576110118E-15	3.6771416659794858E-06	6.1680383023343666E-12	1.6403211436806625E-01	0.0000000000000000E+00	0.0000000000000000E+00	0.0000000000000000E+00	0.0000000000000000E+00	
3.4463545149900723E-03	7.3518252207104007E-06	-7.3444695279817452E-18	2.4195378382634500E-10	6.9757585601520851E-18	6.2678195966725525E-12	4.4396373473862605E-01	0.0000000000000000E+00	0.0000000000000000E+00	0.0000000000000000E+00	
1.4112367243814952E-02	3.8731689013702620E-03	8.1493404656048062E-03	1.4507793711475425E-06	9.7167985463331163E-12	2.5840486742663771E-01	1.6287110549129125E-12	4.2624012604873612E-02	0.0000000000000000E+00	0.0000000000000000E+00	
1.1514227071796057E-13	1.7881269381847531E-13	9.3738520749744106E-03	6.8769610150017021E-02	2.0895100967016481E-01	2.3130827239803961E-02	9.8475824829314003E-04	3.3824332223986175E-13	9.2200899131210046E-02	0.0000000000000000E+00	

==============================================================

