#stage		 order
9	 		4


A
0.0000000000000000E+00	0.0000000000000000E+00	0.0000000000000000E+00	0.0000000000000000E+00	0.0000000000000000E+00	0.0000000000000000E+00	0.0000000000000000E+00	0.0000000000000000E+00	0.0000000000000000E+00	
4.3527602643030072E-01	0.0000000000000000E+00	0.0000000000000000E+00	0.0000000000000000E+00	0.0000000000000000E+00	0.0000000000000000E+00	0.0000000000000000E+00	0.0000000000000000E+00	0.0000000000000000E+00	
1.5891675435121810E-01	1.5891675435121813E-01	0.0000000000000000E+00	0.0000000000000000E+00	0.0000000000000000E+00	0.0000000000000000E+00	0.0000000000000000E+00	0.0000000000000000E+00	0.0000000000000000E+00	
9.9600774990665053E-02	9.9600774990665053E-02	2.7280842567109004E-01	0.0000000000000000E+00	0.0000000000000000E+00	0.0000000000000000E+00	0.0000000000000000E+00	0.0000000000000000E+00	0.0000000000000000E+00	
1.4561206684557851E-01	6.6482949253799078E-02	6.9583731107349167E-02	1.1102344037246918E-01	0.0000000000000000E+00	0.0000000000000000E+00	0.0000000000000000E+00	0.0000000000000000E+00	0.0000000000000000E+00	
1.1034446108061033E-01	5.5691799410198868E-02	6.4859960494297625E-02	7.6681336893762345E-02	3.0063514076399339E-01	0.0000000000000000E+00	0.0000000000000000E+00	0.0000000000000000E+00	0.0000000000000000E+00	
9.0632655267571929E-02	5.8875720226425274E-02	1.1031710868098803E-01	1.1089668735818012E-01	1.7467582803204162E-01	2.5290523305423213E-01	0.0000000000000000E+00	0.0000000000000000E+00	0.0000000000000000E+00	
8.3437924210176068E-02	5.4202318070114497E-02	1.0156134593852340E-01	1.0209153756655504E-01	1.6080751204595944E-01	2.3282381880662611E-01	4.0071383847856157E-01	0.0000000000000000E+00	0.0000000000000000E+00	
9.8777109244175515E-02	8.1153945274361858E-02	1.9540467097909264E-01	2.8966626387693889E-01	9.6924848807901975E-02	7.9610991567511086E-02	9.4339361176741285E-02	1.0247627689848764E-01	0.0000000000000000E+00	

b
1.4353645824294203E-01	
1.0935161605471742E-01	
1.0485940399385292E-01	
1.3655355207787237E-01	
1.0441281706562092E-01	
1.4229432831808639E-01	
1.8042311349931398E-01	
1.4972374657045142E-02	
6.3596336090548655E-02	

c
0.0000000000000000E+00	
4.3527602643030072E-01	
3.1783350870243626E-01	
4.7200997565242014E-01	
3.9270218757919595E-01	
6.0821269864286254E-01	
7.9830323261943903E-01	
1.1356382951165160E+00	
1.0383534678252109E+00	

r
2.2973927790165729E+00	

errcoeff
2.7115875896366964E-03	

v_opt
1.0000000000000000E+00	
3.8535397095529333E-11	
6.3490579608876097E-01	
3.7325189282369242E-01	
4.6877182234014814E-01	
2.6236423932944042E-01	
1.9521774810143744E-01	
7.9391525226707560E-02	
2.6286071868264926E-02	
1.1448816114688054E-01	

alpha_opt
0.0000000000000000E+00	0.0000000000000000E+00	0.0000000000000000E+00	0.0000000000000000E+00	0.0000000000000000E+00	0.0000000000000000E+00	0.0000000000000000E+00	0.0000000000000000E+00	0.0000000000000000E+00	0.0000000000000000E+00	
9.9999999996146460E-01	0.0000000000000000E+00	0.0000000000000000E+00	0.0000000000000000E+00	0.0000000000000000E+00	0.0000000000000000E+00	0.0000000000000000E+00	0.0000000000000000E+00	0.0000000000000000E+00	0.0000000000000000E+00	
1.4068955810674565E-11	3.6509420389717012E-01	0.0000000000000000E+00	0.0000000000000000E+00	0.0000000000000000E+00	0.0000000000000000E+00	0.0000000000000000E+00	0.0000000000000000E+00	0.0000000000000000E+00	0.0000000000000000E+00	
6.3765798787392442E-17	8.8176789661139204E-12	6.2674810716748985E-01	0.0000000000000000E+00	0.0000000000000000E+00	0.0000000000000000E+00	0.0000000000000000E+00	0.0000000000000000E+00	0.0000000000000000E+00	0.0000000000000000E+00	
1.8179066336193869E-01	9.4373064088294045E-02	6.1603172279839145E-12	2.5506445020345880E-01	0.0000000000000000E+00	0.0000000000000000E+00	0.0000000000000000E+00	0.0000000000000000E+00	0.0000000000000000E+00	0.0000000000000000E+00	
5.1665255752100934E-12	8.3623818919054543E-03	3.8596377283484987E-02	6.7886301781846155E-12	6.9067700148321398E-01	0.0000000000000000E+00	0.0000000000000000E+00	0.0000000000000000E+00	0.0000000000000000E+00	0.0000000000000000E+00	
5.7443763590521466E-06	1.1945821087999116E-12	7.1337707818545398E-02	1.5241614351509289E-01	1.5464144053470660E-11	5.8102265617190652E-01	0.0000000000000000E+00	0.0000000000000000E+00	0.0000000000000000E+00	0.0000000000000000E+00	
2.5506183598226294E-16	1.2753091798867424E-16	8.0531207533026180E-06	5.4070858409437053E-12	3.3426893342948770E-06	2.0612120854460479E-11	9.2059707893718523E-01	0.0000000000000000E+00	0.0000000000000000E+00	0.0000000000000000E+00	
5.9490708951107524E-06	4.9978968225642723E-13	9.3122828581497889E-03	5.7564700044842376E-01	9.6350413923452574E-02	5.6970023263945957E-02	8.3519679363487791E-12	2.3542825855801605E-01	0.0000000000000000E+00	0.0000000000000000E+00	
3.4925314585062907E-02	1.3789957358764804E-01	7.3369333859992956E-04	1.0525072883326710E-01	1.3356347092992237E-05	7.7746820120670121E-02	3.8283658873874554E-01	1.3255165081624087E-12	1.4610576330070732E-01	0.0000000000000000E+00	

beta_opt
0.0000000000000000E+00	0.0000000000000000E+00	0.0000000000000000E+00	0.0000000000000000E+00	0.0000000000000000E+00	0.0000000000000000E+00	0.0000000000000000E+00	0.0000000000000000E+00	0.0000000000000000E+00	0.0000000000000000E+00	
4.3527602643030072E-01	0.0000000000000000E+00	0.0000000000000000E+00	0.0000000000000000E+00	0.0000000000000000E+00	0.0000000000000000E+00	0.0000000000000000E+00	0.0000000000000000E+00	0.0000000000000000E+00	0.0000000000000000E+00	
6.1238791815299010E-12	1.5891675435121813E-01	0.0000000000000000E+00	0.0000000000000000E+00	0.0000000000000000E+00	0.0000000000000000E+00	0.0000000000000000E+00	0.0000000000000000E+00	0.0000000000000000E+00	0.0000000000000000E+00	
2.7755723519399847E-17	3.8381242628560130E-12	2.7280842567109004E-01	0.0000000000000000E+00	0.0000000000000000E+00	0.0000000000000000E+00	0.0000000000000000E+00	0.0000000000000000E+00	0.0000000000000000E+00	0.0000000000000000E+00	
7.9129117593362400E-02	4.1078332339987714E-02	2.6814384046502937E-12	1.1102344037246918E-01	0.0000000000000000E+00	0.0000000000000000E+00	0.0000000000000000E+00	0.0000000000000000E+00	0.0000000000000000E+00	0.0000000000000000E+00	
2.2488647229146341E-12	3.6399443615415736E-03	1.6800077739207466E-02	2.9549279689788932E-12	3.0063514076399339E-01	0.0000000000000000E+00	0.0000000000000000E+00	0.0000000000000000E+00	0.0000000000000000E+00	0.0000000000000000E+00	
2.5003893159847301E-06	5.1997295358319207E-13	3.1051593995098825E-02	6.6343093315636634E-02	6.7311711759998616E-12	2.5290523305423213E-01	0.0000000000000000E+00	0.0000000000000000E+00	0.0000000000000000E+00	0.0000000000000000E+00	
1.1102230246465480E-16	5.5511151231257827E-17	3.5053304019960330E-06	2.3535748395042130E-12	1.4549925310788898E-06	8.9719620621764307E-12	4.0071383847856157E-01	0.0000000000000000E+00	0.0000000000000000E+00	0.0000000000000000E+00	
2.5894879402757476E-06	2.1754646695182345E-13	4.0534134796466441E-03	2.5056533899136707E-01	4.1939025319131296E-02	2.4797685352927777E-02	3.6354114163472673E-12	1.0247627689848764E-01	0.0000000000000000E+00	0.0000000000000000E+00	
1.5202152155000231E-02	6.0024378439977356E-02	3.1935912105646516E-04	4.5813119027203010E-02	5.8136976904855919E-06	3.3841326931020731E-02	1.6663958912475391E-01	5.7696555866293409E-13	6.3596336090548655E-02	0.0000000000000000E+00	

==============================================================

