#stage		 order
7	 		3


A
0.0000000000000000E+00	0.0000000000000000E+00	0.0000000000000000E+00	0.0000000000000000E+00	0.0000000000000000E+00	0.0000000000000000E+00	0.0000000000000000E+00	
5.8142358507749825E-01	0.0000000000000000E+00	0.0000000000000000E+00	0.0000000000000000E+00	0.0000000000000000E+00	0.0000000000000000E+00	0.0000000000000000E+00	
4.4695952238337550E-01	4.4695952238337555E-01	0.0000000000000000E+00	0.0000000000000000E+00	0.0000000000000000E+00	0.0000000000000000E+00	0.0000000000000000E+00	
3.4164669820085763E-01	3.4164669820085769E-01	4.4442827180097499E-01	0.0000000000000000E+00	0.0000000000000000E+00	0.0000000000000000E+00	0.0000000000000000E+00	
3.0465407687333773E-01	2.1518677723671364E-01	2.3417478707959427E-01	3.0635932247701536E-01	0.0000000000000000E+00	0.0000000000000000E+00	0.0000000000000000E+00	
1.1512335700192726E-01	1.0297317017287490E-01	1.2773878997763416E-01	4.1605402421175511E-02	7.8960751181732958E-02	0.0000000000000000E+00	0.0000000000000000E+00	
2.4119583206351122E-01	2.1233363514763678E-01	5.4819698507988762E-02	4.7404440653291018E-02	5.4970845418707212E-03	4.0477510079057817E-02	0.0000000000000000E+00	

b
2.1414454547543701E-01	
1.9059749660776215E-01	
4.4724319615769004E-02	
3.8674626323885672E-02	
4.4847631909120849E-03	
3.3023331891591498E-02	
4.7435091689464259E-01	

c
0.0000000000000000E+00	
5.8142358507749825E-01	
8.9391904476675110E-01	
1.1277216682026905E+00	
1.0603749636666611E+00	
4.6640147075534477E-01	
6.0172820099335633E-01	

r
1.7199164699634766E+00	

errcoeff
2.4497426231299600E-02	

v_opt
1.0000000000000000E+00	
1.4962031613663385E-11	
2.3126695604582326E-01	
2.3562049561474352E-01	
2.5872373684072492E-01	
6.9919138341651554E-01	
4.9302533512949398E-01	
1.5428731557360931E-01	

alpha_opt
0.0000000000000000E+00	0.0000000000000000E+00	0.0000000000000000E+00	0.0000000000000000E+00	0.0000000000000000E+00	0.0000000000000000E+00	0.0000000000000000E+00	0.0000000000000000E+00	
9.9999999998503797E-01	0.0000000000000000E+00	0.0000000000000000E+00	0.0000000000000000E+00	0.0000000000000000E+00	0.0000000000000000E+00	0.0000000000000000E+00	0.0000000000000000E+00	
1.1501722752934040E-11	7.6873304394267505E-01	0.0000000000000000E+00	0.0000000000000000E+00	0.0000000000000000E+00	0.0000000000000000E+00	0.0000000000000000E+00	0.0000000000000000E+00	
1.3153969204741655E-22	8.7915823677329882E-12	7.6437950437646485E-01	0.0000000000000000E+00	0.0000000000000000E+00	0.0000000000000000E+00	0.0000000000000000E+00	0.0000000000000000E+00	
1.5387628216678992E-01	6.0487536539272066E-02	6.0260667474365844E-12	5.2691244444718699E-01	0.0000000000000000E+00	0.0000000000000000E+00	0.0000000000000000E+00	0.0000000000000000E+00	
3.1270299786824397E-13	2.0207187082639434E-12	1.6500272014396183E-01	1.0706276595697988E-12	1.3580589643611865E-01	0.0000000000000000E+00	0.0000000000000000E+00	0.0000000000000000E+00	
4.8185740491065741E-02	2.9214400774231469E-01	2.0477009694550418E-02	7.6549970695391253E-02	1.4145747016922111E-13	6.9617936247042544E-02	0.0000000000000000E+00	0.0000000000000000E+00	
1.0345144135787363E-12	2.9868729926156631E-02	2.4997234583284324E-13	9.3427209686983731E-13	-1.0973201495648928E-16	8.4979504099127293E-13	8.1584395449716562E-01	0.0000000000000000E+00	

beta_opt
0.0000000000000000E+00	0.0000000000000000E+00	0.0000000000000000E+00	0.0000000000000000E+00	0.0000000000000000E+00	0.0000000000000000E+00	0.0000000000000000E+00	0.0000000000000000E+00	
5.8142358507749825E-01	0.0000000000000000E+00	0.0000000000000000E+00	0.0000000000000000E+00	0.0000000000000000E+00	0.0000000000000000E+00	0.0000000000000000E+00	0.0000000000000000E+00	
6.6873728776783992E-12	4.4695952238337555E-01	0.0000000000000000E+00	0.0000000000000000E+00	0.0000000000000000E+00	0.0000000000000000E+00	0.0000000000000000E+00	0.0000000000000000E+00	
7.6480279331343315E-23	5.1116333388279145E-12	4.4442827180097499E-01	0.0000000000000000E+00	0.0000000000000000E+00	0.0000000000000000E+00	0.0000000000000000E+00	0.0000000000000000E+00	
8.9467299637150319E-02	3.5168880347695934E-02	3.5036973322633003E-12	3.0635932247701536E-01	0.0000000000000000E+00	0.0000000000000000E+00	0.0000000000000000E+00	0.0000000000000000E+00	
1.8181289808775600E-13	1.1748935158095719E-12	9.5936473095076830E-02	6.2248817211951746E-13	7.8960751181732958E-02	0.0000000000000000E+00	0.0000000000000000E+00	0.0000000000000000E+00	
2.8016325986348595E-02	1.6985941634298646E-01	1.1905816388450327E-02	4.4507958399957741E-02	8.2246709443012378E-14	4.0477510079057817E-02	0.0000000000000000E+00	0.0000000000000000E+00	
6.0149107916629418E-13	1.7366384035637384E-02	1.4533981748653852E-13	5.4320783200806006E-13	-6.3800781534734244E-17	4.9409087932161810E-13	4.7435091689464259E-01	0.0000000000000000E+00	

==============================================================

