#stage		 order
12	 		2


A
0.0000000000000000E+00	0.0000000000000000E+00	0.0000000000000000E+00	0.0000000000000000E+00	0.0000000000000000E+00	0.0000000000000000E+00	0.0000000000000000E+00	0.0000000000000000E+00	0.0000000000000000E+00	0.0000000000000000E+00	0.0000000000000000E+00	0.0000000000000000E+00	
3.3581929476890054E-01	0.0000000000000000E+00	0.0000000000000000E+00	0.0000000000000000E+00	0.0000000000000000E+00	0.0000000000000000E+00	0.0000000000000000E+00	0.0000000000000000E+00	0.0000000000000000E+00	0.0000000000000000E+00	0.0000000000000000E+00	0.0000000000000000E+00	
3.3501156908809981E-01	3.3501156908676538E-01	0.0000000000000000E+00	0.0000000000000000E+00	0.0000000000000000E+00	0.0000000000000000E+00	0.0000000000000000E+00	0.0000000000000000E+00	0.0000000000000000E+00	0.0000000000000000E+00	0.0000000000000000E+00	0.0000000000000000E+00	
3.3500947240361745E-01	3.3500622851172190E-01	3.3581394131627340E-01	0.0000000000000000E+00	0.0000000000000000E+00	0.0000000000000000E+00	0.0000000000000000E+00	0.0000000000000000E+00	0.0000000000000000E+00	0.0000000000000000E+00	0.0000000000000000E+00	0.0000000000000000E+00	
3.3501015314485894E-01	3.3472462038987372E-01	3.3553165422649406E-01	3.3553700318122215E-01	0.0000000000000000E+00	0.0000000000000000E+00	0.0000000000000000E+00	0.0000000000000000E+00	0.0000000000000000E+00	0.0000000000000000E+00	0.0000000000000000E+00	0.0000000000000000E+00	
3.3501315706240364E-01	3.3472240752890375E-01	3.3428713943926769E-01	3.3385564961076508E-01	3.3413652664519772E-01	0.0000000000000000E+00	0.0000000000000000E+00	0.0000000000000000E+00	0.0000000000000000E+00	0.0000000000000000E+00	0.0000000000000000E+00	0.0000000000000000E+00	
3.3501315706240331E-01	3.3472240752899896E-01	3.3428713943936278E-01	3.3385564961086006E-01	3.3413652664529275E-01	3.3581929477124134E-01	0.0000000000000000E+00	0.0000000000000000E+00	0.0000000000000000E+00	0.0000000000000000E+00	0.0000000000000000E+00	0.0000000000000000E+00	
3.3499879519209924E-01	3.3470805811410820E-01	3.3427280868423981E-01	3.3384133735353239E-01	3.3412220234687967E-01	3.3580489833323601E-01	3.3580489833314053E-01	0.0000000000000000E+00	0.0000000000000000E+00	0.0000000000000000E+00	0.0000000000000000E+00	0.0000000000000000E+00	
3.1689826509052177E-01	3.1638176834755533E-01	3.1568523923025410E-01	2.8914524230418842E-01	2.7446024898037369E-01	2.7579630670073663E-01	2.4818268571023208E-01	2.4819332565739899E-01	0.0000000000000000E+00	0.0000000000000000E+00	0.0000000000000000E+00	0.0000000000000000E+00	
3.1842302225424068E-01	3.1718344800738590E-01	3.1637163471898783E-01	2.9398740129817669E-01	2.8160548247613731E-01	2.8298554414812438E-01	2.6016812107529913E-01	2.0508473355105145E-01	2.7749098573468944E-01	0.0000000000000000E+00	0.0000000000000000E+00	0.0000000000000000E+00	
3.1975746736130312E-01	3.1869845266490876E-01	3.1796065975482019E-01	2.9975384785511433E-01	2.8977971770038918E-01	2.9120820514444890E-01	2.7269820745605478E-01	2.2799655284128462E-01	2.2469345509094957E-01	2.7192377951126528E-01	0.0000000000000000E+00	0.0000000000000000E+00	
3.1975462025001755E-01	3.1868575444262742E-01	3.1794803320455689E-01	2.9973201669029442E-01	2.8975267314564340E-01	2.9118100743412495E-01	2.7266091052983266E-01	2.2801316001841992E-01	2.2481677367551975E-01	2.7159595250289603E-01	3.3541443633995388E-01	0.0000000000000000E+00	

b
3.1667355545173892E-01	
2.7058044804553488E-01	
1.8448153458403210E-01	
1.2781466285868559E-01	
5.3301277964852879E-02	
3.3643222676313263E-02	
7.4914704817458941E-03	
4.7419620210287809E-03	
6.4470730116758784E-04	
5.8326184654775980E-04	
2.1935145882019734E-05	
2.1961622470173525E-05	

c
0.0000000000000000E+00	
3.3581929476890054E-01	
6.7002313817486525E-01	
1.0058296422316126E+00	
1.3408034309424488E+00	
1.6720148802865378E+00	
2.0078341750581590E+00	
2.3435529983572359E+00	
2.2847430820212606E+00	
2.5533003732640931E+00	
2.8344703453805384E+00	
3.1695553382338870E+00	

r
2.9777919719636126E+00	

errcoeff
8.1516718725613821E-02	

v_opt
1.0000000000000000E+00	
1.4353154997870377E-08	
2.4052390478535024E-03	
6.2818679221754437E-06	
1.2150169759195251E-11	
3.2873703759150885E-13	
3.3306690738754696E-16	
4.2869571008408158E-05	
5.4044765140982665E-02	
4.8470994186958771E-03	
5.4310533260882865E-03	
7.9191653235000103E-11	
5.5575193476520068E-02	

alpha_opt
0.0000000000000000E+00	0.0000000000000000E+00	0.0000000000000000E+00	0.0000000000000000E+00	0.0000000000000000E+00	0.0000000000000000E+00	0.0000000000000000E+00	0.0000000000000000E+00	0.0000000000000000E+00	0.0000000000000000E+00	0.0000000000000000E+00	0.0000000000000000E+00	0.0000000000000000E+00	
9.9999998564684500E-01	0.0000000000000000E+00	0.0000000000000000E+00	0.0000000000000000E+00	0.0000000000000000E+00	0.0000000000000000E+00	0.0000000000000000E+00	0.0000000000000000E+00	0.0000000000000000E+00	0.0000000000000000E+00	0.0000000000000000E+00	0.0000000000000000E+00	0.0000000000000000E+00	
1.4322605614374805E-08	9.9759474662954084E-01	0.0000000000000000E+00	0.0000000000000000E+00	0.0000000000000000E+00	0.0000000000000000E+00	0.0000000000000000E+00	0.0000000000000000E+00	0.0000000000000000E+00	0.0000000000000000E+00	0.0000000000000000E+00	0.0000000000000000E+00	0.0000000000000000E+00	
9.6596311325537627E-06	1.4322126903668892E-08	9.9998404417881837E-01	0.0000000000000000E+00	0.0000000000000000E+00	0.0000000000000000E+00	0.0000000000000000E+00	0.0000000000000000E+00	0.0000000000000000E+00	0.0000000000000000E+00	0.0000000000000000E+00	0.0000000000000000E+00	0.0000000000000000E+00	
8.4060561830580913E-04	2.4740216295469922E-16	1.4334180627658960E-08	9.9915938003536320E-01	0.0000000000000000E+00	0.0000000000000000E+00	0.0000000000000000E+00	0.0000000000000000E+00	0.0000000000000000E+00	0.0000000000000000E+00	0.0000000000000000E+00	0.0000000000000000E+00	0.0000000000000000E+00	
1.9795127802043250E-05	3.6904030782844103E-03	1.3007351885660282E-03	1.4295723098946161E-08	9.9498905230929569E-01	0.0000000000000000E+00	0.0000000000000000E+00	0.0000000000000000E+00	0.0000000000000000E+00	0.0000000000000000E+00	0.0000000000000000E+00	0.0000000000000000E+00	0.0000000000000000E+00	
-8.2650329059708381E-16	5.2944254384116265E-11	1.8661034757569079E-11	1.5657298293491638E-16	1.4274579657066764E-08	9.9999998565381543E-01	0.0000000000000000E+00	0.0000000000000000E+00	0.0000000000000000E+00	0.0000000000000000E+00	0.0000000000000000E+00	0.0000000000000000E+00	0.0000000000000000E+00	
2.6508770640636506E-11	1.3719872892973133E-16	-1.2346746909954508E-16	9.8001820501763319E-17	4.1485684506594169E-17	1.4345853664233378E-08	9.9995711605662896E-01	0.0000000000000000E+00	0.0000000000000000E+00	0.0000000000000000E+00	0.0000000000000000E+00	0.0000000000000000E+00	0.0000000000000000E+00	
8.2643096912841040E-04	1.3043574623539860E-03	7.7976068105977972E-02	4.4415869380215779E-02	1.3679857934489998E-04	8.2227617722484408E-02	1.0604976126098703E-08	7.3906808203453578E-01	0.0000000000000000E+00	0.0000000000000000E+00	0.0000000000000000E+00	0.0000000000000000E+00	0.0000000000000000E+00	
2.2782681752507115E-03	4.9575722364604276E-04	1.1410152206083398E-03	8.7438271432591563E-04	1.6217076088639994E-12	3.4741962300711270E-09	1.6405304725188072E-01	8.7613838369165411E-09	8.2631041775839065E-01	0.0000000000000000E+00	0.0000000000000000E+00	0.0000000000000000E+00	0.0000000000000000E+00	
4.6314010094364659E-06	3.9168721129106097E-10	5.4328968637304637E-06	1.0157751372265968E-11	1.4449032023082274E-12	1.0121471615820485E-04	3.0226069262530568E-04	1.8442296090450649E-01	9.6616109730838977E-09	8.0973243599784772E-01	0.0000000000000000E+00	0.0000000000000000E+00	0.0000000000000000E+00	
3.1330637344162953E-05	2.3865773795878486E-14	1.3907536787942571E-12	7.4780622805086713E-13	2.1998435192314026E-15	2.8363653702541382E-12	4.3372572681477962E-12	3.9434712246132837E-07	1.1738618393950313E-03	1.1602966782546640E-08	9.9879440148464171E-01	0.0000000000000000E+00	0.0000000000000000E+00	
1.3711106036224990E-01	2.5733288536887738E-01	1.6846623206139347E-01	2.2193198959423677E-01	5.9039344789900382E-02	7.7716609195090006E-02	7.9031172352358112E-03	1.2689663993031201E-02	4.8456470834425661E-04	1.6839420720491038E-03	9.2696015482692543E-13	6.5397142144760315E-05	0.0000000000000000E+00	

beta_opt
0.0000000000000000E+00	0.0000000000000000E+00	0.0000000000000000E+00	0.0000000000000000E+00	0.0000000000000000E+00	0.0000000000000000E+00	0.0000000000000000E+00	0.0000000000000000E+00	0.0000000000000000E+00	0.0000000000000000E+00	0.0000000000000000E+00	0.0000000000000000E+00	0.0000000000000000E+00	
3.3581929476890054E-01	0.0000000000000000E+00	0.0000000000000000E+00	0.0000000000000000E+00	0.0000000000000000E+00	0.0000000000000000E+00	0.0000000000000000E+00	0.0000000000000000E+00	0.0000000000000000E+00	0.0000000000000000E+00	0.0000000000000000E+00	0.0000000000000000E+00	0.0000000000000000E+00	
4.8098073857083534E-09	3.3501156908676538E-01	0.0000000000000000E+00	0.0000000000000000E+00	0.0000000000000000E+00	0.0000000000000000E+00	0.0000000000000000E+00	0.0000000000000000E+00	0.0000000000000000E+00	0.0000000000000000E+00	0.0000000000000000E+00	0.0000000000000000E+00	0.0000000000000000E+00	
3.2438905612219848E-06	4.8096466254143877E-09	3.3581394131627340E-01	0.0000000000000000E+00	0.0000000000000000E+00	0.0000000000000000E+00	0.0000000000000000E+00	0.0000000000000000E+00	0.0000000000000000E+00	0.0000000000000000E+00	0.0000000000000000E+00	0.0000000000000000E+00	0.0000000000000000E+00	
2.8229158997000736E-04	8.3082421080242575E-17	4.8136944985621710E-09	3.3553700318122215E-01	0.0000000000000000E+00	0.0000000000000000E+00	0.0000000000000000E+00	0.0000000000000000E+00	0.0000000000000000E+00	0.0000000000000000E+00	0.0000000000000000E+00	0.0000000000000000E+00	0.0000000000000000E+00	
6.6475859537562521E-06	1.2393085769504383E-03	4.3681197997496647E-04	4.8007797182059164E-09	3.3413652664519772E-01	0.0000000000000000E+00	0.0000000000000000E+00	0.0000000000000000E+00	0.0000000000000000E+00	0.0000000000000000E+00	0.0000000000000000E+00	0.0000000000000000E+00	0.0000000000000000E+00	
-2.7755575615628914E-16	1.7779702424534020E-11	6.2667356218922169E-12	5.2580229463758898E-17	4.7936793423630775E-09	3.3581929477124134E-01	0.0000000000000000E+00	0.0000000000000000E+00	0.0000000000000000E+00	0.0000000000000000E+00	0.0000000000000000E+00	0.0000000000000000E+00	0.0000000000000000E+00	
8.9021567895031239E-12	4.6073981053678917E-17	-4.1462758995031656E-17	3.2910902719345824E-17	1.3931693513973312E-17	4.8176145295286688E-09	3.3580489833314053E-01	0.0000000000000000E+00	0.0000000000000000E+00	0.0000000000000000E+00	0.0000000000000000E+00	0.0000000000000000E+00	0.0000000000000000E+00	
2.7753146921133398E-04	4.3802840942135796E-04	2.6185868576051111E-02	1.4915706145899110E-02	4.5939603100370041E-05	2.7613620990434042E-02	3.5613556548241831E-09	2.4819332565739899E-01	0.0000000000000000E+00	0.0000000000000000E+00	0.0000000000000000E+00	0.0000000000000000E+00	0.0000000000000000E+00	
7.6508642288852791E-04	1.6648484361098494E-04	3.8317493220504332E-04	2.9363459069762881E-04	5.4460071334680669E-13	1.1667021446171155E-09	5.5092179423562287E-02	2.9422417835434089E-09	2.7749098573468944E-01	0.0000000000000000E+00	0.0000000000000000E+00	0.0000000000000000E+00	0.0000000000000000E+00	
1.5553138431045888E-06	1.3153612495371981E-10	1.8244716195170597E-06	3.4111689512332258E-12	4.8522638137300442E-13	3.3989855088344454E-05	1.0150497409070619E-04	6.1932789559074809E-02	3.2445554298821122E-09	2.7192377951126528E-01	0.0000000000000000E+00	0.0000000000000000E+00	0.0000000000000000E+00	
1.0521432688592736E-05	8.0145874402806353E-15	4.6704192631346658E-13	2.5112776373230952E-13	7.3874990983361784E-16	9.5250623201714579E-13	1.4565346979265494E-12	1.3242937445988789E-07	3.9420546071985589E-04	3.8965001780688624E-09	3.3541443633995388E-01	0.0000000000000000E+00	0.0000000000000000E+00	
4.6044540256751337E-02	8.6417349325784334E-02	5.6574212055249526E-02	7.4529045301922503E-02	1.9826551415535874E-02	2.6098737266324598E-02	2.6540192945063833E-03	4.2614340741590718E-03	1.6272618096170032E-04	5.6550024718392386E-04	3.1129110994085850E-13	2.1961622470173525E-05	0.0000000000000000E+00	

==============================================================

