#stage		 order
13	 		2


A
0.0000000000000000E+00	0.0000000000000000E+00	0.0000000000000000E+00	0.0000000000000000E+00	0.0000000000000000E+00	0.0000000000000000E+00	0.0000000000000000E+00	0.0000000000000000E+00	0.0000000000000000E+00	0.0000000000000000E+00	0.0000000000000000E+00	0.0000000000000000E+00	0.0000000000000000E+00	
3.1033238200146240E-01	0.0000000000000000E+00	0.0000000000000000E+00	0.0000000000000000E+00	0.0000000000000000E+00	0.0000000000000000E+00	0.0000000000000000E+00	0.0000000000000000E+00	0.0000000000000000E+00	0.0000000000000000E+00	0.0000000000000000E+00	0.0000000000000000E+00	0.0000000000000000E+00	
2.1036369072895678E-01	2.1036369072895680E-01	0.0000000000000000E+00	0.0000000000000000E+00	0.0000000000000000E+00	0.0000000000000000E+00	0.0000000000000000E+00	0.0000000000000000E+00	0.0000000000000000E+00	0.0000000000000000E+00	0.0000000000000000E+00	0.0000000000000000E+00	0.0000000000000000E+00	
1.9818597808889002E-01	1.8834022963193897E-01	2.7784296750949039E-01	0.0000000000000000E+00	0.0000000000000000E+00	0.0000000000000000E+00	0.0000000000000000E+00	0.0000000000000000E+00	0.0000000000000000E+00	0.0000000000000000E+00	0.0000000000000000E+00	0.0000000000000000E+00	0.0000000000000000E+00	
4.0035689153444631E-02	3.8229550173040264E-02	5.0502327876993505E-02	5.6407789792811358E-02	0.0000000000000000E+00	0.0000000000000000E+00	0.0000000000000000E+00	0.0000000000000000E+00	0.0000000000000000E+00	0.0000000000000000E+00	0.0000000000000000E+00	0.0000000000000000E+00	0.0000000000000000E+00	
2.3348488428672251E-01	3.6071361365870654E-03	4.5173326498325287E-03	2.0284794244378995E-03	1.1159856713744047E-02	0.0000000000000000E+00	0.0000000000000000E+00	0.0000000000000000E+00	0.0000000000000000E+00	0.0000000000000000E+00	0.0000000000000000E+00	0.0000000000000000E+00	0.0000000000000000E+00	
2.2805587147285186E-01	2.3219925729505878E-02	1.8274077769408360E-02	1.0013704097571834E-02	9.9311053629611030E-03	2.7616336501880123E-01	0.0000000000000000E+00	0.0000000000000000E+00	0.0000000000000000E+00	0.0000000000000000E+00	0.0000000000000000E+00	0.0000000000000000E+00	0.0000000000000000E+00	
1.1318606968883835E-01	2.0612938410966380E-02	2.1810563676367644E-02	1.9816645428974076E-02	8.9284846662450942E-02	1.2070276321384178E-01	1.3563702057208010E-01	0.0000000000000000E+00	0.0000000000000000E+00	0.0000000000000000E+00	0.0000000000000000E+00	0.0000000000000000E+00	0.0000000000000000E+00	
5.0847690749735511E-02	9.4580327221567180E-03	8.6989105382806343E-03	7.8901086415686748E-03	3.5641630577733473E-02	5.0982025952243902E-02	5.3263241839386924E-02	1.2186428633879427E-01	0.0000000000000000E+00	0.0000000000000000E+00	0.0000000000000000E+00	0.0000000000000000E+00	0.0000000000000000E+00	
5.0847690761930832E-02	9.4580327371487343E-03	8.6989105607697178E-03	7.8901086409845743E-03	3.5641630575032966E-02	5.0982025948840937E-02	5.3263241835869987E-02	1.2186428632950123E-01	3.1033238197779733E-01	0.0000000000000000E+00	0.0000000000000000E+00	0.0000000000000000E+00	0.0000000000000000E+00	
1.5420446259775475E-01	3.1645328024990114E-02	2.7430105130010738E-02	2.8352459725812958E-02	2.9246452669118767E-02	1.3472370480105766E-01	3.8908438609169045E-02	8.9014691015424544E-02	2.3461584662817447E-02	2.3461584664606561E-02	0.0000000000000000E+00	0.0000000000000000E+00	0.0000000000000000E+00	
1.5576602657262825E-01	3.7253275169837730E-02	3.5228534889770104E-02	2.7416381723227214E-02	2.8280858759535038E-02	1.3027569907864675E-01	3.7623846875003079E-02	8.6075803196091566E-02	2.2686982576338909E-02	2.2686982578068789E-02	3.0008652205402214E-01	0.0000000000000000E+00	0.0000000000000000E+00	
1.5183767260665285E-01	3.8034754243311500E-02	3.7275654335978715E-02	3.0283394619376274E-02	2.7886692488156010E-02	1.2518476222022173E-01	3.7267151722908891E-02	8.5260027382690368E-02	3.1159307255394508E-02	3.1156168309726909E-02	2.8397611940093143E-01	2.9367192155786975E-01	0.0000000000000000E+00	

b
1.2798787371663117E-01	
2.8372441811372322E-02	
2.9856684842376857E-02	
2.1640983141156794E-02	
4.7699754426705869E-02	
1.2317042915415834E-01	
1.0342222927322149E-01	
9.1368332551414244E-02	
8.3578963497661266E-02	
5.7623652980269939E-02	
9.3482423731099634E-02	
9.3252924418561770E-02	
9.8543306455370253E-02	

c
0.0000000000000000E+00	
3.1033238200146240E-01	
4.2072738145791355E-01	
6.6436917523031935E-01	
1.8517535699628976E-01	
2.5479768921132406E-01	
5.6565804945110032E-01	
5.2105084765351928E-01	
3.3864592735990007E-01	
6.4897830936787648E-01	
5.8044881190076258E-01	
8.8338091347316949E-01	
1.1729936261432190E+00	

r
3.2223514463768965E+00	

errcoeff
1.2823552169759125E-02	

v_opt
1.0000000000000000E+00	
2.0380919174556311E-11	
3.2213425691436393E-01	
7.2965850005749733E-02	
8.0530532793388399E-01	
2.1350401108628014E-01	
2.8033128145650288E-02	
2.8098913448293406E-01	
5.8254902972444478E-01	
1.1872725025341424E-11	
1.7122349938544801E-01	
2.5432206370386012E-03	
8.2769380930631797E-03	
3.9043810807815049E-02	

alpha_opt
0.0000000000000000E+00	0.0000000000000000E+00	0.0000000000000000E+00	0.0000000000000000E+00	0.0000000000000000E+00	0.0000000000000000E+00	0.0000000000000000E+00	0.0000000000000000E+00	0.0000000000000000E+00	0.0000000000000000E+00	0.0000000000000000E+00	0.0000000000000000E+00	0.0000000000000000E+00	0.0000000000000000E+00	
9.9999999997961908E-01	0.0000000000000000E+00	0.0000000000000000E+00	0.0000000000000000E+00	0.0000000000000000E+00	0.0000000000000000E+00	0.0000000000000000E+00	0.0000000000000000E+00	0.0000000000000000E+00	0.0000000000000000E+00	0.0000000000000000E+00	0.0000000000000000E+00	0.0000000000000000E+00	0.0000000000000000E+00	
1.3815432285964274E-11	6.7786574307182068E-01	0.0000000000000000E+00	0.0000000000000000E+00	0.0000000000000000E+00	0.0000000000000000E+00	0.0000000000000000E+00	0.0000000000000000E+00	0.0000000000000000E+00	0.0000000000000000E+00	0.0000000000000000E+00	0.0000000000000000E+00	0.0000000000000000E+00	0.0000000000000000E+00	
3.1726461780272781E-02	1.2369126842824691E-11	8.9530768820160833E-01	0.0000000000000000E+00	0.0000000000000000E+00	0.0000000000000000E+00	0.0000000000000000E+00	0.0000000000000000E+00	0.0000000000000000E+00	0.0000000000000000E+00	0.0000000000000000E+00	0.0000000000000000E+00	0.0000000000000000E+00	0.0000000000000000E+00	
5.3231291583703369E-05	1.2875717749130535E-02	3.3167269218593967E-12	1.8176572302208507E-01	0.0000000000000000E+00	0.0000000000000000E+00	0.0000000000000000E+00	0.0000000000000000E+00	0.0000000000000000E+00	0.0000000000000000E+00	0.0000000000000000E+00	0.0000000000000000E+00	0.0000000000000000E+00	0.0000000000000000E+00	
7.4053760079688213E-01	1.2931293712161614E-03	8.7042783233291683E-03	1.3321962501261258E-13	3.5960980422159138E-02	0.0000000000000000E+00	0.0000000000000000E+00	0.0000000000000000E+00	0.0000000000000000E+00	0.0000000000000000E+00	0.0000000000000000E+00	0.0000000000000000E+00	0.0000000000000000E+00	0.0000000000000000E+00	
2.6945105116230892E-05	3.3343505077275702E-02	2.2250107020540796E-02	2.6450895964256586E-02	6.5221703394440779E-13	8.8989541868650823E-01	0.0000000000000000E+00	0.0000000000000000E+00	0.0000000000000000E+00	0.0000000000000000E+00	0.0000000000000000E+00	0.0000000000000000E+00	0.0000000000000000E+00	0.0000000000000000E+00	
8.2204668306092594E-03	3.6884321609718887E-13	1.9820023303833117E-13	1.2495637203923012E-12	2.7372024926292565E-01	7.9270882466358012E-12	4.3707014941378736E-01	0.0000000000000000E+00	0.0000000000000000E+00	0.0000000000000000E+00	0.0000000000000000E+00	0.0000000000000000E+00	0.0000000000000000E+00	0.0000000000000000E+00	
7.6695568866858507E-03	4.0618325184358702E-03	1.9208553082633593E-05	9.0916105206556064E-06	1.4550338083424168E-03	1.1546687557491135E-02	3.4980181922350034E-12	3.9268955933749866E-01	0.0000000000000000E+00	0.0000000000000000E+00	0.0000000000000000E+00	0.0000000000000000E+00	0.0000000000000000E+00	0.0000000000000000E+00	
1.5626533865949685E-13	8.2780661784421527E-14	7.4502318666682340E-11	1.8482359570660863E-16	2.9621188484548242E-14	2.3532339829987898E-13	1.7554483093587715E-12	8.0033343285278603E-12	9.9999999990336197E-01	0.0000000000000000E+00	0.0000000000000000E+00	0.0000000000000000E+00	0.0000000000000000E+00	0.0000000000000000E+00	
6.7596409346736011E-02	3.5793797472909790E-02	2.2845655572521232E-05	7.0914548467988225E-02	7.7186487584953670E-06	3.2168206005518157E-01	8.9397918906174146E-06	2.5714870989722594E-01	1.5408192813090072E-12	7.5601471276748142E-02	0.0000000000000000E+00	0.0000000000000000E+00	0.0000000000000000E+00	0.0000000000000000E+00	
1.3815168862459205E-12	2.4250149103254297E-03	2.8047525919487296E-02	1.5958588788902025E-10	1.7706220701058745E-16	6.3396779054385751E-12	1.9126639013868247E-16	5.0678628058212163E-12	5.2544968195404095E-16	1.4899736536777628E-12	9.6698423835928282E-01	0.0000000000000000E+00	0.0000000000000000E+00	0.0000000000000000E+00	
2.3701128095478916E-14	4.6776188656360277E-14	6.5106064248889649E-10	1.3180959713959961E-02	7.2668553122930640E-16	1.0024243979914274E-03	4.1297565571227249E-10	4.4719109614111163E-17	1.0114794403508956E-05	3.1215420744826892E-02	1.8650015226345832E-11	9.4631414117299750E-01	0.0000000000000000E+00	0.0000000000000000E+00	
5.0912706295665559E-14	8.7957267654909204E-11	1.4464574657294714E-02	7.4316223287531234E-03	5.8449364457620986E-02	3.0591783898143270E-10	2.0457749960875843E-01	1.1119967990744499E-01	8.3633920539043033E-02	1.5299780553922743E-01	1.0660555673239694E-02	6.1242820616525238E-12	3.1754116608075234E-01	0.0000000000000000E+00	

beta_opt
0.0000000000000000E+00	0.0000000000000000E+00	0.0000000000000000E+00	0.0000000000000000E+00	0.0000000000000000E+00	0.0000000000000000E+00	0.0000000000000000E+00	0.0000000000000000E+00	0.0000000000000000E+00	0.0000000000000000E+00	0.0000000000000000E+00	0.0000000000000000E+00	0.0000000000000000E+00	0.0000000000000000E+00	
3.1033238200146240E-01	0.0000000000000000E+00	0.0000000000000000E+00	0.0000000000000000E+00	0.0000000000000000E+00	0.0000000000000000E+00	0.0000000000000000E+00	0.0000000000000000E+00	0.0000000000000000E+00	0.0000000000000000E+00	0.0000000000000000E+00	0.0000000000000000E+00	0.0000000000000000E+00	0.0000000000000000E+00	
4.2873760097705826E-12	2.1036369072895680E-01	0.0000000000000000E+00	0.0000000000000000E+00	0.0000000000000000E+00	0.0000000000000000E+00	0.0000000000000000E+00	0.0000000000000000E+00	0.0000000000000000E+00	0.0000000000000000E+00	0.0000000000000000E+00	0.0000000000000000E+00	0.0000000000000000E+00	0.0000000000000000E+00	
9.8457484569510756E-03	3.8385405964902475E-12	2.7784296750949039E-01	0.0000000000000000E+00	0.0000000000000000E+00	0.0000000000000000E+00	0.0000000000000000E+00	0.0000000000000000E+00	0.0000000000000000E+00	0.0000000000000000E+00	0.0000000000000000E+00	0.0000000000000000E+00	0.0000000000000000E+00	0.0000000000000000E+00	
1.6519393514521745E-05	3.9957521591476239E-03	1.0292877661299826E-12	5.6407789792811358E-02	0.0000000000000000E+00	0.0000000000000000E+00	0.0000000000000000E+00	0.0000000000000000E+00	0.0000000000000000E+00	0.0000000000000000E+00	0.0000000000000000E+00	0.0000000000000000E+00	0.0000000000000000E+00	0.0000000000000000E+00	
2.2981279762162829E-01	4.0129991801374351E-04	2.7012194257374895E-03	4.1342363560348261E-14	1.1159856713744047E-02	0.0000000000000000E+00	0.0000000000000000E+00	0.0000000000000000E+00	0.0000000000000000E+00	0.0000000000000000E+00	0.0000000000000000E+00	0.0000000000000000E+00	0.0000000000000000E+00	0.0000000000000000E+00	
8.3619386541701479E-06	1.0347569355119716E-02	6.9049287116126155E-03	8.2085695508279134E-03	2.0240406573002190E-13	2.7616336501880123E-01	0.0000000000000000E+00	0.0000000000000000E+00	0.0000000000000000E+00	0.0000000000000000E+00	0.0000000000000000E+00	0.0000000000000000E+00	0.0000000000000000E+00	0.0000000000000000E+00	
2.5510770527589766E-03	1.1446399383885364E-13	6.1507950433283844E-14	3.8778008581985546E-13	8.4944256957528996E-02	2.4600321779644219E-12	1.3563702057208010E-01	0.0000000000000000E+00	0.0000000000000000E+00	0.0000000000000000E+00	0.0000000000000000E+00	0.0000000000000000E+00	0.0000000000000000E+00	0.0000000000000000E+00	
2.3801118575894490E-03	1.2605181607628930E-03	5.9610360330567071E-06	2.8214211491621130E-06	4.5154410764476437E-04	3.5833110540159029E-03	1.0855483179028624E-12	1.2186428633879427E-01	0.0000000000000000E+00	0.0000000000000000E+00	0.0000000000000000E+00	0.0000000000000000E+00	0.0000000000000000E+00	0.0000000000000000E+00	
4.8494194771455219E-14	2.5689519955740536E-14	2.3120482016934762E-11	5.7356746706876093E-17	9.1924139803114935E-15	7.3028470736568720E-14	5.4477245533485058E-13	2.4836938061767455E-12	3.1033238197779733E-01	0.0000000000000000E+00	0.0000000000000000E+00	0.0000000000000000E+00	0.0000000000000000E+00	0.0000000000000000E+00	
2.0977354727746041E-02	1.1107974430872410E-02	7.0897467123499924E-06	2.2007080745077467E-02	2.3953466551053168E-06	9.9828359946096568E-02	2.7743069120692021E-06	7.9801571672635574E-02	4.7816611781215101E-13	2.3461584664606561E-02	0.0000000000000000E+00	0.0000000000000000E+00	0.0000000000000000E+00	0.0000000000000000E+00	
4.2872942609267772E-13	7.5256065352569124E-04	8.7040555280196458E-03	4.9524668723427336E-11	5.4948136465151533E-17	1.9674073455568923E-12	5.9356154449768083E-17	1.5727219362191663E-12	1.6306405142603174E-16	4.6238707307466598E-13	3.0008652205402214E-01	0.0000000000000000E+00	0.0000000000000000E+00	0.0000000000000000E+00	
7.3552275381416621E-15	1.4516166046973922E-14	2.0204520001509962E-10	4.0904786251818766E-03	2.2551405187698492E-16	3.1108475121140178E-04	1.2815971894841738E-10	1.3877787807814457E-17	3.1389482407599700E-06	9.6871558751174258E-03	5.7877036496734036E-12	2.9367192155786975E-01	0.0000000000000000E+00	0.0000000000000000E+00	
1.5799861419196759E-14	2.7295988386244474E-11	4.4888259081277415E-03	2.3062730594642158E-03	1.8138730498974819E-02	9.4936211669782722E-11	6.3487022758783165E-02	3.4508861544180883E-02	2.5954313777531227E-02	4.7480173434952672E-02	3.3083156356031040E-03	1.9005630402801899E-12	9.8543306455370253E-02	0.0000000000000000E+00	

==============================================================

