#stage		 order
8	 		3


A
0.0000000000000000E+00	0.0000000000000000E+00	0.0000000000000000E+00	0.0000000000000000E+00	0.0000000000000000E+00	0.0000000000000000E+00	0.0000000000000000E+00	0.0000000000000000E+00	
4.8708476102615161E-01	0.0000000000000000E+00	0.0000000000000000E+00	0.0000000000000000E+00	0.0000000000000000E+00	0.0000000000000000E+00	0.0000000000000000E+00	0.0000000000000000E+00	
3.9254791182983151E-01	3.9254791182983151E-01	0.0000000000000000E+00	0.0000000000000000E+00	0.0000000000000000E+00	0.0000000000000000E+00	0.0000000000000000E+00	0.0000000000000000E+00	
4.7642060602868791E-01	3.6722592217014800E-02	4.5566450655428380E-02	0.0000000000000000E+00	0.0000000000000000E+00	0.0000000000000000E+00	0.0000000000000000E+00	0.0000000000000000E+00	
2.4533390925115672E-01	5.7275869380424303E-02	1.9487658296487964E-02	2.0831425857772687E-01	0.0000000000000000E+00	0.0000000000000000E+00	0.0000000000000000E+00	0.0000000000000000E+00	
2.1324156358600607E-01	5.4616990172144768E-02	2.4138042012112726E-02	1.7570270569934202E-01	4.1083174527527405E-01	0.0000000000000000E+00	0.0000000000000000E+00	0.0000000000000000E+00	
1.8557635071059891E-01	1.3506640863944669E-01	3.4105322287457406E-02	5.5948036900081939E-02	1.3081887130251618E-01	1.5509969567566417E-01	0.0000000000000000E+00	0.0000000000000000E+00	
1.6354777264354636E-01	1.2025779762710719E-01	5.4291453877010003E-02	4.6483373031118873E-02	1.0868839607589315E-01	5.7397213897818516E-02	1.8025379155771273E-01	0.0000000000000000E+00	

b
2.2042863541362964E-01	
1.3881925505501272E-01	
3.7554190749223448E-02	
7.1690910079210510E-02	
1.6759760069888283E-01	
7.2240623256667497E-02	
7.8782207510988064E-02	
2.1288657723638532E-01	

c
0.0000000000000000E+00	
4.8708476102615161E-01	
7.8509582365966302E-01	
5.5870964890113106E-01	
5.3041169550579581E-01	
8.7853104674487958E-01	
6.9661468551576522E-01	
7.3091979871020685E-01	

r
2.0530307659251732E+00	

errcoeff
1.2718789597310137E-02	

v_opt
1.0000000000000000E+00	
7.3516748244628616E-12	
1.9408705991367381E-01	
3.7371248456076200E-03	
4.8695847634798706E-01	
1.4051700576894466E-01	
4.2945794540546722E-01	
3.5809488645615795E-01	
1.1757312447283907E-01	

alpha_opt
0.0000000000000000E+00	0.0000000000000000E+00	0.0000000000000000E+00	0.0000000000000000E+00	0.0000000000000000E+00	0.0000000000000000E+00	0.0000000000000000E+00	0.0000000000000000E+00	0.0000000000000000E+00	
9.9999999999264833E-01	0.0000000000000000E+00	0.0000000000000000E+00	0.0000000000000000E+00	0.0000000000000000E+00	0.0000000000000000E+00	0.0000000000000000E+00	0.0000000000000000E+00	0.0000000000000000E+00	
5.9247557097834208E-12	8.0591294008040149E-01	0.0000000000000000E+00	0.0000000000000000E+00	0.0000000000000000E+00	0.0000000000000000E+00	0.0000000000000000E+00	0.0000000000000000E+00	0.0000000000000000E+00	
9.0271355006492016E-01	5.5427413381290834E-13	9.3549325088917987E-02	0.0000000000000000E+00	0.0000000000000000E+00	0.0000000000000000E+00	0.0000000000000000E+00	0.0000000000000000E+00	0.0000000000000000E+00	
2.0398875085807931E-05	8.5345542938811955E-02	2.9413938464845341E-13	4.2767558183782101E-01	0.0000000000000000E+00	0.0000000000000000E+00	0.0000000000000000E+00	0.0000000000000000E+00	0.0000000000000000E+00	
1.4329519952510653E-05	2.0770801584825231E-04	1.5810744029931913E-02	2.6519341948718970E-12	8.4345021266267073E-01	0.0000000000000000E+00	0.0000000000000000E+00	0.0000000000000000E+00	0.0000000000000000E+00	
1.4548342665135565E-12	1.9787821904051428E-01	5.4239388545160104E-02	-2.6150130557257813E-17	1.9744627055224912E-12	3.1842444700542916E-01	0.0000000000000000E+00	0.0000000000000000E+00	0.0000000000000000E+00	
2.7218357858018413E-03	6.4767620856639979E-02	8.0599149776433482E-02	3.8909451569939253E-13	1.2374992738378449E-01	8.6627058196332740E-13	3.7006657973992685E-01	0.0000000000000000E+00	0.0000000000000000E+00	
3.3483141824474365E-02	1.3315484028105296E-01	1.6986367194462771E-02	2.7733746771363741E-05	1.6490257877544051E-01	9.6809520988178369E-02	1.1890653182146560E-12	4.3706269271559156E-01	0.0000000000000000E+00	

beta_opt
0.0000000000000000E+00	0.0000000000000000E+00	0.0000000000000000E+00	0.0000000000000000E+00	0.0000000000000000E+00	0.0000000000000000E+00	0.0000000000000000E+00	0.0000000000000000E+00	0.0000000000000000E+00	
4.8708476102615161E-01	0.0000000000000000E+00	0.0000000000000000E+00	0.0000000000000000E+00	0.0000000000000000E+00	0.0000000000000000E+00	0.0000000000000000E+00	0.0000000000000000E+00	0.0000000000000000E+00	
2.8858582190594007E-12	3.9254791182983151E-01	0.0000000000000000E+00	0.0000000000000000E+00	0.0000000000000000E+00	0.0000000000000000E+00	0.0000000000000000E+00	0.0000000000000000E+00	0.0000000000000000E+00	
4.3969801381167312E-01	2.6997848401322244E-13	4.5566450655428380E-02	0.0000000000000000E+00	0.0000000000000000E+00	0.0000000000000000E+00	0.0000000000000000E+00	0.0000000000000000E+00	0.0000000000000000E+00	
9.9359811964461198E-06	4.1570513387303998E-02	1.4327081188092450E-13	2.0831425857772687E-01	0.0000000000000000E+00	0.0000000000000000E+00	0.0000000000000000E+00	0.0000000000000000E+00	0.0000000000000000E+00	
6.9796908017394355E-06	1.0117140926340588E-04	7.7011724775216551E-03	1.2917167335757540E-12	4.1083174527527405E-01	0.0000000000000000E+00	0.0000000000000000E+00	0.0000000000000000E+00	0.0000000000000000E+00	
7.0862760104262179E-13	9.6383465034337965E-02	2.6419179607918120E-02	-1.2737330093378228E-17	9.6173069508154185E-13	1.5509969567566417E-01	0.0000000000000000E+00	0.0000000000000000E+00	0.0000000000000000E+00	
1.3257647332894640E-03	3.1547321127420806E-02	3.9258617608053721E-02	1.8952200919741813E-13	6.0276703807177416E-02	4.2194719940269465E-13	1.8025379155771273E-01	0.0000000000000000E+00	0.0000000000000000E+00	
1.6309128134098738E-02	6.4857693558248886E-02	8.2738006056781860E-03	1.3508685418588823E-05	8.0321533176022086E-02	4.7154442395929738E-02	5.7917559637132854E-13	2.1288657723638532E-01	0.0000000000000000E+00	

==============================================================

