#stage		 order
5	 		4


A
0.0000000000000000E+00	0.0000000000000000E+00	0.0000000000000000E+00	0.0000000000000000E+00	0.0000000000000000E+00	
6.5792679306418667E-01	0.0000000000000000E+00	0.0000000000000000E+00	0.0000000000000000E+00	0.0000000000000000E+00	
1.5169827765514809E-01	8.6491465428831205E-01	0.0000000000000000E+00	0.0000000000000000E+00	0.0000000000000000E+00	
2.7664366050654407E-02	1.5772964577225088E-01	2.8644051622704472E-02	0.0000000000000000E+00	0.0000000000000000E+00	
3.6650107268804246E-03	2.0896225947988945E-02	3.7948007290788855E-03	4.9696374389825548E-01	0.0000000000000000E+00	

b
1.4710533498625192E-01	
3.6720529060884438E-02	
1.4555197280508350E-01	
7.8451526153012902E-02	
5.9217063699476735E-01	

c
0.0000000000000000E+00	
6.5792679306418667E-01	
1.0166129319434603E+00	
2.1403806344560977E-01	
5.2531978130220369E-01	

r
2.6658138610174814E-01	

errcoeff
2.0556210486341767E-02	

v_opt
1.0000000000000000E+00	
8.2460896359187108E-01	
7.6942985264390251E-01	
9.5207686838013805E-01	
8.6751871633834243E-01	
7.6599794112564057E-01	

alpha_opt
0.0000000000000000E+00	0.0000000000000000E+00	0.0000000000000000E+00	0.0000000000000000E+00	0.0000000000000000E+00	0.0000000000000000E+00	
1.7539103640812895E-01	0.0000000000000000E+00	0.0000000000000000E+00	0.0000000000000000E+00	0.0000000000000000E+00	0.0000000000000000E+00	
9.3150183071456933E-12	2.3057014734678249E-01	0.0000000000000000E+00	0.0000000000000000E+00	0.0000000000000000E+00	0.0000000000000000E+00	
1.6275991845967168E-12	4.0287160634842618E-02	7.6359709833917003E-03	0.0000000000000000E+00	0.0000000000000000E+00	0.0000000000000000E+00	
0.0000000000000000E+00	1.2294044529133698E-12	2.3301943992584995E-13	1.3248128366019510E-01	0.0000000000000000E+00	0.0000000000000000E+00	
3.7498639566734139E-02	2.0522635737613395E-12	3.8641750118297735E-02	4.8173153434011873E-12	1.5786166918245800E-01	0.0000000000000000E+00	

beta_opt
0.0000000000000000E+00	0.0000000000000000E+00	0.0000000000000000E+00	0.0000000000000000E+00	0.0000000000000000E+00	0.0000000000000000E+00	
6.5792679306418667E-01	0.0000000000000000E+00	0.0000000000000000E+00	0.0000000000000000E+00	0.0000000000000000E+00	0.0000000000000000E+00	
3.4942493343237402E-11	8.6491465428831205E-01	0.0000000000000000E+00	0.0000000000000000E+00	0.0000000000000000E+00	0.0000000000000000E+00	
6.1054494793211234E-12	1.5112518256899507E-01	2.8644051622704472E-02	0.0000000000000000E+00	0.0000000000000000E+00	0.0000000000000000E+00	
0.0000000000000000E+00	4.6117415442026299E-12	8.7410243973518043E-13	4.9696374389825548E-01	0.0000000000000000E+00	0.0000000000000000E+00	
1.4066488333532509E-01	7.6984503841193153E-12	1.4495291922763831E-01	1.8070711593765054E-11	5.9217063699476735E-01	0.0000000000000000E+00	

==============================================================

