#stage		 order
6	 		4


A
0.0000000000000000E+00	0.0000000000000000E+00	0.0000000000000000E+00	0.0000000000000000E+00	0.0000000000000000E+00	0.0000000000000000E+00	
4.2910421394572701E-01	0.0000000000000000E+00	0.0000000000000000E+00	0.0000000000000000E+00	0.0000000000000000E+00	0.0000000000000000E+00	
8.4286230136857918E-02	1.6925698283846641E-01	0.0000000000000000E+00	0.0000000000000000E+00	0.0000000000000000E+00	0.0000000000000000E+00	
3.1186431924680874E-01	4.2205790535564808E-02	2.1487119001899499E-01	0.0000000000000000E+00	0.0000000000000000E+00	0.0000000000000000E+00	
1.0731066654880693E-01	1.4522762737106976E-02	7.3935904815150333E-02	2.9650358431029250E-01	0.0000000000000000E+00	0.0000000000000000E+00	
7.0733857646022316E-02	9.5726833604772056E-03	4.8734873562136523E-02	1.9544042543618678E-01	5.6798543138525215E-01	0.0000000000000000E+00	

b
1.1431364299662965E-01	
1.8656437596588071E-01	
1.7171009738900775E-01	
6.3427717830532804E-02	
1.8433248696299057E-01	
2.7965167885495851E-01	

c
0.0000000000000000E+00	
4.2910421394572701E-01	
2.5354321297532434E-01	
5.6894129980136854E-01	
4.9227291841135679E-01	
8.9246727139007487E-01	

r
1.1605056394467690E+00	

errcoeff
6.5418309744671565E-03	

v_opt
1.0000000000000000E+00	
5.0202213983345445E-01	
8.0357631690572839E-01	
4.1311145547233208E-01	
6.5590591829967315E-01	
3.4084970377798252E-01	
3.1717944547025634E-01	

alpha_opt
0.0000000000000000E+00	0.0000000000000000E+00	0.0000000000000000E+00	0.0000000000000000E+00	0.0000000000000000E+00	0.0000000000000000E+00	0.0000000000000000E+00	
4.9797786016654555E-01	0.0000000000000000E+00	0.0000000000000000E+00	0.0000000000000000E+00	0.0000000000000000E+00	0.0000000000000000E+00	0.0000000000000000E+00	
5.4691016652882477E-12	1.9642368308880256E-01	0.0000000000000000E+00	0.0000000000000000E+00	0.0000000000000000E+00	0.0000000000000000E+00	0.0000000000000000E+00	
3.3752931676718984E-01	2.7386335137759479E-12	2.4935922775773950E-01	0.0000000000000000E+00	0.0000000000000000E+00	0.0000000000000000E+00	0.0000000000000000E+00	
6.4938143662486261E-12	4.0263127532784484E-18	4.7975126980414021E-12	3.4409408168903555E-01	0.0000000000000000E+00	0.0000000000000000E+00	0.0000000000000000E+00	
1.6105251013113794E-17	-2.0131563766392242E-18	0.0000000000000000E+00	1.2681693384252142E-11	6.5915029620933574E-01	0.0000000000000000E+00	0.0000000000000000E+00	
4.9385343022249802E-12	1.7736755773329660E-01	1.8091564640575741E-01	-1.6105251013113794E-17	1.1960918980411247E-11	3.2453735037379017E-01	0.0000000000000000E+00	

beta_opt
0.0000000000000000E+00	0.0000000000000000E+00	0.0000000000000000E+00	0.0000000000000000E+00	0.0000000000000000E+00	0.0000000000000000E+00	0.0000000000000000E+00	
4.2910421394572701E-01	0.0000000000000000E+00	0.0000000000000000E+00	0.0000000000000000E+00	0.0000000000000000E+00	0.0000000000000000E+00	0.0000000000000000E+00	
4.7126885727166723E-12	1.6925698283846641E-01	0.0000000000000000E+00	0.0000000000000000E+00	0.0000000000000000E+00	0.0000000000000000E+00	0.0000000000000000E+00	
2.9084676998809555E-01	2.3598623055676171E-12	2.1487119001899499E-01	0.0000000000000000E+00	0.0000000000000000E+00	0.0000000000000000E+00	0.0000000000000000E+00	
5.5956766997766749E-12	3.4694469519536142E-18	4.1339848211308095E-12	2.9650358431029250E-01	0.0000000000000000E+00	0.0000000000000000E+00	0.0000000000000000E+00	
1.3877787807814457E-17	-1.7347234759768071E-18	0.0000000000000000E+00	1.0927730942356106E-11	5.6798543138525215E-01	0.0000000000000000E+00	0.0000000000000000E+00	
4.2555022006229848E-12	1.5283644621302112E-01	1.5589381065146593E-01	-1.3877787807814457E-17	1.0306644426805178E-11	2.7965167885495851E-01	0.0000000000000000E+00	

==============================================================

