#stage		 order
5	 		3


A
0.0000000000000000E+00	0.0000000000000000E+00	0.0000000000000000E+00	0.0000000000000000E+00	0.0000000000000000E+00	
7.6554339811096528E-01	0.0000000000000000E+00	0.0000000000000000E+00	0.0000000000000000E+00	0.0000000000000000E+00	
3.4372039840206586E-01	3.4372039840206586E-01	0.0000000000000000E+00	0.0000000000000000E+00	0.0000000000000000E+00	
3.5752367139777597E-01	1.1711302089983221E-01	2.6083729798841981E-01	0.0000000000000000E+00	0.0000000000000000E+00	
1.2305487807449471E-01	4.0858320000093415E-02	8.9180442162891602E-02	2.6173978669817932E-01	0.0000000000000000E+00	

b
2.3191597836008573E-01	
1.5821535338236448E-01	
2.6302554551400903E-01	
8.8371586634595822E-02	
2.5847153610894513E-01	

c
0.0000000000000000E+00	
7.6554339811096528E-01	
6.8744079680413173E-01	
7.3547399028602800E-01	
5.1483342693565903E-01	

r
1.3062616730384897E+00	

errcoeff
3.2146060885045298E-02	

v_opt
1.0000000000000000E+00	
1.6675882896777239E-11	
5.5101121732586122E-01	
3.4523901621145980E-01	
6.5703173826645633E-01	
2.4605276710420398E-01	

alpha_opt
0.0000000000000000E+00	0.0000000000000000E+00	0.0000000000000000E+00	0.0000000000000000E+00	0.0000000000000000E+00	0.0000000000000000E+00	
9.9999999998332412E-01	0.0000000000000000E+00	0.0000000000000000E+00	0.0000000000000000E+00	0.0000000000000000E+00	0.0000000000000000E+00	
7.4873082905331814E-12	4.4898878266665143E-01	0.0000000000000000E+00	0.0000000000000000E+00	0.0000000000000000E+00	0.0000000000000000E+00	
3.1403921853047867E-01	2.5511203249935925E-12	3.4072176525551046E-01	0.0000000000000000E+00	0.0000000000000000E+00	0.0000000000000000E+00	
1.8085240186932292E-12	1.0676100623927954E-03	1.9426351278136786E-12	3.4190065166739964E-01	0.0000000000000000E+00	0.0000000000000000E+00	
6.0020739625618748E-02	5.2046542595016100E-02	3.0424848948836741E-01	1.9249965620967014E-12	3.3763146118486875E-01	0.0000000000000000E+00	

beta_opt
0.0000000000000000E+00	0.0000000000000000E+00	0.0000000000000000E+00	0.0000000000000000E+00	0.0000000000000000E+00	0.0000000000000000E+00	
7.6554339811096528E-01	0.0000000000000000E+00	0.0000000000000000E+00	0.0000000000000000E+00	0.0000000000000000E+00	0.0000000000000000E+00	
5.7318594315347582E-12	3.4372039840206586E-01	0.0000000000000000E+00	0.0000000000000000E+00	0.0000000000000000E+00	0.0000000000000000E+00	
2.4041065049794375E-01	1.9529933226181129E-12	2.6083729798841981E-01	0.0000000000000000E+00	0.0000000000000000E+00	0.0000000000000000E+00	
1.3845036228588015E-12	8.1730183503526954E-04	1.4871714970610128E-12	2.6173978669817932E-01	0.0000000000000000E+00	0.0000000000000000E+00	
4.5948480970895877E-02	3.9843887078780157E-02	2.3291542251693717E-01	1.4736684095240093E-12	2.5847153610894513E-01	0.0000000000000000E+00	

==============================================================

