#stage		 order
8	 		2


A
0.0000000000000000E+00	0.0000000000000000E+00	0.0000000000000000E+00	0.0000000000000000E+00	0.0000000000000000E+00	0.0000000000000000E+00	0.0000000000000000E+00	0.0000000000000000E+00	
3.1255126366970937E-01	0.0000000000000000E+00	0.0000000000000000E+00	0.0000000000000000E+00	0.0000000000000000E+00	0.0000000000000000E+00	0.0000000000000000E+00	0.0000000000000000E+00	
1.8654239595135166E-01	1.8654239595135169E-01	0.0000000000000000E+00	0.0000000000000000E+00	0.0000000000000000E+00	0.0000000000000000E+00	0.0000000000000000E+00	0.0000000000000000E+00	
1.8540216896481818E-01	3.5203456950844120E-02	5.8983293848107216E-02	0.0000000000000000E+00	0.0000000000000000E+00	0.0000000000000000E+00	0.0000000000000000E+00	0.0000000000000000E+00	
1.4164213216130433E-01	2.6894468008690983E-02	4.5061606070681874E-02	2.3878052583240444E-01	0.0000000000000000E+00	0.0000000000000000E+00	0.0000000000000000E+00	0.0000000000000000E+00	
1.0773568694436007E-01	2.0482171768936065E-02	3.4317821621367740E-02	1.8141354332736023E-01	2.3746087339452218E-01	0.0000000000000000E+00	0.0000000000000000E+00	0.0000000000000000E+00	
1.4515793754111839E-01	6.7623600943849255E-02	1.6483424473978381E-02	7.8300133356796656E-02	1.0181385831329692E-01	1.3400965649629326E-01	0.0000000000000000E+00	0.0000000000000000E+00	
1.3159139230266884E-01	6.1528144661328839E-02	1.4896015317427982E-02	7.0760654055888855E-02	9.2010345325661741E-02	1.2108797763159063E-01	2.8241397980905952E-01	0.0000000000000000E+00	

b
1.3447565082744400E-01	
5.5706412472559329E-02	
1.3579691359478820E-02	
6.4361544835751627E-02	
8.3692765647884720E-02	
1.1014192453695471E-01	
2.5539405386180331E-01	
2.8264795645812357E-01	

c
0.0000000000000000E+00	
3.1255126366970937E-01	
3.7308479190270338E-01	
2.7958891976376948E-01	
4.5237873207308166E-01	
5.8141009705654623E-01	
5.4338861112533277E-01	
7.7428850910362645E-01	

r
3.1994751461211708E+00	

errcoeff
1.1829701773163359E-02	

v_opt
1.0000000000000000E+00	
1.1525225218633750E-11	
4.0316224045575577E-01	
3.3072737123491325E-01	
2.3602764222438910E-01	
2.3975002256169176E-01	
2.5177351868904962E-01	
9.5023399837780076E-02	
4.4775711167150400E-02	

alpha_opt
0.0000000000000000E+00	0.0000000000000000E+00	0.0000000000000000E+00	0.0000000000000000E+00	0.0000000000000000E+00	0.0000000000000000E+00	0.0000000000000000E+00	0.0000000000000000E+00	0.0000000000000000E+00	
9.9999999998847477E-01	0.0000000000000000E+00	0.0000000000000000E+00	0.0000000000000000E+00	0.0000000000000000E+00	0.0000000000000000E+00	0.0000000000000000E+00	0.0000000000000000E+00	0.0000000000000000E+00	
6.8786128276805276E-12	5.9683775953736562E-01	0.0000000000000000E+00	0.0000000000000000E+00	0.0000000000000000E+00	0.0000000000000000E+00	0.0000000000000000E+00	0.0000000000000000E+00	0.0000000000000000E+00	
4.8055704606258282E-01	1.2981262644112880E-12	1.8871558270120581E-01	0.0000000000000000E+00	0.0000000000000000E+00	0.0000000000000000E+00	0.0000000000000000E+00	0.0000000000000000E+00	0.0000000000000000E+00	
4.2323640554003269E-12	-3.4016344162587882E-16	1.6616202671340616E-12	7.6397235776971728E-01	0.0000000000000000E+00	0.0000000000000000E+00	0.0000000000000000E+00	0.0000000000000000E+00	0.0000000000000000E+00	
2.3662894978302432E-04	1.8052257418315251E-15	2.6318588859045245E-04	6.6894618533204204E-12	7.5975016259324346E-01	0.0000000000000000E+00	0.0000000000000000E+00	0.0000000000000000E+00	0.0000000000000000E+00	
1.2757889624998206E-01	1.8488381756022643E-01	5.3485617419286313E-03	1.6546404598746889E-03	3.7542916279507333E-12	4.2876056529518425E-01	0.0000000000000000E+00	0.0000000000000000E+00	0.0000000000000000E+00	
1.3441263605232764E-12	1.3561472402690462E-03	5.2643978680919881E-14	2.7536278010827011E-15	4.3943610248297481E-05	4.4648954292791720E-12	9.0357650930583822E-01	0.0000000000000000E+00	0.0000000000000000E+00	
4.8730854711558809E-02	1.4985552546135233E-14	1.2377571525367125E-04	0.0000000000000000E+00	1.8337876152752152E-14	2.0445466173034501E-03	9.4175872445489861E-12	9.0432511177928276E-01	0.0000000000000000E+00	

beta_opt
0.0000000000000000E+00	0.0000000000000000E+00	0.0000000000000000E+00	0.0000000000000000E+00	0.0000000000000000E+00	0.0000000000000000E+00	0.0000000000000000E+00	0.0000000000000000E+00	0.0000000000000000E+00	
3.1255126366970937E-01	0.0000000000000000E+00	0.0000000000000000E+00	0.0000000000000000E+00	0.0000000000000000E+00	0.0000000000000000E+00	0.0000000000000000E+00	0.0000000000000000E+00	0.0000000000000000E+00	
2.1499191316110000E-12	1.8654239595135169E-01	0.0000000000000000E+00	0.0000000000000000E+00	0.0000000000000000E+00	0.0000000000000000E+00	0.0000000000000000E+00	0.0000000000000000E+00	0.0000000000000000E+00	
1.5019871201397406E-01	4.0573100434926346E-13	5.8983293848107216E-02	0.0000000000000000E+00	0.0000000000000000E+00	0.0000000000000000E+00	0.0000000000000000E+00	0.0000000000000000E+00	0.0000000000000000E+00	
1.3228307338408740E-12	-1.0631851353563118E-16	5.1934151423793651E-13	2.3878052583240444E-01	0.0000000000000000E+00	0.0000000000000000E+00	0.0000000000000000E+00	0.0000000000000000E+00	0.0000000000000000E+00	
7.3958677276372842E-05	5.6422558682503454E-16	8.2259082059929313E-05	2.0907997555497104E-12	2.3746087339452218E-01	0.0000000000000000E+00	0.0000000000000000E+00	0.0000000000000000E+00	0.0000000000000000E+00	
3.9874945240978205E-02	5.7785670811194768E-02	1.6716997312745223E-03	5.1715996665882341E-04	1.1734085925141358E-12	1.3400965649629326E-01	0.0000000000000000E+00	0.0000000000000000E+00	0.0000000000000000E+00	
4.2010839251815923E-13	4.2386553367316452E-04	1.6453942061512384E-14	8.6064984891436047E-16	1.3734630913472862E-05	1.3955087085903983E-12	2.8241397980905952E-01	0.0000000000000000E+00	0.0000000000000000E+00	
1.5230890219978255E-02	4.6837533851373792E-15	3.8686256214602935E-05	0.0000000000000000E+00	5.7315263646273706E-15	6.3902562887718783E-04	2.9434787940374463E-12	2.8264795645812357E-01	0.0000000000000000E+00	

==============================================================

