#stage		 order
13	 		4


A
0.0000000000000000E+00	0.0000000000000000E+00	0.0000000000000000E+00	0.0000000000000000E+00	0.0000000000000000E+00	0.0000000000000000E+00	0.0000000000000000E+00	0.0000000000000000E+00	0.0000000000000000E+00	0.0000000000000000E+00	0.0000000000000000E+00	0.0000000000000000E+00	0.0000000000000000E+00	
2.4839107471455341E-01	0.0000000000000000E+00	0.0000000000000000E+00	0.0000000000000000E+00	0.0000000000000000E+00	0.0000000000000000E+00	0.0000000000000000E+00	0.0000000000000000E+00	0.0000000000000000E+00	0.0000000000000000E+00	0.0000000000000000E+00	0.0000000000000000E+00	0.0000000000000000E+00	
1.7972301087654746E-01	1.7972210818090892E-01	0.0000000000000000E+00	0.0000000000000000E+00	0.0000000000000000E+00	0.0000000000000000E+00	0.0000000000000000E+00	0.0000000000000000E+00	0.0000000000000000E+00	0.0000000000000000E+00	0.0000000000000000E+00	0.0000000000000000E+00	0.0000000000000000E+00	
1.4045907570925772E-01	8.9710408216709683E-02	1.2398600647079569E-01	0.0000000000000000E+00	0.0000000000000000E+00	0.0000000000000000E+00	0.0000000000000000E+00	0.0000000000000000E+00	0.0000000000000000E+00	0.0000000000000000E+00	0.0000000000000000E+00	0.0000000000000000E+00	0.0000000000000000E+00	
1.4046019095270873E-01	8.9710395303965518E-02	1.2398583736498410E-01	2.4838747141353118E-01	0.0000000000000000E+00	0.0000000000000000E+00	0.0000000000000000E+00	0.0000000000000000E+00	0.0000000000000000E+00	0.0000000000000000E+00	0.0000000000000000E+00	0.0000000000000000E+00	0.0000000000000000E+00	
6.7610151546681027E-02	5.8694696663656863E-02	8.1120756795645371E-02	4.3634988686853067E-02	2.2720324502725122E-02	0.0000000000000000E+00	0.0000000000000000E+00	0.0000000000000000E+00	0.0000000000000000E+00	0.0000000000000000E+00	0.0000000000000000E+00	0.0000000000000000E+00	0.0000000000000000E+00	
5.8947456421616723E-02	5.0493031765924387E-02	6.9785266045418237E-02	4.1372331465867003E-02	2.4054627762598396E-02	2.0566896382502597E-01	0.0000000000000000E+00	0.0000000000000000E+00	0.0000000000000000E+00	0.0000000000000000E+00	0.0000000000000000E+00	0.0000000000000000E+00	0.0000000000000000E+00	
7.1707419508346179E-02	5.5779747547341704E-02	7.7090795375423543E-02	7.0631452825703239E-02	5.5887061047138531E-02	1.7511370005489990E-01	2.1148750642783945E-01	0.0000000000000000E+00	0.0000000000000000E+00	0.0000000000000000E+00	0.0000000000000000E+00	0.0000000000000000E+00	0.0000000000000000E+00	
6.5693214218584164E-02	4.3983080851443493E-02	6.0786620690409417E-02	5.5692718092786773E-02	4.4066573508869243E-02	1.3807856609432639E-01	1.6675930060092900E-01	1.9585229935338355E-01	0.0000000000000000E+00	0.0000000000000000E+00	0.0000000000000000E+00	0.0000000000000000E+00	0.0000000000000000E+00	
9.1637264920668329E-02	3.7744796878822234E-02	5.2155382631575230E-02	4.7784454904588700E-02	3.7808875059592406E-02	1.1847145728841479E-01	1.4307821375854113E-01	1.6803733407814617E-01	2.1311410531450437E-01	0.0000000000000000E+00	0.0000000000000000E+00	0.0000000000000000E+00	0.0000000000000000E+00	
9.1636235407477021E-02	3.7744770115555458E-02	5.2155058782811396E-02	4.7784194052142799E-02	3.7808292248706396E-02	1.1847052190852596E-01	1.4307651772421731E-01	1.6803301460065023E-01	2.1310849841651766E-01	2.4838443068750773E-01	0.0000000000000000E+00	0.0000000000000000E+00	0.0000000000000000E+00	
9.1636425469952862E-02	3.7745311923074537E-02	5.2155669682408340E-02	4.7784097595564443E-02	3.7807639322933156E-02	1.1847317161845516E-01	1.4307343943062950E-01	1.6802693477910555E-01	2.1310038524497255E-01	2.4837494082922368E-01	2.4838079882571978E-01	0.0000000000000000E+00	0.0000000000000000E+00	
1.1025344322146519E-01	7.9424186019326173E-02	9.0704759747456107E-02	1.3323907707556493E-01	8.2328863786929288E-02	1.0128385877221226E-01	7.6976343978810119E-02	9.0407510647331130E-02	1.5134206007007501E-02	1.7637424227254235E-02	2.9143283868639752E-03	2.9144274847431127E-03	0.0000000000000000E+00	

b
1.1116357355590081E-01	
7.9553442697897769E-02	
7.4783444948234301E-02	
1.0491619330228438E-01	
6.6246814037508733E-02	
9.3817860775319700E-02	
8.0383426920643930E-02	
9.4408014369100804E-02	
4.7476767555760961E-02	
5.5334214104387089E-02	
5.7907560865583440E-03	
5.7909781262592830E-03	
1.8033451352014387E-01	

c
0.0000000000000000E+00	
2.4839107471455341E-01	
3.5944511905745641E-01	
3.5415549039676308E-01	
6.0254389503518957E-01	
2.7378091819556144E-01	
4.5032167728645073E-01	
7.1769768278669255E-01	
7.7091237341073193E-01	
9.0983188483485344E-01	
1.1582015339441121E+00	
1.4065588147220396E+00	
8.0321842935496401E-01	

r
4.0259095506921172E+00	

errcoeff
1.4595968961694389E-03	

v_opt
1.0000000000000000E+00	
1.3652967645327863E-11	
2.7645141403296425E-01	
2.9653195986187841E-01	
4.0640824039428480E-12	
5.8543088433451196E-01	
1.5088384699530544E-01	
1.1910264711145757E-06	
1.7465066866502055E-01	
3.9843683907747618E-12	
1.1993791711129020E-05	
4.4408920985006262E-16	
1.8990364836213303E-12	
4.0653806359460365E-02	

alpha_opt
0.0000000000000000E+00	0.0000000000000000E+00	0.0000000000000000E+00	0.0000000000000000E+00	0.0000000000000000E+00	0.0000000000000000E+00	0.0000000000000000E+00	0.0000000000000000E+00	0.0000000000000000E+00	0.0000000000000000E+00	0.0000000000000000E+00	0.0000000000000000E+00	0.0000000000000000E+00	0.0000000000000000E+00	
9.9999999998634703E-01	0.0000000000000000E+00	0.0000000000000000E+00	0.0000000000000000E+00	0.0000000000000000E+00	0.0000000000000000E+00	0.0000000000000000E+00	0.0000000000000000E+00	0.0000000000000000E+00	0.0000000000000000E+00	0.0000000000000000E+00	0.0000000000000000E+00	0.0000000000000000E+00	0.0000000000000000E+00	
3.6341808710338733E-06	7.2354495178616474E-01	0.0000000000000000E+00	0.0000000000000000E+00	0.0000000000000000E+00	0.0000000000000000E+00	0.0000000000000000E+00	0.0000000000000000E+00	0.0000000000000000E+00	0.0000000000000000E+00	0.0000000000000000E+00	0.0000000000000000E+00	0.0000000000000000E+00	0.0000000000000000E+00	
2.0430773112047587E-01	3.8614215095705893E-06	4.9915644759613614E-01	0.0000000000000000E+00	0.0000000000000000E+00	0.0000000000000000E+00	0.0000000000000000E+00	0.0000000000000000E+00	0.0000000000000000E+00	0.0000000000000000E+00	0.0000000000000000E+00	0.0000000000000000E+00	0.0000000000000000E+00	0.0000000000000000E+00	
7.5056632412966521E-06	4.4066328119884127E-07	6.5602470656897985E-06	9.9998549342234777E-01	0.0000000000000000E+00	0.0000000000000000E+00	0.0000000000000000E+00	0.0000000000000000E+00	0.0000000000000000E+00	0.0000000000000000E+00	0.0000000000000000E+00	0.0000000000000000E+00	0.0000000000000000E+00	0.0000000000000000E+00	
9.6658625591912932E-08	1.6482064901157703E-08	2.3889715791220864E-01	8.4201873203492567E-02	9.1469971409096379E-02	0.0000000000000000E+00	0.0000000000000000E+00	0.0000000000000000E+00	0.0000000000000000E+00	0.0000000000000000E+00	0.0000000000000000E+00	0.0000000000000000E+00	0.0000000000000000E+00	0.0000000000000000E+00	
5.1670356268412766E-06	3.2635575427217188E-07	4.4812116372574503E-07	1.3713846441145882E-06	2.1104194374686538E-02	8.2800464573281907E-01	0.0000000000000000E+00	0.0000000000000000E+00	0.0000000000000000E+00	0.0000000000000000E+00	0.0000000000000000E+00	0.0000000000000000E+00	0.0000000000000000E+00	0.0000000000000000E+00	
6.0199859025453061E-03	2.9085291718925769E-06	9.5151684356182631E-08	4.3921142118863755E-08	1.4254192710631641E-01	4.2763943938214836E-06	8.5142957196827496E-01	0.0000000000000000E+00	0.0000000000000000E+00	0.0000000000000000E+00	0.0000000000000000E+00	0.0000000000000000E+00	0.0000000000000000E+00	0.0000000000000000E+00	
3.6842007175208850E-02	1.4795313158506002E-06	1.1349443856818360E-06	2.9240782009103861E-07	1.8577281405754701E-07	1.0182971622768654E-06	1.9570725239202921E-05	7.8848364248103342E-01	0.0000000000000000E+00	0.0000000000000000E+00	0.0000000000000000E+00	0.0000000000000000E+00	0.0000000000000000E+00	0.0000000000000000E+00	
1.4197521659882664E-01	2.8097599077351192E-05	1.6080188609011553E-06	1.3840499653452505E-06	1.3639723987511802E-06	4.4123396484576781E-06	8.4042154001474353E-06	1.4012406830230540E-06	8.5797811196115503E-01	0.0000000000000000E+00	0.0000000000000000E+00	0.0000000000000000E+00	0.0000000000000000E+00	0.0000000000000000E+00	
9.1154193909879376E-07	8.3644408280062208E-07	1.2012933680238346E-07	1.6132788812190548E-06	6.2103066354415590E-07	1.8881431554614277E-06	7.9787976392976416E-06	4.0854592568137345E-07	3.7656225573098939E-07	9.9997325173440921E-01	0.0000000000000000E+00	0.0000000000000000E+00	0.0000000000000000E+00	0.0000000000000000E+00	
5.4382796547267019E-06	4.0299654634918384E-07	1.0495663829383653E-07	1.3421809027937770E-06	1.4622326405743657E-07	2.0929282032051361E-05	8.4486400919355502E-06	1.2774170866457790E-06	1.1644145348480004E-07	3.1633949787352778E-06	9.9995863018735043E-01	0.0000000000000000E+00	0.0000000000000000E+00	0.0000000000000000E+00	
8.3124094743033167E-07	5.5532804181027628E-02	2.2543553398126928E-06	1.7063000362711453E-01	2.3572915639040390E-01	1.5115898201142786E-01	9.0016821595289785E-07	3.1593086518959934E-01	6.7660718713226082E-06	5.9274128874611462E-02	8.6442074906671284E-08	1.1733221445466711E-02	0.0000000000000000E+00	0.0000000000000000E+00	
1.1511602835041474E-12	6.2109351367307879E-02	5.5870718477196050E-17	1.6913183897416788E-12	6.3518732170981854E-06	1.4983409281214436E-12	2.7935359238598025E-17	1.3516471289364376E-07	1.8324617922946953E-12	1.5642439423617116E-01	7.8243136483763563E-09	1.4795512878391776E-02	7.2601044029025186E-01	0.0000000000000000E+00	

beta_opt
0.0000000000000000E+00	0.0000000000000000E+00	0.0000000000000000E+00	0.0000000000000000E+00	0.0000000000000000E+00	0.0000000000000000E+00	0.0000000000000000E+00	0.0000000000000000E+00	0.0000000000000000E+00	0.0000000000000000E+00	0.0000000000000000E+00	0.0000000000000000E+00	0.0000000000000000E+00	0.0000000000000000E+00	
2.4839107471455341E-01	0.0000000000000000E+00	0.0000000000000000E+00	0.0000000000000000E+00	0.0000000000000000E+00	0.0000000000000000E+00	0.0000000000000000E+00	0.0000000000000000E+00	0.0000000000000000E+00	0.0000000000000000E+00	0.0000000000000000E+00	0.0000000000000000E+00	0.0000000000000000E+00	0.0000000000000000E+00	
9.0269809227550013E-07	1.7972210818090892E-01	0.0000000000000000E+00	0.0000000000000000E+00	0.0000000000000000E+00	0.0000000000000000E+00	0.0000000000000000E+00	0.0000000000000000E+00	0.0000000000000000E+00	0.0000000000000000E+00	0.0000000000000000E+00	0.0000000000000000E+00	0.0000000000000000E+00	0.0000000000000000E+00	
5.0748216906199878E-02	9.5914263870122696E-07	1.2398600647079569E-01	0.0000000000000000E+00	0.0000000000000000E+00	0.0000000000000000E+00	0.0000000000000000E+00	0.0000000000000000E+00	0.0000000000000000E+00	0.0000000000000000E+00	0.0000000000000000E+00	0.0000000000000000E+00	0.0000000000000000E+00	0.0000000000000000E+00	
1.8643397589766475E-06	1.0945682600571605E-07	1.6295068190619322E-06	2.4838747141353118E-01	0.0000000000000000E+00	0.0000000000000000E+00	0.0000000000000000E+00	0.0000000000000000E+00	0.0000000000000000E+00	0.0000000000000000E+00	0.0000000000000000E+00	0.0000000000000000E+00	0.0000000000000000E+00	0.0000000000000000E+00	
2.4009139891534687E-08	4.0939978143694766E-09	5.9339921800876050E-02	2.0914993778279628E-02	2.2720324502725122E-02	0.0000000000000000E+00	0.0000000000000000E+00	0.0000000000000000E+00	0.0000000000000000E+00	0.0000000000000000E+00	0.0000000000000000E+00	0.0000000000000000E+00	0.0000000000000000E+00	0.0000000000000000E+00	
1.2834455324570137E-06	8.1063856544050239E-08	1.1130929746169386E-07	3.4063970560330864E-07	5.2420935217847922E-03	2.0566896382502597E-01	0.0000000000000000E+00	0.0000000000000000E+00	0.0000000000000000E+00	0.0000000000000000E+00	0.0000000000000000E+00	0.0000000000000000E+00	0.0000000000000000E+00	0.0000000000000000E+00	
1.4953107681201048E-03	7.2245268685489084E-07	2.3634829138454849E-08	1.0909619693744155E-08	3.5406142466304864E-02	1.0622181993991120E-06	2.1148750642783945E-01	0.0000000000000000E+00	0.0000000000000000E+00	0.0000000000000000E+00	0.0000000000000000E+00	0.0000000000000000E+00	0.0000000000000000E+00	0.0000000000000000E+00	
9.1512257570163565E-03	3.6750237362298543E-07	2.8191005570460875E-07	7.2631492688344496E-08	4.6144308937131006E-08	2.5293592652018393E-07	4.8611934751752184E-06	1.9585229935338355E-01	0.0000000000000000E+00	0.0000000000000000E+00	0.0000000000000000E+00	0.0000000000000000E+00	0.0000000000000000E+00	0.0000000000000000E+00	
3.5265376634295527E-02	6.9791928318171936E-06	3.9941753302596316E-07	3.4378565835544087E-07	3.3879857001141863E-07	1.0959857873010010E-06	2.0875320954037230E-06	3.4805567919460323E-07	2.1311410531450437E-01	0.0000000000000000E+00	0.0000000000000000E+00	0.0000000000000000E+00	0.0000000000000000E+00	0.0000000000000000E+00	
2.2641888190322866E-07	2.0776524466831203E-07	2.9839055073497970E-08	4.0072407512576445E-07	1.5425847395053119E-07	4.6899790760639534E-07	1.9818621205821410E-06	1.0147916155163391E-07	9.3534703399233976E-08	2.4838443068750773E-01	0.0000000000000000E+00	0.0000000000000000E+00	0.0000000000000000E+00	0.0000000000000000E+00	
1.3508201280542986E-06	1.0010074525529378E-07	2.6070292184588644E-08	3.3338575691084752E-07	3.6320553707992480E-08	5.1986468570162068E-06	2.0985667923409862E-06	3.1729900301501091E-07	2.8923017772809047E-08	7.8575907852540539E-07	2.4838079882571978E-01	0.0000000000000000E+00	0.0000000000000000E+00	0.0000000000000000E+00	
2.0647283228178263E-07	1.3793852912626624E-02	5.5996174565221216E-07	4.2382969980065778E-02	5.8553018498166881E-02	3.7546541995089035E-02	2.2359375058747522E-07	7.8474407141014682E-02	1.6806318637366778E-06	1.4723164574134699E-02	2.1471439886917160E-08	2.9144274847431127E-03	0.0000000000000000E+00	0.0000000000000000E+00	
2.8593793999220907E-13	1.5427408536160050E-02	1.3877787807814457E-17	4.2010839251815923E-13	1.5777486148671471E-06	3.7217451342996810E-13	6.9388939039072284E-18	3.3573708299594607E-08	4.5516715396765051E-13	3.8854423396426030E-02	1.9434896760504861E-09	3.6750733448669246E-03	1.8033451352014387E-01	0.0000000000000000E+00	

==============================================================

