#stage		 order
14	 		4


A
0.0000000000000000E+00	0.0000000000000000E+00	0.0000000000000000E+00	0.0000000000000000E+00	0.0000000000000000E+00	0.0000000000000000E+00	0.0000000000000000E+00	0.0000000000000000E+00	0.0000000000000000E+00	0.0000000000000000E+00	0.0000000000000000E+00	0.0000000000000000E+00	0.0000000000000000E+00	0.0000000000000000E+00	
3.4228636240735832E-01	0.0000000000000000E+00	0.0000000000000000E+00	0.0000000000000000E+00	0.0000000000000000E+00	0.0000000000000000E+00	0.0000000000000000E+00	0.0000000000000000E+00	0.0000000000000000E+00	0.0000000000000000E+00	0.0000000000000000E+00	0.0000000000000000E+00	0.0000000000000000E+00	0.0000000000000000E+00	
1.9028243821341825E-01	1.9028243821341828E-01	0.0000000000000000E+00	0.0000000000000000E+00	0.0000000000000000E+00	0.0000000000000000E+00	0.0000000000000000E+00	0.0000000000000000E+00	0.0000000000000000E+00	0.0000000000000000E+00	0.0000000000000000E+00	0.0000000000000000E+00	0.0000000000000000E+00	0.0000000000000000E+00	
1.1585374281758409E-01	1.1585374281758411E-01	2.0840155598506563E-01	0.0000000000000000E+00	0.0000000000000000E+00	0.0000000000000000E+00	0.0000000000000000E+00	0.0000000000000000E+00	0.0000000000000000E+00	0.0000000000000000E+00	0.0000000000000000E+00	0.0000000000000000E+00	0.0000000000000000E+00	0.0000000000000000E+00	
9.1708668227158147E-02	9.1708668227158147E-02	1.6496859480794510E-01	2.7095047328874755E-01	0.0000000000000000E+00	0.0000000000000000E+00	0.0000000000000000E+00	0.0000000000000000E+00	0.0000000000000000E+00	0.0000000000000000E+00	0.0000000000000000E+00	0.0000000000000000E+00	0.0000000000000000E+00	0.0000000000000000E+00	
5.1952956823446701E-02	5.1952956823446701E-02	9.3434288123275810E-02	1.5345990318867364E-01	1.9386285397574871E-01	0.0000000000000000E+00	0.0000000000000000E+00	0.0000000000000000E+00	0.0000000000000000E+00	0.0000000000000000E+00	0.0000000000000000E+00	0.0000000000000000E+00	0.0000000000000000E+00	0.0000000000000000E+00	
5.8871982350818482E-02	5.8871982350818482E-02	1.0304682847828885E-01	1.6874876637272054E-01	6.5626500207761215E-02	1.1587086217378367E-01	0.0000000000000000E+00	0.0000000000000000E+00	0.0000000000000000E+00	0.0000000000000000E+00	0.0000000000000000E+00	0.0000000000000000E+00	0.0000000000000000E+00	0.0000000000000000E+00	
7.7173453696961991E-02	7.7173453696962005E-02	1.3765270813147301E-01	2.2588133928002821E-01	1.5559312801886394E-01	4.7478696963875675E-02	1.4025364246649430E-01	0.0000000000000000E+00	0.0000000000000000E+00	0.0000000000000000E+00	0.0000000000000000E+00	0.0000000000000000E+00	0.0000000000000000E+00	0.0000000000000000E+00	
7.2571268834094482E-02	7.2571268834094482E-02	1.3039453366946863E-01	2.1414024493813644E-01	2.5496121304751584E-01	1.5416320736757372E-01	1.6816298089512641E-02	4.1039857510953133E-02	0.0000000000000000E+00	0.0000000000000000E+00	0.0000000000000000E+00	0.0000000000000000E+00	0.0000000000000000E+00	0.0000000000000000E+00	
7.2554966504673829E-02	7.2554966504673829E-02	1.3036524466773156E-01	2.1409214555666434E-01	2.5490422485352582E-01	1.5412580290122851E-01	1.6812217967759335E-02	4.1029900050964518E-02	3.4220331380619273E-01	0.0000000000000000E+00	0.0000000000000000E+00	0.0000000000000000E+00	0.0000000000000000E+00	0.0000000000000000E+00	
7.2476108225651856E-02	7.2476108225651856E-02	1.3020820215903323E-01	2.1383154697556780E-01	2.5377786919800127E-01	1.5380636415041565E-01	1.8640624214127821E-02	4.1074204160966549E-02	3.4003993166715213E-01	3.4012245524166485E-01	0.0000000000000000E+00	0.0000000000000000E+00	0.0000000000000000E+00	0.0000000000000000E+00	
1.1470956854596252E-01	1.1470956854596252E-01	2.0573832655639607E-01	2.1142328673181932E-01	6.3293535558440986E-02	2.4584931336527095E-02	7.2563715423758432E-02	7.3960602241266729E-02	4.7594950831283377E-05	4.7606501549612549E-05	5.5182707731555275E-31	0.0000000000000000E+00	0.0000000000000000E+00	0.0000000000000000E+00	
2.9233279780353449E-01	1.7905257413728542E-02	2.2411535224097105E-02	3.6071482078839333E-02	3.3693875032195689E-02	2.5907003534042336E-02	2.3083362684555825E-02	5.1658245410375432E-03	3.8132902765004396E-02	3.8126101834878703E-02	3.8368398468294644E-02	1.9077038488588816E-03	0.0000000000000000E+00	0.0000000000000000E+00	
2.5618476603708878E-01	5.3943341204319560E-02	6.8203271680488259E-02	6.5693936849936310E-02	7.2539164471308121E-02	1.5078536010037356E-02	2.2407311998864837E-02	2.1384885662689866E-03	1.5813675838933415E-02	1.5810957545338459E-02	1.5667471993564573E-02	7.7899776423324713E-04	1.3977028520561907E-01	0.0000000000000000E+00	

b
1.3849534103504166E-01	
1.0935278662629737E-01	
1.7675256760345937E-01	
1.6264142902383527E-01	
5.3069452614538916E-02	
1.9317931027827071E-02	
5.1823777060874640E-02	
6.8092091208785968E-02	
4.0085635630921958E-03	
4.0091663709928716E-03	
1.2736834250115898E-03	
1.8395617460840732E-01	
7.8885649158565926E-03	
1.9318470915979141E-02	

c
0.0000000000000000E+00	
3.4228636240735832E-01	
3.8056487642683651E-01	
4.4010904162023390E-01	
6.1933640455100891E-01	
5.4466295893459149E-01	
5.7103692193419120E-01	
8.6120642225465915E-01	
9.5665789229134945E-01	
1.2986427828134146E+00	
1.6364534142182330E+00	
8.8107873639251455E-01	
5.7310624522906750E-01	
7.4403020516600105E-01	

r
2.9215303612064165E+00	

errcoeff
1.8880751062356881E-03	

v_opt
1.0000000000000000E+00	
1.4654055746632366E-11	
4.4408407955511442E-01	
3.9114852687093415E-01	
2.0840996590821326E-01	
4.3359063109646101E-01	
3.1473458370063856E-01	
5.3973026643156174E-02	
1.6372833651334684E-03	
2.2839299808741220E-04	
1.4596808989675303E-04	
8.2758036674078772E-03	
1.2055356712892262E-11	
3.6686030863737340E-03	
6.0352959943703044E-02	

alpha_opt
0.0000000000000000E+00	0.0000000000000000E+00	0.0000000000000000E+00	0.0000000000000000E+00	0.0000000000000000E+00	0.0000000000000000E+00	0.0000000000000000E+00	0.0000000000000000E+00	0.0000000000000000E+00	0.0000000000000000E+00	0.0000000000000000E+00	0.0000000000000000E+00	0.0000000000000000E+00	0.0000000000000000E+00	0.0000000000000000E+00	
9.9999999998534594E-01	0.0000000000000000E+00	0.0000000000000000E+00	0.0000000000000000E+00	0.0000000000000000E+00	0.0000000000000000E+00	0.0000000000000000E+00	0.0000000000000000E+00	0.0000000000000000E+00	0.0000000000000000E+00	0.0000000000000000E+00	0.0000000000000000E+00	0.0000000000000000E+00	0.0000000000000000E+00	0.0000000000000000E+00	
8.1463386909291231E-12	5.5591592043673921E-01	0.0000000000000000E+00	0.0000000000000000E+00	0.0000000000000000E+00	0.0000000000000000E+00	0.0000000000000000E+00	0.0000000000000000E+00	0.0000000000000000E+00	0.0000000000000000E+00	0.0000000000000000E+00	0.0000000000000000E+00	0.0000000000000000E+00	0.0000000000000000E+00	0.0000000000000000E+00	
4.0544378426316038E-17	4.9599154460265195E-12	6.0885147312410592E-01	0.0000000000000000E+00	0.0000000000000000E+00	0.0000000000000000E+00	0.0000000000000000E+00	0.0000000000000000E+00	0.0000000000000000E+00	0.0000000000000000E+00	0.0000000000000000E+00	0.0000000000000000E+00	0.0000000000000000E+00	0.0000000000000000E+00	0.0000000000000000E+00	
4.0544378426316038E-17	-4.9376750597699996E-17	7.0625874555936960E-12	7.9159003408472417E-01	0.0000000000000000E+00	0.0000000000000000E+00	0.0000000000000000E+00	0.0000000000000000E+00	0.0000000000000000E+00	0.0000000000000000E+00	0.0000000000000000E+00	0.0000000000000000E+00	0.0000000000000000E+00	0.0000000000000000E+00	0.0000000000000000E+00	
4.8585449181837968E-16	3.3155104992261172E-05	0.0000000000000000E+00	6.5699732577139556E-12	5.6637621379197622E-01	0.0000000000000000E+00	0.0000000000000000E+00	0.0000000000000000E+00	0.0000000000000000E+00	0.0000000000000000E+00	0.0000000000000000E+00	0.0000000000000000E+00	0.0000000000000000E+00	0.0000000000000000E+00	0.0000000000000000E+00	
6.7782044340171679E-14	4.6241051692237399E-03	8.8783403982874143E-04	3.4123323527251903E-01	2.8096443361868490E-12	3.3852024181491247E-01	0.0000000000000000E+00	0.0000000000000000E+00	0.0000000000000000E+00	0.0000000000000000E+00	0.0000000000000000E+00	0.0000000000000000E+00	0.0000000000000000E+00	0.0000000000000000E+00	0.0000000000000000E+00	
4.0695136732467635E-25	2.7760259446382579E-14	1.4351899075347351E-12	1.6026395326913195E-01	3.7600774535456799E-01	2.0326518680249280E-12	4.0975527472964818E-01	0.0000000000000000E+00	0.0000000000000000E+00	0.0000000000000000E+00	0.0000000000000000E+00	0.0000000000000000E+00	0.0000000000000000E+00	0.0000000000000000E+00	0.0000000000000000E+00	
2.9042492712852148E-27	1.9818773965509434E-16	8.1088756852632075E-17	5.4316087446382805E-12	4.4470230711922126E-01	4.3376121977341558E-01	7.1993639162148727E-13	1.1989918973607777E-01	0.0000000000000000E+00	0.0000000000000000E+00	0.0000000000000000E+00	0.0000000000000000E+00	0.0000000000000000E+00	0.0000000000000000E+00	0.0000000000000000E+00	
6.6430631752775424E-29	4.5341524764858662E-18	-8.1088756852632075E-17	3.2019517022457631E-16	1.4236018212482948E-05	6.3546996128700989E-12	-5.9712812621415965E-18	1.7565851953201424E-12	9.9975737097558859E-01	0.0000000000000000E+00	0.0000000000000000E+00	0.0000000000000000E+00	0.0000000000000000E+00	0.0000000000000000E+00	0.0000000000000000E+00	
3.9596941791047203E-27	2.7020819155475465E-16	2.4326627055789623E-16	2.8344315875341857E-14	4.7066672755860671E-14	3.0798523462090320E-14	5.2887073584999651E-03	8.8724503490569026E-04	1.4557864517753035E-11	9.9367807950203302E-01	0.0000000000000000E+00	0.0000000000000000E+00	0.0000000000000000E+00	0.0000000000000000E+00	0.0000000000000000E+00	
4.0544378426316038E-17	1.8397619876617297E-12	2.2480744455462701E-01	3.6433348966609452E-01	6.2924767214642935E-02	6.1242283612950375E-13	1.2345793807089239E-01	2.1606147298421510E-01	2.0376321747592794E-15	1.3908383966597526E-04	1.6121795604895632E-30	0.0000000000000000E+00	0.0000000000000000E+00	0.0000000000000000E+00	0.0000000000000000E+00	
8.0174839118849828E-01	1.5597259841964663E-02	1.9125543510788768E-14	3.3065270969077843E-13	4.5461968075289133E-14	4.5349268025776631E-03	5.9973754931070246E-02	4.3091673732482207E-04	4.6894735585721385E-05	1.6322388351057446E-12	1.1209444103434595E-01	5.5734147145498868E-03	0.0000000000000000E+00	0.0000000000000000E+00	0.0000000000000000E+00	
2.6346601394768210E-01	4.0153248875729339E-02	8.1833242741917611E-02	2.0883345037461702E-12	1.6393679902680625E-01	2.1510819974081974E-13	3.7890706406606474E-02	2.5783690655485355E-15	1.0642899336907960E-14	7.0825409515142283E-04	6.7075606059036592E-13	3.3350602032253042E-14	4.0834313181671228E-01	0.0000000000000000E+00	0.0000000000000000E+00	
5.1793327452742004E-02	2.9081502971292198E-02	1.0151287404192745E-01	7.3079398105829987E-02	1.0795295519317875E-12	2.1539201038980395E-17	1.4922206438386520E-12	8.1397038593106305E-02	1.1574723184209027E-13	7.9005991796710744E-03	1.1376998705060200E-03	5.3730510052590763E-01	3.3772960424390929E-13	5.6439499312289129E-02	0.0000000000000000E+00	

beta_opt
0.0000000000000000E+00	0.0000000000000000E+00	0.0000000000000000E+00	0.0000000000000000E+00	0.0000000000000000E+00	0.0000000000000000E+00	0.0000000000000000E+00	0.0000000000000000E+00	0.0000000000000000E+00	0.0000000000000000E+00	0.0000000000000000E+00	0.0000000000000000E+00	0.0000000000000000E+00	0.0000000000000000E+00	0.0000000000000000E+00	
3.4228636240735832E-01	0.0000000000000000E+00	0.0000000000000000E+00	0.0000000000000000E+00	0.0000000000000000E+00	0.0000000000000000E+00	0.0000000000000000E+00	0.0000000000000000E+00	0.0000000000000000E+00	0.0000000000000000E+00	0.0000000000000000E+00	0.0000000000000000E+00	0.0000000000000000E+00	0.0000000000000000E+00	0.0000000000000000E+00	
2.7883806374973119E-12	1.9028243821341828E-01	0.0000000000000000E+00	0.0000000000000000E+00	0.0000000000000000E+00	0.0000000000000000E+00	0.0000000000000000E+00	0.0000000000000000E+00	0.0000000000000000E+00	0.0000000000000000E+00	0.0000000000000000E+00	0.0000000000000000E+00	0.0000000000000000E+00	0.0000000000000000E+00	0.0000000000000000E+00	
1.3877787807814457E-17	1.6977114158933659E-12	2.0840155598506563E-01	0.0000000000000000E+00	0.0000000000000000E+00	0.0000000000000000E+00	0.0000000000000000E+00	0.0000000000000000E+00	0.0000000000000000E+00	0.0000000000000000E+00	0.0000000000000000E+00	0.0000000000000000E+00	0.0000000000000000E+00	0.0000000000000000E+00	0.0000000000000000E+00	
1.3877787807814457E-17	-1.6900988349829754E-17	2.4174273693944315E-12	2.7095047328874755E-01	0.0000000000000000E+00	0.0000000000000000E+00	0.0000000000000000E+00	0.0000000000000000E+00	0.0000000000000000E+00	0.0000000000000000E+00	0.0000000000000000E+00	0.0000000000000000E+00	0.0000000000000000E+00	0.0000000000000000E+00	0.0000000000000000E+00	
1.6630136666622580E-16	1.1348540283201425E-05	0.0000000000000000E+00	2.2488122475294858E-12	1.9386285397574871E-01	0.0000000000000000E+00	0.0000000000000000E+00	0.0000000000000000E+00	0.0000000000000000E+00	0.0000000000000000E+00	0.0000000000000000E+00	0.0000000000000000E+00	0.0000000000000000E+00	0.0000000000000000E+00	0.0000000000000000E+00	
2.3200869394071622E-14	1.5827681377858500E-03	3.0389348391886284E-04	1.1679948283563640E-01	9.6170293950592622E-13	1.1587086217378367E-01	0.0000000000000000E+00	0.0000000000000000E+00	0.0000000000000000E+00	0.0000000000000000E+00	0.0000000000000000E+00	0.0000000000000000E+00	0.0000000000000000E+00	0.0000000000000000E+00	0.0000000000000000E+00	
1.3929390320030538E-25	9.5019582255260415E-15	4.9124593282101614E-13	5.4856165590317904E-02	1.2870232339629337E-01	6.9574901395696997E-13	1.4025364246649430E-01	0.0000000000000000E+00	0.0000000000000000E+00	0.0000000000000000E+00	0.0000000000000000E+00	0.0000000000000000E+00	0.0000000000000000E+00	0.0000000000000000E+00	0.0000000000000000E+00	
9.9408491860700464E-28	6.7836960481272885E-17	2.7755575615628914E-17	1.8591655992494793E-12	1.5221553506022870E-01	1.4847055007179683E-01	2.4642440865640935E-13	4.1039857510953133E-02	0.0000000000000000E+00	0.0000000000000000E+00	0.0000000000000000E+00	0.0000000000000000E+00	0.0000000000000000E+00	0.0000000000000000E+00	0.0000000000000000E+00	
2.2738299295413461E-29	1.5519785577994052E-18	-2.7755575615628914E-17	1.0959844007818118E-16	4.8727948891870975E-06	2.1751270147126287E-12	-2.0438881421596177E-18	6.0125515677356134E-13	3.4220331380619273E-01	0.0000000000000000E+00	0.0000000000000000E+00	0.0000000000000000E+00	0.0000000000000000E+00	0.0000000000000000E+00	0.0000000000000000E+00	
1.3553493168312068E-27	9.2488578981302976E-17	8.3266726846886741E-17	9.7018727760380734E-15	1.6110280208457145E-14	1.0541914563511057E-14	1.8102524036045092E-03	3.0369187556630867E-04	4.9829584902738588E-12	3.4012245524166485E-01	0.0000000000000000E+00	0.0000000000000000E+00	0.0000000000000000E+00	0.0000000000000000E+00	0.0000000000000000E+00	
1.3877787807814457E-17	6.2972543846129270E-13	7.6948522439824779E-02	1.2470638488281383E-01	2.1538289675545552E-02	2.0962398483703737E-13	4.2257968533217921E-02	7.3954895645226448E-02	6.9745370503276893E-16	4.7606501549612549E-05	5.5182707731555275E-31	0.0000000000000000E+00	0.0000000000000000E+00	0.0000000000000000E+00	0.0000000000000000E+00	
2.7442754038988426E-01	5.3387293349066870E-03	6.5464127174674758E-15	1.1317791322185133E-13	1.5561011680598202E-14	1.5522435990606871E-03	2.0528198415567224E-02	1.4749692252152190E-04	1.6051428459926690E-05	5.5869309345655635E-13	3.8368398468294644E-02	1.9077038488588816E-03	0.0000000000000000E+00	0.0000000000000000E+00	0.0000000000000000E+00	
9.0180823533439952E-02	1.3743909496712149E-02	2.8010402982539803E-02	7.1480842078752715E-13	5.6113330604413952E-02	7.3628603214359600E-14	1.2969472065152572E-02	8.8254056840320061E-16	3.6429192995512949E-15	2.4242571789304806E-04	2.2959065204553042E-13	1.1415456253882628E-14	1.3977028520561907E-01	0.0000000000000000E+00	0.0000000000000000E+00	
1.7728149651032019E-02	9.9542018655282578E-03	3.4746472393836873E-02	2.5014081344930297E-02	3.6950824344739175E-13	7.3725747729014302E-18	5.1076677609618315E-13	2.7861096251173993E-02	3.9618698946530806E-14	2.7042673540877997E-03	3.8941915019253474E-04	1.8391220836462796E-01	1.1560023771561845E-13	1.9318470915979141E-02	0.0000000000000000E+00	

==============================================================

