#stage		 order
14	 		2


A
0.0000000000000000E+00	0.0000000000000000E+00	0.0000000000000000E+00	0.0000000000000000E+00	0.0000000000000000E+00	0.0000000000000000E+00	0.0000000000000000E+00	0.0000000000000000E+00	0.0000000000000000E+00	0.0000000000000000E+00	0.0000000000000000E+00	0.0000000000000000E+00	0.0000000000000000E+00	0.0000000000000000E+00	
3.2610872740937830E-01	0.0000000000000000E+00	0.0000000000000000E+00	0.0000000000000000E+00	0.0000000000000000E+00	0.0000000000000000E+00	0.0000000000000000E+00	0.0000000000000000E+00	0.0000000000000000E+00	0.0000000000000000E+00	0.0000000000000000E+00	0.0000000000000000E+00	0.0000000000000000E+00	0.0000000000000000E+00	
3.2610872740937824E-01	3.2610872740937819E-01	0.0000000000000000E+00	0.0000000000000000E+00	0.0000000000000000E+00	0.0000000000000000E+00	0.0000000000000000E+00	0.0000000000000000E+00	0.0000000000000000E+00	0.0000000000000000E+00	0.0000000000000000E+00	0.0000000000000000E+00	0.0000000000000000E+00	0.0000000000000000E+00	
1.8382154685861590E-01	4.1065766207122906E-02	4.1065766207122920E-02	0.0000000000000000E+00	0.0000000000000000E+00	0.0000000000000000E+00	0.0000000000000000E+00	0.0000000000000000E+00	0.0000000000000000E+00	0.0000000000000000E+00	0.0000000000000000E+00	0.0000000000000000E+00	0.0000000000000000E+00	0.0000000000000000E+00	
1.8382154685861557E-01	4.1065766207122316E-02	4.1065766207122996E-02	3.2610872740937891E-01	0.0000000000000000E+00	0.0000000000000000E+00	0.0000000000000000E+00	0.0000000000000000E+00	0.0000000000000000E+00	0.0000000000000000E+00	0.0000000000000000E+00	0.0000000000000000E+00	0.0000000000000000E+00	0.0000000000000000E+00	
3.2504509615399491E-01	3.2504509615399496E-01	1.1602285655004975E-01	-7.4703461604138014E-24	1.0753201856965507E-23	0.0000000000000000E+00	0.0000000000000000E+00	0.0000000000000000E+00	0.0000000000000000E+00	0.0000000000000000E+00	0.0000000000000000E+00	0.0000000000000000E+00	0.0000000000000000E+00	0.0000000000000000E+00	
1.9111830816576927E-01	5.7392039220121073E-02	5.7392039220121281E-02	3.0548187392517756E-01	3.0548187392517695E-01	-2.8660697732423434E-24	0.0000000000000000E+00	0.0000000000000000E+00	0.0000000000000000E+00	0.0000000000000000E+00	0.0000000000000000E+00	0.0000000000000000E+00	0.0000000000000000E+00	0.0000000000000000E+00	
1.8971940022275660E-01	7.0176911121134680E-02	5.6297196631591696E-02	2.7292385849465450E-01	2.2962380775789984E-01	2.1654614540372829E-02	2.4512854647855653E-01	0.0000000000000000E+00	0.0000000000000000E+00	0.0000000000000000E+00	0.0000000000000000E+00	0.0000000000000000E+00	0.0000000000000000E+00	0.0000000000000000E+00	
1.8925557895618556E-01	5.9004425811277232E-02	4.8883403620307769E-02	2.9737957313423230E-01	2.7540907804216497E-01	1.5790442553108425E-02	1.0025143002450590E-01	1.3337029381488594E-01	0.0000000000000000E+00	0.0000000000000000E+00	0.0000000000000000E+00	0.0000000000000000E+00	0.0000000000000000E+00	0.0000000000000000E+00	
1.8920406958816241E-01	5.8919581904360592E-02	4.8842939738244072E-02	2.9745644024483248E-01	2.7558228434656357E-01	1.5721202488249590E-02	9.9811834016107867E-02	1.3278547374014638E-01	3.2467876182346600E-01	0.0000000000000000E+00	0.0000000000000000E+00	0.0000000000000000E+00	0.0000000000000000E+00	0.0000000000000000E+00	
2.4593502744287690E-01	1.7266735521688861E-01	1.1071979727654041E-01	1.6731446870668701E-01	1.5505580102801603E-01	9.6648276873915112E-02	6.3973908381461442E-02	8.5108202000077973E-02	5.2173987292093493E-02	5.2403774438899348E-02	0.0000000000000000E+00	0.0000000000000000E+00	0.0000000000000000E+00	0.0000000000000000E+00	
2.4593502744287685E-01	1.7266735521688861E-01	1.1071979727654034E-01	1.6731446870668695E-01	1.5505580102801600E-01	9.6648276873915112E-02	6.3973908381461442E-02	8.5108202000077973E-02	5.2173987292093472E-02	5.2403774438899313E-02	3.2610872740937802E-01	0.0000000000000000E+00	0.0000000000000000E+00	0.0000000000000000E+00	
9.4109929756552413E-02	3.8428042559074942E-02	3.1835266513308251E-02	1.2656760097250191E-01	1.1271402731521672E-01	1.0285804086929510E-02	7.0672937373815817E-02	9.4020308937267483E-02	8.0397074050674228E-02	1.3208445941602047E-02	8.4641836306837553E-03	8.4641836306837623E-03	0.0000000000000000E+00	0.0000000000000000E+00	
9.5123625646465010E-02	3.9324322828799378E-02	3.2361957592910447E-02	1.2683965699603184E-01	1.1299673210276112E-01	1.0862423401119948E-02	7.0628209734850109E-02	9.3960805164112801E-02	8.0208635989492738E-02	1.3470142749343696E-02	1.0585011961353821E-02	8.4076705225824919E-03	3.2393138597060589E-01	0.0000000000000000E+00	

b
1.8957032628769199E-01	
6.8974305098656638E-02	
5.8712991655456626E-02	
2.4867057061648631E-01	
1.6365946960585967E-01	
1.5050800244647021E-02	
8.2873341661253458E-02	
6.5102965814116676E-02	
5.0544681941824612E-02	
8.5058170354706149E-03	
8.2843525603018952E-03	
7.3716050044088325E-03	
1.6284656656377298E-02	
1.6394115817448252E-02	

c
0.0000000000000000E+00	
3.2610872740937830E-01	
6.5221745481875637E-01	
2.6595307927286171E-01	
5.9206180668223984E-01	
7.6611304885803966E-01	
9.1686613445636622E-01	
1.0855243352469668E+00	
1.1193442259566682E+00	
1.4430025878901329E+00	
1.2020005986574565E+00	
1.5281093260668339E+00	
6.8916780476831074E-01	
1.0187005806604295E+00	

r
3.0664619372319253E+00	

errcoeff
3.2096436354780725E-02	

v_opt
1.0000000000000000E+00	
1.1511383479767545E-07	
1.3322676295501878E-14	
4.3631827370663556E-01	
5.0226269809883206E-08	
3.2615847598918002E-03	
5.2225243132324461E-03	
4.8931098711518128E-02	
2.9834184012145215E-09	
1.5058893111996596E-04	
7.2052293162345737E-03	
8.2942175350098069E-10	
5.2653885620414786E-01	
6.0212742791776463E-08	
4.8253760018795111E-02	

alpha_opt
0.0000000000000000E+00	0.0000000000000000E+00	0.0000000000000000E+00	0.0000000000000000E+00	0.0000000000000000E+00	0.0000000000000000E+00	0.0000000000000000E+00	0.0000000000000000E+00	0.0000000000000000E+00	0.0000000000000000E+00	0.0000000000000000E+00	0.0000000000000000E+00	0.0000000000000000E+00	0.0000000000000000E+00	0.0000000000000000E+00	
9.9999988488616520E-01	0.0000000000000000E+00	0.0000000000000000E+00	0.0000000000000000E+00	0.0000000000000000E+00	0.0000000000000000E+00	0.0000000000000000E+00	0.0000000000000000E+00	0.0000000000000000E+00	0.0000000000000000E+00	0.0000000000000000E+00	0.0000000000000000E+00	0.0000000000000000E+00	0.0000000000000000E+00	0.0000000000000000E+00	
1.1511382175433896E-07	9.9999988488616487E-01	0.0000000000000000E+00	0.0000000000000000E+00	0.0000000000000000E+00	0.0000000000000000E+00	0.0000000000000000E+00	0.0000000000000000E+00	0.0000000000000000E+00	0.0000000000000000E+00	0.0000000000000000E+00	0.0000000000000000E+00	0.0000000000000000E+00	0.0000000000000000E+00	0.0000000000000000E+00	
4.3775511729595867E-01	1.4495893185051139E-08	1.2592659450151261E-01	0.0000000000000000E+00	0.0000000000000000E+00	0.0000000000000000E+00	0.0000000000000000E+00	0.0000000000000000E+00	0.0000000000000000E+00	0.0000000000000000E+00	0.0000000000000000E+00	0.0000000000000000E+00	0.0000000000000000E+00	0.0000000000000000E+00	0.0000000000000000E+00	
5.0391670272450715E-08	-3.7399589483626735E-16	1.4495893185051139E-08	9.9999988488616709E-01	0.0000000000000000E+00	0.0000000000000000E+00	0.0000000000000000E+00	0.0000000000000000E+00	0.0000000000000000E+00	0.0000000000000000E+00	0.0000000000000000E+00	0.0000000000000000E+00	0.0000000000000000E+00	0.0000000000000000E+00	0.0000000000000000E+00	
7.3783214704131887E-08	6.4095870895240870E-01	3.5577963250448480E-01	-5.5881806128045987E-23	3.2974280401960079E-23	0.0000000000000000E+00	0.0000000000000000E+00	0.0000000000000000E+00	0.0000000000000000E+00	0.0000000000000000E+00	0.0000000000000000E+00	0.0000000000000000E+00	0.0000000000000000E+00	0.0000000000000000E+00	0.0000000000000000E+00	
5.4577689337190995E-15	6.6799340144318075E-09	5.8028930101003545E-02	1.0783270418273890E-07	9.3674843107312034E-01	-8.7886928573983267E-24	0.0000000000000000E+00	0.0000000000000000E+00	0.0000000000000000E+00	0.0000000000000000E+00	0.0000000000000000E+00	0.0000000000000000E+00	0.0000000000000000E+00	0.0000000000000000E+00	0.0000000000000000E+00	
2.1054890171955031E-04	4.8994458804988320E-09	9.6654257649124800E-09	1.3277794217989738E-01	8.1055403578534898E-08	6.6403043609572415E-02	7.5167727097701731E-01	0.0000000000000000E+00	0.0000000000000000E+00	0.0000000000000000E+00	0.0000000000000000E+00	0.0000000000000000E+00	0.0000000000000000E+00	0.0000000000000000E+00	0.0000000000000000E+00	
1.3378474788670330E-04	1.5688081195679032E-09	1.0603006229891462E-09	1.3068899957585266E-02	5.5655878330001018E-01	2.1263608531899857E-02	3.5387976988663107E-08	4.0897488246211372E-01	0.0000000000000000E+00	0.0000000000000000E+00	0.0000000000000000E+00	0.0000000000000000E+00	0.0000000000000000E+00	0.0000000000000000E+00	0.0000000000000000E+00	
1.5272135425392814E-11	-8.7239145239942437E-16	4.0215139511614417E-15	1.9852243668814755E-09	4.2344094089512875E-03	2.4370052828877282E-09	-9.0024549595385886E-16	4.6872244423321282E-08	9.9561495035018033E-01	0.0000000000000000E+00	0.0000000000000000E+00	0.0000000000000000E+00	0.0000000000000000E+00	0.0000000000000000E+00	0.0000000000000000E+00	
4.7429863207107604E-11	3.8534999411209393E-08	1.5808415029197270E-01	8.4735527043838463E-04	2.0198336561465868E-01	2.7563633829342488E-01	1.6920582570229005E-08	1.9554932610720538E-01	1.8417004742236787E-08	1.6069416118604890E-01	0.0000000000000000E+00	0.0000000000000000E+00	0.0000000000000000E+00	0.0000000000000000E+00	0.0000000000000000E+00	
-8.5110876241614662E-17	4.6481460855214271E-15	1.8197672690567241E-08	9.7542152396711009E-11	2.3251079964973758E-08	3.1729556168836594E-08	1.9053664485786548E-15	2.2510433019929220E-08	2.1582100636329585E-15	1.8498121146862500E-08	9.9999988488616443E-01	0.0000000000000000E+00	0.0000000000000000E+00	0.0000000000000000E+00	0.0000000000000000E+00	
7.5347478749996375E-04	2.3998351948442965E-09	2.0847121203984968E-02	9.5637525200383748E-04	1.3229045046868687E-08	1.8990605971989150E-09	1.5783463527005326E-08	1.8240772774606823E-01	2.0620895502441641E-01	3.6332359537241427E-02	2.9877903967883131E-09	2.5955093945442539E-02	0.0000000000000000E+00	0.0000000000000000E+00	0.0000000000000000E+00	
8.6173383946816061E-11	3.8725689900073142E-14	2.5052648642603692E-09	1.0997712930292090E-10	1.5524512023243112E-10	2.1181625169346869E-10	4.3832374282500370E-15	2.1007761482135288E-08	2.3579069669897531E-08	4.2779057646184040E-09	6.6767338777659110E-03	2.9678380755571944E-09	9.9332315100839641E-01	0.0000000000000000E+00	0.0000000000000000E+00	
3.5897405764641732E-02	1.8839536361180582E-03	4.7793311351909472E-02	2.3208120656111500E-01	1.7229707383601611E-01	2.2598392728492782E-02	1.0406626085323456E-01	1.2217093513833963E-01	1.1872762994041865E-01	2.0186239838660486E-02	2.4632554953341350E-03	2.1308642726774778E-02	5.7483674469547181E-09	5.0271926361782023E-02	0.0000000000000000E+00	

beta_opt
0.0000000000000000E+00	0.0000000000000000E+00	0.0000000000000000E+00	0.0000000000000000E+00	0.0000000000000000E+00	0.0000000000000000E+00	0.0000000000000000E+00	0.0000000000000000E+00	0.0000000000000000E+00	0.0000000000000000E+00	0.0000000000000000E+00	0.0000000000000000E+00	0.0000000000000000E+00	0.0000000000000000E+00	0.0000000000000000E+00	
3.2610872740937830E-01	0.0000000000000000E+00	0.0000000000000000E+00	0.0000000000000000E+00	0.0000000000000000E+00	0.0000000000000000E+00	0.0000000000000000E+00	0.0000000000000000E+00	0.0000000000000000E+00	0.0000000000000000E+00	0.0000000000000000E+00	0.0000000000000000E+00	0.0000000000000000E+00	0.0000000000000000E+00	0.0000000000000000E+00	
3.7539626240867818E-08	3.2610872740937819E-01	0.0000000000000000E+00	0.0000000000000000E+00	0.0000000000000000E+00	0.0000000000000000E+00	0.0000000000000000E+00	0.0000000000000000E+00	0.0000000000000000E+00	0.0000000000000000E+00	0.0000000000000000E+00	0.0000000000000000E+00	0.0000000000000000E+00	0.0000000000000000E+00	0.0000000000000000E+00	
1.4275578065149355E-01	4.7272378234097800E-09	4.1065766207122920E-02	0.0000000000000000E+00	0.0000000000000000E+00	0.0000000000000000E+00	0.0000000000000000E+00	0.0000000000000000E+00	0.0000000000000000E+00	0.0000000000000000E+00	0.0000000000000000E+00	0.0000000000000000E+00	0.0000000000000000E+00	0.0000000000000000E+00	0.0000000000000000E+00	
1.6433165356266583E-08	-1.2196333936105452E-16	4.7272378234097800E-09	3.2610872740937891E-01	0.0000000000000000E+00	0.0000000000000000E+00	0.0000000000000000E+00	0.0000000000000000E+00	0.0000000000000000E+00	0.0000000000000000E+00	0.0000000000000000E+00	0.0000000000000000E+00	0.0000000000000000E+00	0.0000000000000000E+00	0.0000000000000000E+00	
2.4061353021131993E-08	2.0902225295978119E-01	1.1602285655004975E-01	-1.8223546779537027E-23	1.0753201856965507E-23	0.0000000000000000E+00	0.0000000000000000E+00	0.0000000000000000E+00	0.0000000000000000E+00	0.0000000000000000E+00	0.0000000000000000E+00	0.0000000000000000E+00	0.0000000000000000E+00	0.0000000000000000E+00	0.0000000000000000E+00	
1.7798262863522041E-15	2.1783850313872311E-09	1.8923742726550626E-02	3.5165189982144796E-08	3.0548187392517695E-01	-2.8660697732423434E-24	0.0000000000000000E+00	0.0000000000000000E+00	0.0000000000000000E+00	0.0000000000000000E+00	0.0000000000000000E+00	0.0000000000000000E+00	0.0000000000000000E+00	0.0000000000000000E+00	0.0000000000000000E+00	
6.8661842301132785E-05	1.5977522450239830E-09	3.1519800589019376E-09	4.3300050736757238E-02	2.6432877553439482E-08	2.1654614540372829E-02	2.4512854647855653E-01	0.0000000000000000E+00	0.0000000000000000E+00	0.0000000000000000E+00	0.0000000000000000E+00	0.0000000000000000E+00	0.0000000000000000E+00	0.0000000000000000E+00	0.0000000000000000E+00	
4.3628378902347326E-05	5.1160207831426581E-10	3.4577332663765503E-10	4.2618828244102847E-03	1.8149869744348934E-01	6.9342491166970686E-03	1.1540329469816868E-08	1.3337029381488594E-01	0.0000000000000000E+00	0.0000000000000000E+00	0.0000000000000000E+00	0.0000000000000000E+00	0.0000000000000000E+00	0.0000000000000000E+00	0.0000000000000000E+00	
4.9803772217088558E-12	-2.8449449909404827E-16	1.3114509478384662E-15	6.4739906643039580E-10	1.3808780226415667E-03	7.9472878297672684E-10	-2.9357794683642076E-16	1.5285449739277368E-08	3.2467876182346600E-01	0.0000000000000000E+00	0.0000000000000000E+00	0.0000000000000000E+00	0.0000000000000000E+00	0.0000000000000000E+00	0.0000000000000000E+00	
1.5467294112170293E-11	1.2566601065300276E-08	5.1552627009728708E-02	2.7632998071569492E-04	6.5868545900840431E-02	8.9887425855935968E-02	5.5179502841951056E-09	6.3770349223431708E-02	6.0059466705508768E-09	5.2403774438899348E-02	0.0000000000000000E+00	0.0000000000000000E+00	0.0000000000000000E+00	0.0000000000000000E+00	0.0000000000000000E+00	
-2.7755402734880890E-17	1.5158011792519623E-15	5.9344205660671889E-09	3.1809350848559423E-11	7.5823809711082343E-09	1.0347286374599504E-08	6.2135669932126418E-16	7.3408495105965040E-09	7.0381121835186572E-16	6.0323994410804715E-09	3.2610872740937802E-01	0.0000000000000000E+00	0.0000000000000000E+00	0.0000000000000000E+00	0.0000000000000000E+00	
2.4571473237183002E-04	7.8260729147183739E-10	6.7984289485738311E-03	3.1188235225876847E-04	4.3141075416891494E-09	6.1930030591586527E-10	5.1471257974094325E-09	5.9484758812425348E-02	6.7246547644438132E-02	1.1848300896373141E-02	9.7434463622314560E-10	8.4641836306837623E-03	0.0000000000000000E+00	0.0000000000000000E+00	0.0000000000000000E+00	
2.8101895810372923E-11	1.2628786905111156E-14	8.1698883075409512E-10	3.5864505809612979E-11	5.0626794423358490E-11	6.9075136235885459E-11	1.4294121442048890E-15	6.8508151512824966E-09	7.6893412886969159E-09	1.3950625654679527E-09	2.1773414387714473E-03	9.6783800938859965E-10	3.2393138597060589E-01	0.0000000000000000E+00	0.0000000000000000E+00	
1.1706458658780743E-02	6.1437379349565426E-04	1.5585817737794640E-02	7.5683715639521004E-02	5.6187585952991392E-02	7.3695339425214421E-03	3.3936919799709704E-02	3.9841012770629396E-02	3.8718120765192883E-02	6.5829097427500495E-03	8.0328920733727354E-04	6.9489351623682021E-03	1.8745930085994900E-09	1.6394115817448252E-02	0.0000000000000000E+00	

==============================================================

