#stage		 order
6	 		4


A
0.0000000000000000E+00	0.0000000000000000E+00	0.0000000000000000E+00	0.0000000000000000E+00	0.0000000000000000E+00	0.0000000000000000E+00	
5.3111518449133277E-01	0.0000000000000000E+00	0.0000000000000000E+00	0.0000000000000000E+00	0.0000000000000000E+00	0.0000000000000000E+00	
1.4992911348605198E-01	1.4992911348605195E-01	0.0000000000000000E+00	0.0000000000000000E+00	0.0000000000000000E+00	0.0000000000000000E+00	
8.9783804879446039E-02	8.9783804879446025E-02	3.1805391884290052E-01	0.0000000000000000E+00	0.0000000000000000E+00	0.0000000000000000E+00	
5.8093068821612880E-02	5.8093068821612873E-02	2.0579132529664404E-01	3.4364895769647796E-01	0.0000000000000000E+00	0.0000000000000000E+00	
5.7727028444662015E-02	5.7727028444662008E-02	1.9646294660964242E-01	2.6073867989693067E-01	4.0297597002984936E-01	0.0000000000000000E+00	

b
1.3809464473813227E-01	
1.3074210005221579E-01	
1.7773199801189912E-01	
2.5753873269178024E-01	
1.2765090056815370E-01	
1.6824162393781897E-01	

c
0.0000000000000000E+00	
5.3111518449133277E-01	
2.9985822697210396E-01	
4.9762152860179260E-01	
6.6562642063634780E-01	
9.7563165342574654E-01	

r
1.8828307478305943E+00	

errcoeff
5.4911332226607592E-03	

v_opt
1.0000000000000000E+00	
3.5706659851086897E-11	
7.1770885513347871E-01	
4.0115830214991710E-01	
3.5296717599835803E-01	
1.6107651560781311E-01	
1.6943698915517968E-01	

alpha_opt
0.0000000000000000E+00	0.0000000000000000E+00	0.0000000000000000E+00	0.0000000000000000E+00	0.0000000000000000E+00	0.0000000000000000E+00	0.0000000000000000E+00	
9.9999999996429334E-01	0.0000000000000000E+00	0.0000000000000000E+00	0.0000000000000000E+00	0.0000000000000000E+00	0.0000000000000000E+00	0.0000000000000000E+00	
1.0079725793715680E-11	2.8229114485644152E-01	0.0000000000000000E+00	0.0000000000000000E+00	0.0000000000000000E+00	0.0000000000000000E+00	0.0000000000000000E+00	
0.0000000000000000E+00	6.0361555782882246E-12	5.9884169784404673E-01	0.0000000000000000E+00	0.0000000000000000E+00	0.0000000000000000E+00	0.0000000000000000E+00	
-1.3064762797744297E-17	4.6183936490026091E-14	1.3835374766606447E-11	6.4703282398776041E-01	0.0000000000000000E+00	0.0000000000000000E+00	0.0000000000000000E+00	
1.5243965232408046E-13	4.2689013398367172E-03	7.5919036052700117E-02	1.7529358059091861E-11	7.5873554698196832E-01	0.0000000000000000E+00	0.0000000000000000E+00	
1.3843597214316064E-02	1.5034728113457080E-01	2.0210915568118253E-02	3.2939071431546679E-01	8.5819813865822735E-12	3.1677050260376644E-01	0.0000000000000000E+00	

beta_opt
0.0000000000000000E+00	0.0000000000000000E+00	0.0000000000000000E+00	0.0000000000000000E+00	0.0000000000000000E+00	0.0000000000000000E+00	0.0000000000000000E+00	
5.3111518449133277E-01	0.0000000000000000E+00	0.0000000000000000E+00	0.0000000000000000E+00	0.0000000000000000E+00	0.0000000000000000E+00	0.0000000000000000E+00	
5.3534954247425048E-12	1.4992911348605195E-01	0.0000000000000000E+00	0.0000000000000000E+00	0.0000000000000000E+00	0.0000000000000000E+00	0.0000000000000000E+00	
0.0000000000000000E+00	3.2058938836954098E-12	3.1805391884290052E-01	0.0000000000000000E+00	0.0000000000000000E+00	0.0000000000000000E+00	0.0000000000000000E+00	
-6.9388939039072284E-18	2.4528989950312052E-14	7.3481776219352923E-12	3.4364895769647796E-01	0.0000000000000000E+00	0.0000000000000000E+00	0.0000000000000000E+00	
8.0963014070789541E-14	2.2672783227636328E-03	4.0321752840973724E-02	9.3101082399016377E-12	4.0297597002984936E-01	0.0000000000000000E+00	0.0000000000000000E+00	
7.3525446887677121E-03	7.9851723960409085E-02	1.0734324151083163E-02	1.7494441000963773E-01	4.5580206275985802E-12	1.6824162393781897E-01	0.0000000000000000E+00	

==============================================================

