#stage		 order
5	 		3


A
0.0000000000000000E+00	0.0000000000000000E+00	0.0000000000000000E+00	0.0000000000000000E+00	0.0000000000000000E+00	
5.0547972788978357E-01	0.0000000000000000E+00	0.0000000000000000E+00	0.0000000000000000E+00	0.0000000000000000E+00	
2.5657231843169093E-01	2.5657231843169093E-01	0.0000000000000000E+00	0.0000000000000000E+00	0.0000000000000000E+00	
2.5662879751442075E-01	2.5500508890729301E-01	5.0239208866831231E-01	0.0000000000000000E+00	0.0000000000000000E+00	
1.9343422535118654E-01	1.3125703878100659E-01	1.5885983711483168E-01	1.5983616989326466E-01	0.0000000000000000E+00	

b
2.0136036692781678E-01	
1.5172433210735234E-01	
2.3035601666133548E-01	
1.0007462734380895E-01	
3.1648465695968653E-01	

c
0.0000000000000000E+00	
5.0547972788978357E-01	
5.1314463686338185E-01	
1.0140259750900262E+00	
6.4338727114028949E-01	

r
1.9783187036494632E+00	

errcoeff
1.8068138449209067E-02	

v_opt
1.0000000000000000E+00	
4.2881254103122046E-12	
4.9241818360787992E-01	
2.8961213173132050E-03	
4.6165476533383021E-01	
8.7622487925718473E-02	

alpha_opt
0.0000000000000000E+00	0.0000000000000000E+00	0.0000000000000000E+00	0.0000000000000000E+00	0.0000000000000000E+00	0.0000000000000000E+00	
9.9999999999571187E-01	0.0000000000000000E+00	0.0000000000000000E+00	0.0000000000000000E+00	0.0000000000000000E+00	0.0000000000000000E+00	
2.1766076000553482E-12	5.0758181638994349E-01	0.0000000000000000E+00	0.0000000000000000E+00	0.0000000000000000E+00	0.0000000000000000E+00	
3.2122131067436489E-03	2.1633195314576341E-12	9.9389166557377984E-01	0.0000000000000000E+00	0.0000000000000000E+00	0.0000000000000000E+00	
1.2199056723342055E-01	1.0014778301321878E-01	1.3476956845549562E-12	3.1620688441818279E-01	0.0000000000000000E+00	0.0000000000000000E+00	
2.1180732632880776E-02	6.1418289009506077E-03	2.5894743426085393E-01	8.4895383714570480E-13	6.2610751627874728E-01	0.0000000000000000E+00	

beta_opt
0.0000000000000000E+00	0.0000000000000000E+00	0.0000000000000000E+00	0.0000000000000000E+00	0.0000000000000000E+00	0.0000000000000000E+00	
5.0547972788978357E-01	0.0000000000000000E+00	0.0000000000000000E+00	0.0000000000000000E+00	0.0000000000000000E+00	0.0000000000000000E+00	
1.1002310174035301E-12	2.5657231843169093E-01	0.0000000000000000E+00	0.0000000000000000E+00	0.0000000000000000E+00	0.0000000000000000E+00	
1.6237086071277385E-03	1.0935141681045479E-12	5.0239208866831231E-01	0.0000000000000000E+00	0.0000000000000000E+00	0.0000000000000000E+00	
6.1663758730534188E-02	5.0622674106503993E-02	6.8123284790999605E-13	1.5983616989326466E-01	0.0000000000000000E+00	0.0000000000000000E+00	
1.0706430967820743E-02	3.1045700016114341E-03	1.3089267860849535E-01	4.2912895459323863E-13	3.1648465695968653E-01	0.0000000000000000E+00	

==============================================================

