#stage		 order
6	 		2


A
0.0000000000000000E+00	0.0000000000000000E+00	0.0000000000000000E+00	0.0000000000000000E+00	0.0000000000000000E+00	0.0000000000000000E+00	
4.1664752611934613E-01	0.0000000000000000E+00	0.0000000000000000E+00	0.0000000000000000E+00	0.0000000000000000E+00	0.0000000000000000E+00	
2.9315055394737072E-01	2.9315055394737072E-01	0.0000000000000000E+00	0.0000000000000000E+00	0.0000000000000000E+00	0.0000000000000000E+00	
3.4346387177170984E-01	1.4678873948483698E-01	2.0862715197022755E-01	0.0000000000000000E+00	0.0000000000000000E+00	0.0000000000000000E+00	
3.2098071489669805E-01	1.6613385957655197E-01	1.5820348253217162E-01	3.1594684104157728E-01	0.0000000000000000E+00	0.0000000000000000E+00	
3.4090715516283315E-01	1.6517234755292590E-01	1.5673670983410570E-01	1.8602397082347477E-01	2.4531477189955081E-01	0.0000000000000000E+00	

b
3.1870253900921214E-01	
1.6024122434341417E-01	
1.4823498508456526E-01	
1.2495585525530238E-01	
9.1855749698953104E-02	
1.5600964660855288E-01	

c
0.0000000000000000E+00	
4.1664752611934613E-01	
5.8630110789474144E-01	
6.9887976322677436E-01	
9.6126489804699888E-01	
1.0941549552728902E+00	

r
2.4001102546173674E+00	

errcoeff
3.9938361253169692E-02	

v_opt
1.0000000000000000E+00	
3.6458169816455666E-11	
2.9640634932415388E-01	
2.7229831357310941E-02	
9.6415105826511582E-02	
1.3564557948438916E-03	
9.9692821534073217E-02	

alpha_opt
0.0000000000000000E+00	0.0000000000000000E+00	0.0000000000000000E+00	0.0000000000000000E+00	0.0000000000000000E+00	0.0000000000000000E+00	0.0000000000000000E+00	
9.9999999996354183E-01	0.0000000000000000E+00	0.0000000000000000E+00	0.0000000000000000E+00	0.0000000000000000E+00	0.0000000000000000E+00	0.0000000000000000E+00	
2.5651726722497505E-11	7.0359365065019441E-01	0.0000000000000000E+00	0.0000000000000000E+00	0.0000000000000000E+00	0.0000000000000000E+00	0.0000000000000000E+00	
4.7204200181274103E-01	1.2844582581353934E-11	5.0072816681710342E-01	0.0000000000000000E+00	0.0000000000000000E+00	0.0000000000000000E+00	0.0000000000000000E+00	
1.3696651612000843E-02	1.3158098947743768E-01	1.3843496123977406E-11	7.5830725307020641E-01	0.0000000000000000E+00	0.0000000000000000E+00	0.0000000000000000E+00	
2.0296217730559427E-01	5.4277613207718185E-02	1.5262125405179952E-01	1.6277860751392515E-11	5.8878249962376628E-01	0.0000000000000000E+00	0.0000000000000000E+00	
1.5973868721562243E-01	8.4939249899166430E-02	1.4846045388181195E-01	1.3272843483052030E-01	8.0377400008216291E-12	3.7444035263076791E-01	0.0000000000000000E+00	

beta_opt
0.0000000000000000E+00	0.0000000000000000E+00	0.0000000000000000E+00	0.0000000000000000E+00	0.0000000000000000E+00	0.0000000000000000E+00	0.0000000000000000E+00	
4.1664752611934613E-01	0.0000000000000000E+00	0.0000000000000000E+00	0.0000000000000000E+00	0.0000000000000000E+00	0.0000000000000000E+00	0.0000000000000000E+00	
1.0687728480007763E-11	2.9315055394737072E-01	0.0000000000000000E+00	0.0000000000000000E+00	0.0000000000000000E+00	0.0000000000000000E+00	0.0000000000000000E+00	
1.9667513228687286E-01	5.3516635567518733E-12	2.0862715197022755E-01	0.0000000000000000E+00	0.0000000000000000E+00	0.0000000000000000E+00	0.0000000000000000E+00	
5.7066760104667602E-03	5.4822893752108873E-02	5.7678584131082289E-12	3.1594684104157728E-01	0.0000000000000000E+00	0.0000000000000000E+00	0.0000000000000000E+00	
8.4563689073254983E-02	2.2614633267483017E-02	6.3589267936232846E-02	6.7821304128301563E-12	2.4531477189955081E-01	0.0000000000000000E+00	0.0000000000000000E+00	
6.6554728856367568E-02	3.5389728342210859E-02	6.1855680838667368E-02	5.5300974019845309E-02	3.3489044870549378E-12	1.5600964660855288E-01	0.0000000000000000E+00	

==============================================================

