#stage		 order
3	 		2


A
0.0000000000000000E+00	0.0000000000000000E+00	0.0000000000000000E+00	
2.6369114071693150E-01	0.0000000000000000E+00	0.0000000000000000E+00	
8.3180674953970562E-04	4.9916819325046041E-01	0.0000000000000000E+00	

b
1.8637772756843652E-19	
1.1184549018787118E-16	
9.9999999999999989E-01	

c
0.0000000000000000E+00	
2.6369114071693150E-01	
5.0000000000000011E-01	

r
2.2406373583011789E-16	

errcoeff
5.4442109554377643E-02	

v_opt
1.0000000000000000E+00	
1.0000000000000000E+00	
1.0000000000000000E+00	
1.0000000000000000E+00	

alpha_opt
0.0000000000000000E+00	0.0000000000000000E+00	0.0000000000000000E+00	0.0000000000000000E+00	
0.0000000000000000E+00	0.0000000000000000E+00	0.0000000000000000E+00	0.0000000000000000E+00	
0.0000000000000000E+00	0.0000000000000000E+00	0.0000000000000000E+00	0.0000000000000000E+00	
0.0000000000000000E+00	0.0000000000000000E+00	0.0000000000000000E+00	0.0000000000000000E+00	

beta_opt
0.0000000000000000E+00	0.0000000000000000E+00	0.0000000000000000E+00	0.0000000000000000E+00	
2.6369114071693150E-01	0.0000000000000000E+00	0.0000000000000000E+00	0.0000000000000000E+00	
8.3180674953970562E-04	4.9916819325046041E-01	0.0000000000000000E+00	0.0000000000000000E+00	
1.8637772756843652E-19	1.1184549018787118E-16	9.9999999999999989E-01	0.0000000000000000E+00	

==============================================================

