#stage		 order
9	 		3


A
0.0000000000000000E+00	0.0000000000000000E+00	0.0000000000000000E+00	0.0000000000000000E+00	0.0000000000000000E+00	0.0000000000000000E+00	0.0000000000000000E+00	0.0000000000000000E+00	0.0000000000000000E+00	
3.1613416391017135E-01	0.0000000000000000E+00	0.0000000000000000E+00	0.0000000000000000E+00	0.0000000000000000E+00	0.0000000000000000E+00	0.0000000000000000E+00	0.0000000000000000E+00	0.0000000000000000E+00	
3.1613273957513521E-01	3.1613273957513516E-01	0.0000000000000000E+00	0.0000000000000000E+00	0.0000000000000000E+00	0.0000000000000000E+00	0.0000000000000000E+00	0.0000000000000000E+00	0.0000000000000000E+00	
1.9083087086527362E-01	1.9082837042309628E-01	1.9076113139058751E-01	0.0000000000000000E+00	0.0000000000000000E+00	0.0000000000000000E+00	0.0000000000000000E+00	0.0000000000000000E+00	0.0000000000000000E+00	
1.9081951002965261E-01	1.9081700973633517E-01	1.9074977470680360E-01	3.1611534332703306E-01	0.0000000000000000E+00	0.0000000000000000E+00	0.0000000000000000E+00	0.0000000000000000E+00	0.0000000000000000E+00	
1.2767099607494795E-01	1.2766183951357718E-01	3.3906616701959928E-02	5.6190901385193948E-02	5.6133272892527307E-02	0.0000000000000000E+00	0.0000000000000000E+00	0.0000000000000000E+00	0.0000000000000000E+00	
1.2768617958171002E-01	1.2765980600986557E-01	3.3916118438837392E-02	5.6204198234917319E-02	5.6146578038668550E-02	3.1609525364446994E-01	0.0000000000000000E+00	0.0000000000000000E+00	0.0000000000000000E+00	
1.5954722063500693E-01	1.4629525074244745E-01	4.8921424055597927E-02	8.0999812252333520E-02	6.2935290836651420E-02	3.2288596927332186E-02	3.2292571545334318E-02	0.0000000000000000E+00	0.0000000000000000E+00	
1.5164095927765456E-01	1.4166110689563874E-01	4.5219646717486219E-02	7.4882838180092434E-02	6.1232642453219896E-02	1.0237449770104286E-01	1.0238709965839769E-01	2.3792031373581118E-01	0.0000000000000000E+00	

b
1.5146979462120586E-01	
1.4763964768013879E-01	
7.4560179030706414E-02	
1.2349081259774136E-01	
9.1095173032651452E-02	
1.6128966124695526E-01	
3.9056357447299440E-02	
9.0841774951373244E-02	
1.2055659939192837E-01	

c
0.0000000000000000E+00	
3.1613416391017135E-01	
6.3226547915027043E-01	
5.7242037267895740E-01	
8.8850163779982450E-01	
4.0156362656820627E-01	
7.1770813394846877E-01	
5.6328016699470373E-01	
9.1731910461934352E-01	

r
3.1632139583754473E+00	

errcoeff
7.2325844601646375E-03	

v_opt
1.0000000000000000E+00	
2.2177482073004740E-11	
4.5054764677976422E-06	
3.9635840690319613E-01	
5.9533540076484037E-05	
5.2568800235565294E-01	
1.1659007093101081E-11	
3.4005907558394832E-01	
2.6857558320803054E-04	
5.2708948317103932E-12	

alpha_opt
0.0000000000000000E+00	0.0000000000000000E+00	0.0000000000000000E+00	0.0000000000000000E+00	0.0000000000000000E+00	0.0000000000000000E+00	0.0000000000000000E+00	0.0000000000000000E+00	0.0000000000000000E+00	0.0000000000000000E+00	
9.9999999997782252E-01	0.0000000000000000E+00	0.0000000000000000E+00	0.0000000000000000E+00	0.0000000000000000E+00	0.0000000000000000E+00	0.0000000000000000E+00	0.0000000000000000E+00	0.0000000000000000E+00	0.0000000000000000E+00	
2.2177477794979947E-11	9.9999549450135472E-01	0.0000000000000000E+00	0.0000000000000000E+00	0.0000000000000000E+00	0.0000000000000000E+00	0.0000000000000000E+00	0.0000000000000000E+00	0.0000000000000000E+00	0.0000000000000000E+00	
7.9094336018953488E-06	2.1541014638859425E-04	6.0341827351681343E-01	0.0000000000000000E+00	0.0000000000000000E+00	0.0000000000000000E+00	0.0000000000000000E+00	0.0000000000000000E+00	0.0000000000000000E+00	0.0000000000000000E+00	
9.6576506638000094E-16	4.1867444710718275E-15	1.3382255336279607E-11	9.9994046644653611E-01	0.0000000000000000E+00	0.0000000000000000E+00	0.0000000000000000E+00	0.0000000000000000E+00	0.0000000000000000E+00	0.0000000000000000E+00	
2.7558316185974490E-05	2.9653002486658619E-01	4.7089406542521830E-15	1.9286212256851274E-04	1.7756155233900164E-01	0.0000000000000000E+00	0.0000000000000000E+00	0.0000000000000000E+00	0.0000000000000000E+00	0.0000000000000000E+00	
5.4464147092352315E-05	6.5782746302347332E-12	4.6757830779243007E-06	8.0449627569036507E-15	6.3941569349953498E-05	9.9987691848223448E-01	0.0000000000000000E+00	0.0000000000000000E+00	0.0000000000000000E+00	0.0000000000000000E+00	
4.1908411483242550E-02	2.7767343897023167E-01	1.4078262423583218E-04	5.7134099984768413E-02	1.8093587828953442E-01	2.2655531502793350E-12	1.0214831306177334E-01	0.0000000000000000E+00	0.0000000000000000E+00	0.0000000000000000E+00	
7.0326672493261327E-13	1.3504793201885686E-05	4.0972137094092792E-15	1.2885025410538741E-04	3.0152979416227977E-12	5.4777755575831011E-12	2.4699621198679544E-01	7.5259285737348880E-01	0.0000000000000000E+00	0.0000000000000000E+00	
4.9231227710381004E-05	2.5523414765552733E-12	9.6777057140661450E-05	8.5926364237596531E-02	1.4556255538426013E-01	3.8666529868174998E-01	2.0987771988511585E-12	3.5345543925505634E-04	3.8134631796236534E-01	0.0000000000000000E+00	

beta_opt
0.0000000000000000E+00	0.0000000000000000E+00	0.0000000000000000E+00	0.0000000000000000E+00	0.0000000000000000E+00	0.0000000000000000E+00	0.0000000000000000E+00	0.0000000000000000E+00	0.0000000000000000E+00	0.0000000000000000E+00	
3.1613416391017135E-01	0.0000000000000000E+00	0.0000000000000000E+00	0.0000000000000000E+00	0.0000000000000000E+00	0.0000000000000000E+00	0.0000000000000000E+00	0.0000000000000000E+00	0.0000000000000000E+00	0.0000000000000000E+00	
7.0110584005078636E-12	3.1613273957513516E-01	0.0000000000000000E+00	0.0000000000000000E+00	0.0000000000000000E+00	0.0000000000000000E+00	0.0000000000000000E+00	0.0000000000000000E+00	0.0000000000000000E+00	0.0000000000000000E+00	
2.5004421787936548E-06	6.8098506527836111E-05	1.9076113139058751E-01	0.0000000000000000E+00	0.0000000000000000E+00	0.0000000000000000E+00	0.0000000000000000E+00	0.0000000000000000E+00	0.0000000000000000E+00	0.0000000000000000E+00	
3.0531133180046377E-16	1.3235729628971782E-15	4.2305881020610059E-12	3.1611534332703306E-01	0.0000000000000000E+00	0.0000000000000000E+00	0.0000000000000000E+00	0.0000000000000000E+00	0.0000000000000000E+00	0.0000000000000000E+00	
8.7121252464184007E-06	9.3743271487539540E-02	1.4886570166676438E-15	6.0970305869489927E-05	5.6133272892527307E-02	0.0000000000000000E+00	0.0000000000000000E+00	0.0000000000000000E+00	0.0000000000000000E+00	0.0000000000000000E+00	
1.7217977604503241E-05	2.0796173502468695E-12	1.4781747739977086E-06	2.5432875748986061E-15	2.0214114566000085E-05	3.1609525364446994E-01	0.0000000000000000E+00	0.0000000000000000E+00	0.0000000000000000E+00	0.0000000000000000E+00	
1.3248680625352130E-02	8.7782060470862955E-02	4.4506197206861664E-05	1.8062040929845466E-02	5.7200012605683040E-02	7.1621875097349630E-13	3.2292571545334318E-02	0.0000000000000000E+00	0.0000000000000000E+00	0.0000000000000000E+00	
2.2232663809734678E-13	4.2693265077525799E-06	1.2952692304141200E-15	4.0733967352123146E-05	9.5323869373612427E-13	1.7317119960225114E-12	7.8083940967156720E-02	2.3792031373581118E-01	0.0000000000000000E+00	0.0000000000000000E+00	
1.5563673010837720E-05	8.0688233872194814E-13	3.0594534045528393E-05	2.7164259316695860E-02	4.6017296744051632E-02	1.2223811091454265E-01	6.6349517500725701E-13	1.1173933977087769E-04	1.2055659939192837E-01	0.0000000000000000E+00	

==============================================================

