#stage		 order
6	 		3


A
0.0000000000000000E+00	0.0000000000000000E+00	0.0000000000000000E+00	0.0000000000000000E+00	0.0000000000000000E+00	0.0000000000000000E+00	
3.6247850538030313E-01	0.0000000000000000E+00	0.0000000000000000E+00	0.0000000000000000E+00	0.0000000000000000E+00	0.0000000000000000E+00	
3.5233430246299302E-01	3.5233430246299302E-01	0.0000000000000000E+00	0.0000000000000000E+00	0.0000000000000000E+00	0.0000000000000000E+00	
2.3829448581190213E-01	1.1244648462609767E-01	1.1568397796526846E-01	0.0000000000000000E+00	0.0000000000000000E+00	0.0000000000000000E+00	
1.7506273264760097E-01	8.7768450175232937E-02	8.0242289447946091E-02	2.5142725603814925E-01	0.0000000000000000E+00	0.0000000000000000E+00	
1.5379811729813661E-01	7.7107344270117659E-02	7.0495375332845653E-02	2.2088675317289932E-01	3.1844876888077678E-01	0.0000000000000000E+00	

b
1.9677706682604901E-01	
7.1855059920870851E-02	
6.8086454271391872E-02	
2.1333875801148597E-01	
2.1042436082236304E-01	
2.3951830014783920E-01	

c
0.0000000000000000E+00	
3.6247850538030313E-01	
7.0466860492598604E-01	
4.6642494840326826E-01	
5.9450072830892930E-01	
8.4073635895477605E-01	

r
2.7587842731552477E+00	

errcoeff
9.5204423719609504E-03	

v_opt
1.0000000000000000E+00	
1.9699575304343853E-11	
2.7985667471970732E-02	
3.3366537446097433E-01	
2.7940296505172546E-01	
1.2146854461089840E-01	
1.3035552129872174E-02	

alpha_opt
0.0000000000000000E+00	0.0000000000000000E+00	0.0000000000000000E+00	0.0000000000000000E+00	0.0000000000000000E+00	0.0000000000000000E+00	0.0000000000000000E+00	
9.9999999998030042E-01	0.0000000000000000E+00	0.0000000000000000E+00	0.0000000000000000E+00	0.0000000000000000E+00	0.0000000000000000E+00	0.0000000000000000E+00	
1.9148271389999920E-11	9.7201433250888103E-01	0.0000000000000000E+00	0.0000000000000000E+00	0.0000000000000000E+00	0.0000000000000000E+00	0.0000000000000000E+00	
3.4718748647258085E-01	6.1111447414731820E-12	3.1914713906033371E-01	0.0000000000000000E+00	0.0000000000000000E+00	0.0000000000000000E+00	0.0000000000000000E+00	
5.2014614644527578E-06	2.6958273695489476E-02	4.3609466402965991E-12	6.9363355978695962E-01	0.0000000000000000E+00	0.0000000000000000E+00	0.0000000000000000E+00	
1.1707772954818170E-16	4.6657009311122366E-13	4.0308918768065752E-17	1.2004443151500969E-11	8.7853145537663047E-01	0.0000000000000000E+00	0.0000000000000000E+00	
1.4029070544621997E-01	3.7878293024738960E-06	1.1687130252552037E-12	1.8589063501428085E-01	1.1435898683668966E-11	6.6077931956771985E-01	0.0000000000000000E+00	

beta_opt
0.0000000000000000E+00	0.0000000000000000E+00	0.0000000000000000E+00	0.0000000000000000E+00	0.0000000000000000E+00	0.0000000000000000E+00	0.0000000000000000E+00	
3.6247850538030313E-01	0.0000000000000000E+00	0.0000000000000000E+00	0.0000000000000000E+00	0.0000000000000000E+00	0.0000000000000000E+00	0.0000000000000000E+00	
6.9408367942003224E-12	3.5233430246299302E-01	0.0000000000000000E+00	0.0000000000000000E+00	0.0000000000000000E+00	0.0000000000000000E+00	0.0000000000000000E+00	
1.2584800118580447E-01	2.2151586120955358E-12	1.1568397796526846E-01	0.0000000000000000E+00	0.0000000000000000E+00	0.0000000000000000E+00	0.0000000000000000E+00	
1.8854179774652202E-06	9.7717947569666667E-03	1.5807494202491057E-12	2.5142725603814925E-01	0.0000000000000000E+00	0.0000000000000000E+00	0.0000000000000000E+00	
4.2438160420780272E-17	1.6912163000943683E-13	1.4611116628832356E-17	4.3513526115646073E-12	3.1844876888077678E-01	0.0000000000000000E+00	0.0000000000000000E+00	
5.0852365229895932E-02	1.3730067042235017E-06	4.2363335062134411E-13	6.7381359545499356E-02	4.1452674626185626E-12	2.3951830014783920E-01	0.0000000000000000E+00	

==============================================================

