#stage		 order
8	 		2


A
0.0000000000000000E+00	0.0000000000000000E+00	0.0000000000000000E+00	0.0000000000000000E+00	0.0000000000000000E+00	0.0000000000000000E+00	0.0000000000000000E+00	0.0000000000000000E+00	
2.5760242073833528E-01	0.0000000000000000E+00	0.0000000000000000E+00	0.0000000000000000E+00	0.0000000000000000E+00	0.0000000000000000E+00	0.0000000000000000E+00	0.0000000000000000E+00	
1.5100457286448374E-01	1.5100457286448371E-01	0.0000000000000000E+00	0.0000000000000000E+00	0.0000000000000000E+00	0.0000000000000000E+00	0.0000000000000000E+00	0.0000000000000000E+00	
1.5081909493495327E-01	1.5081628187866380E-01	2.5728121050721237E-01	0.0000000000000000E+00	0.0000000000000000E+00	0.0000000000000000E+00	0.0000000000000000E+00	0.0000000000000000E+00	
1.4252516376781710E-01	1.4230188787766079E-01	1.4257945367901956E-01	1.4275746115643823E-01	0.0000000000000000E+00	0.0000000000000000E+00	0.0000000000000000E+00	0.0000000000000000E+00	
1.4253723615582409E-01	1.4231427815022177E-01	1.4274321531290537E-01	1.4255421309488966E-01	2.5723566447746349E-01	0.0000000000000000E+00	0.0000000000000000E+00	0.0000000000000000E+00	
1.3826917577885678E-01	1.3693603695916748E-01	1.1051758272780900E-01	1.0964155279029397E-01	1.9784212908053420E-01	1.9812420442825820E-01	0.0000000000000000E+00	0.0000000000000000E+00	
1.3826917577885678E-01	1.3693603695916748E-01	1.1051758272780898E-01	1.0964155279029396E-01	1.9784212908053420E-01	1.9812420442825820E-01	2.5760242073833528E-01	0.0000000000000000E+00	

b
1.5183024120695804E-01	
1.3059390886896724E-01	
1.3819523491317257E-01	
1.3060363364324210E-01	
1.8345828917842055E-01	
1.2262395517628565E-01	
7.1347368506476924E-02	
7.1347368506476910E-02	

c
0.0000000000000000E+00	
2.5760242073833528E-01	
3.0200914572896742E-01	
5.5891658732082938E-01	
5.7016396648093570E-01	
8.2738460719130447E-01	
8.9133068176491970E-01	
1.1489331025032550E+00	

r
3.8819510978732987E+00	

errcoeff
1.2569960462593181E-02	

v_opt
1.0000000000000000E+00	
1.6283197012967321E-11	
4.1380763258482878E-01	
1.2360022691344508E-03	
2.1700239494328621E-01	
3.5380587348754489E-12	
1.1852564337689830E-01	
1.9300117060083721E-12	
6.0996814999769722E-04	

alpha_opt
0.0000000000000000E+00	0.0000000000000000E+00	0.0000000000000000E+00	0.0000000000000000E+00	0.0000000000000000E+00	0.0000000000000000E+00	0.0000000000000000E+00	0.0000000000000000E+00	0.0000000000000000E+00	
9.9999999998371680E-01	0.0000000000000000E+00	0.0000000000000000E+00	0.0000000000000000E+00	0.0000000000000000E+00	0.0000000000000000E+00	0.0000000000000000E+00	0.0000000000000000E+00	0.0000000000000000E+00	
9.5451992908334088E-12	5.8619236740562597E-01	0.0000000000000000E+00	0.0000000000000000E+00	0.0000000000000000E+00	0.0000000000000000E+00	0.0000000000000000E+00	0.0000000000000000E+00	0.0000000000000000E+00	
1.0920146950976619E-05	9.5332395084507187E-12	9.9875307757438136E-01	0.0000000000000000E+00	0.0000000000000000E+00	0.0000000000000000E+00	0.0000000000000000E+00	0.0000000000000000E+00	0.0000000000000000E+00	
8.6069439106671055E-04	2.2795942759981805E-01	9.0126118645483930E-12	5.5417748305681636E-01	0.0000000000000000E+00	0.0000000000000000E+00	0.0000000000000000E+00	0.0000000000000000E+00	0.0000000000000000E+00	
1.4016102397388736E-14	3.7202246556641830E-12	1.4237298695198998E-03	9.0109956777399213E-12	9.9857627011419681E-01	0.0000000000000000E+00	0.0000000000000000E+00	0.0000000000000000E+00	0.0000000000000000E+00	
4.5095069558284372E-03	1.0501258070448578E-01	2.8364217108685546E-03	7.3743563860839605E-06	1.2505622540804497E-11	7.6910847288302719E-01	0.0000000000000000E+00	0.0000000000000000E+00	0.0000000000000000E+00	
7.3417912520952005E-14	1.7099326234168446E-12	4.6192789987304167E-14	3.0392177131822347E-17	-5.5554178644740882E-17	1.2523616087272149E-11	9.9999999998371680E-01	0.0000000000000000E+00	0.0000000000000000E+00	
8.0570916581616886E-02	1.0539460985591847E-03	2.8639091332748903E-02	1.1232291402776705E-01	2.3683363384197434E-01	2.6300253446324701E-01	4.5099692890400653E-12	2.7696699549957893E-01	0.0000000000000000E+00	

beta_opt
0.0000000000000000E+00	0.0000000000000000E+00	0.0000000000000000E+00	0.0000000000000000E+00	0.0000000000000000E+00	0.0000000000000000E+00	0.0000000000000000E+00	0.0000000000000000E+00	0.0000000000000000E+00	
2.5760242073833528E-01	0.0000000000000000E+00	0.0000000000000000E+00	0.0000000000000000E+00	0.0000000000000000E+00	0.0000000000000000E+00	0.0000000000000000E+00	0.0000000000000000E+00	0.0000000000000000E+00	
2.4588664437885654E-12	1.5100457286448371E-01	0.0000000000000000E+00	0.0000000000000000E+00	0.0000000000000000E+00	0.0000000000000000E+00	0.0000000000000000E+00	0.0000000000000000E+00	0.0000000000000000E+00	
2.8130562894357336E-06	2.4557855748952306E-12	2.5728121050721237E-01	0.0000000000000000E+00	0.0000000000000000E+00	0.0000000000000000E+00	0.0000000000000000E+00	0.0000000000000000E+00	0.0000000000000000E+00	
2.2171695865830232E-04	5.8722900380794606E-02	2.3216706335205117E-12	1.4275746115643823E-01	0.0000000000000000E+00	0.0000000000000000E+00	0.0000000000000000E+00	0.0000000000000000E+00	0.0000000000000000E+00	
3.6105819069425148E-15	9.5833887700513820E-13	3.6675626087177235E-04	2.3212542998862773E-12	2.5723566447746349E-01	0.0000000000000000E+00	0.0000000000000000E+00	0.0000000000000000E+00	0.0000000000000000E+00	
1.1616599081766821E-03	2.7051494997895820E-02	7.3066909896640775E-04	1.8996520564733624E-06	3.2214786394035855E-12	1.9812420442825820E-01	0.0000000000000000E+00	0.0000000000000000E+00	0.0000000000000000E+00	
1.8912631991260530E-14	4.4048278309880390E-13	1.1899374521580850E-14	7.8290984007931955E-18	-1.4310890901248210E-17	3.2261138205313955E-12	2.5760242073833528E-01	0.0000000000000000E+00	0.0000000000000000E+00	
2.0755263152868950E-02	2.7149906632099093E-04	7.3774992551825236E-03	2.8934654558407859E-02	6.1008917390942538E-02	6.7750089539153069E-02	1.1617790063311872E-12	7.1347368506476910E-02	0.0000000000000000E+00	

==============================================================

