#stage		 order
4	 		3


A
0.0000000000000000E+00	0.0000000000000000E+00	0.0000000000000000E+00	0.0000000000000000E+00	
5.9214237846352313E-01	0.0000000000000000E+00	0.0000000000000000E+00	0.0000000000000000E+00	
3.1862293083454563E-01	3.1862293083454563E-01	0.0000000000000000E+00	0.0000000000000000E+00	
1.9206049746614387E-01	1.7906408936685289E-01	3.3278030397050457E-01	0.0000000000000000E+00	

b
2.4659946229143315E-01	
1.3959132529861781E-01	
2.2084399070864869E-01	
3.9296522170130033E-01	

c
0.0000000000000000E+00	
5.9214237846352313E-01	
6.3724586166909125E-01	
7.0390489080350127E-01	

r
1.6887830298428834E+00	

errcoeff
2.2572832874381884E-02	

v_opt
1.0000000000000000E+00	
1.6339152253408429E-12	
4.6191500148781661E-01	
4.1605815654212042E-01	
1.3516238840632067E-01	

alpha_opt
0.0000000000000000E+00	0.0000000000000000E+00	0.0000000000000000E+00	0.0000000000000000E+00	0.0000000000000000E+00	
9.9999999999836608E-01	0.0000000000000000E+00	0.0000000000000000E+00	0.0000000000000000E+00	0.0000000000000000E+00	
8.7915270917896990E-13	5.3808499851130420E-01	0.0000000000000000E+00	0.0000000000000000E+00	0.0000000000000000E+00	
2.1948113446959346E-02	4.9408982232115172E-13	5.6199373001042618E-01	0.0000000000000000E+00	0.0000000000000000E+00	
1.6614803348708368E-01	3.5056580379468252E-02	6.0939775922562314E-13	6.6363299772651807E-01	0.0000000000000000E+00	

beta_opt
0.0000000000000000E+00	0.0000000000000000E+00	0.0000000000000000E+00	0.0000000000000000E+00	0.0000000000000000E+00	
5.9214237846352313E-01	0.0000000000000000E+00	0.0000000000000000E+00	0.0000000000000000E+00	0.0000000000000000E+00	
5.2058357624673590E-13	3.1862293083454563E-01	0.0000000000000000E+00	0.0000000000000000E+00	0.0000000000000000E+00	
1.2996408099290979E-02	2.9257152256434438E-13	3.3278030397050457E-01	0.0000000000000000E+00	0.0000000000000000E+00	
9.8383291726239580E-02	2.0758486886729929E-02	3.6085023857879150E-13	3.9296522170130033E-01	0.0000000000000000E+00	

==============================================================

