#stage		 order
8	 		3


A
0.0000000000000000E+00	0.0000000000000000E+00	0.0000000000000000E+00	0.0000000000000000E+00	0.0000000000000000E+00	0.0000000000000000E+00	0.0000000000000000E+00	0.0000000000000000E+00	
3.0770740572391603E-01	0.0000000000000000E+00	0.0000000000000000E+00	0.0000000000000000E+00	0.0000000000000000E+00	0.0000000000000000E+00	0.0000000000000000E+00	0.0000000000000000E+00	
2.8309678546064376E-01	2.9892917526128221E-01	0.0000000000000000E+00	0.0000000000000000E+00	0.0000000000000000E+00	0.0000000000000000E+00	0.0000000000000000E+00	0.0000000000000000E+00	
1.5011936603160947E-01	1.5851108918866227E-01	1.6511533249440377E-01	0.0000000000000000E+00	0.0000000000000000E+00	0.0000000000000000E+00	0.0000000000000000E+00	0.0000000000000000E+00	
2.2686216739689000E-01	2.3954997467534930E-01	7.4471795674067795E-02	1.4648955817581324E-01	0.0000000000000000E+00	0.0000000000000000E+00	0.0000000000000000E+00	0.0000000000000000E+00	
2.1800608078212097E-01	2.3017806170009364E-01	1.4283597908688275E-01	1.6410866241315153E-01	1.8451839884325003E-01	0.0000000000000000E+00	0.0000000000000000E+00	0.0000000000000000E+00	
1.2381898202853477E-01	1.3072886757338228E-01	8.4556752752245265E-02	1.0429148969444885E-01	9.8253295377236149E-02	1.7248116857576154E-01	0.0000000000000000E+00	0.0000000000000000E+00	
1.0934366775756951E-01	1.1543860099700502E-01	7.4666304595824073E-02	9.2092553517191811E-02	8.6762435440045638E-02	1.5229728445319796E-01	2.8690382512417123E-01	0.0000000000000000E+00	

b
1.6129628389902695E-01	
1.7030609446351122E-01	
1.1948603290961221E-01	
1.7387679147275628E-01	
1.0987265727892626E-01	
6.4433645824671607E-02	
1.2076067065430600E-01	
7.9967823497189505E-02	

c
0.0000000000000000E+00	
3.0770740572391603E-01	
5.8202596072192603E-01	
4.7374578771467546E-01	
6.8737349592212038E-01	
9.3964718282549897E-01	
7.1413055600160880E-01	
9.1750467188500517E-01	

r
3.0775622740887774E+00	

errcoeff
8.6361911346929752E-03	

v_opt
1.0000000000000000E+00	
5.3011296704638444E-02	
7.9983043425655431E-02	
4.7149432008196701E-01	
3.1840462825349247E-02	
1.4917184827512031E-04	
4.1575803994778404E-01	
1.1697284985714673E-01	
4.8836490407211386E-12	

alpha_opt
0.0000000000000000E+00	0.0000000000000000E+00	0.0000000000000000E+00	0.0000000000000000E+00	0.0000000000000000E+00	0.0000000000000000E+00	0.0000000000000000E+00	0.0000000000000000E+00	0.0000000000000000E+00	
9.4698870329536156E-01	0.0000000000000000E+00	0.0000000000000000E+00	0.0000000000000000E+00	0.0000000000000000E+00	0.0000000000000000E+00	0.0000000000000000E+00	0.0000000000000000E+00	0.0000000000000000E+00	
4.3804183519918510E-05	9.1997315239082467E-01	0.0000000000000000E+00	0.0000000000000000E+00	0.0000000000000000E+00	0.0000000000000000E+00	0.0000000000000000E+00	0.0000000000000000E+00	0.0000000000000000E+00	
1.2071678242017689E-05	2.0340890091204381E-02	5.0815271814858665E-01	0.0000000000000000E+00	0.0000000000000000E+00	0.0000000000000000E+00	0.0000000000000000E+00	0.0000000000000000E+00	0.0000000000000000E+00	
1.8517549488175067E-05	5.1720955782672529E-01	1.0072401732913520E-04	4.5083073778110805E-01	0.0000000000000000E+00	0.0000000000000000E+00	0.0000000000000000E+00	0.0000000000000000E+00	0.0000000000000000E+00	
5.6632983106632746E-05	9.0204713493759365E-12	1.8288454060396406E-01	2.4904279141134969E-01	5.6786686314428403E-01	0.0000000000000000E+00	0.0000000000000000E+00	0.0000000000000000E+00	0.0000000000000000E+00	
1.1297102541593381E-05	3.1098481784898864E-14	2.0659798052574576E-05	5.2443791936954552E-02	9.4467382537872743E-04	5.3082153738925741E-01	0.0000000000000000E+00	0.0000000000000000E+00	0.0000000000000000E+00	
2.0808696772595816E-05	3.5388404906732305E-15	5.3483915349303051E-06	7.7412408982147834E-06	2.1000417761075074E-05	7.8629190245226432E-06	8.8296438847685843E-01	0.0000000000000000E+00	0.0000000000000000E+00	
7.0520896775350067E-06	5.5872857354348977E-05	5.9495931147763137E-02	3.1379538563939646E-01	2.2517651021353807E-01	1.0176027096911811E-03	1.5434568860650874E-01	2.4610595673118685E-01	0.0000000000000000E+00	

beta_opt
0.0000000000000000E+00	0.0000000000000000E+00	0.0000000000000000E+00	0.0000000000000000E+00	0.0000000000000000E+00	0.0000000000000000E+00	0.0000000000000000E+00	0.0000000000000000E+00	0.0000000000000000E+00	
3.0770740572391603E-01	0.0000000000000000E+00	0.0000000000000000E+00	0.0000000000000000E+00	0.0000000000000000E+00	0.0000000000000000E+00	0.0000000000000000E+00	0.0000000000000000E+00	0.0000000000000000E+00	
1.4233402810259754E-05	2.9892917526128221E-01	0.0000000000000000E+00	0.0000000000000000E+00	0.0000000000000000E+00	0.0000000000000000E+00	0.0000000000000000E+00	0.0000000000000000E+00	0.0000000000000000E+00	
3.9224805762298059E-06	6.6094162457264738E-03	1.6511533249440377E-01	0.0000000000000000E+00	0.0000000000000000E+00	0.0000000000000000E+00	0.0000000000000000E+00	0.0000000000000000E+00	0.0000000000000000E+00	
6.0169536273690927E-06	1.6805819404250849E-01	3.2728506642779043E-05	1.4648955817581324E-01	0.0000000000000000E+00	0.0000000000000000E+00	0.0000000000000000E+00	0.0000000000000000E+00	0.0000000000000000E+00	
1.8401896716938038E-05	2.9310442961616445E-12	5.9425130775508379E-02	8.0922096528460372E-02	1.8451839884325003E-01	0.0000000000000000E+00	0.0000000000000000E+00	0.0000000000000000E+00	0.0000000000000000E+00	
3.6707957583592687E-06	1.0104907396132987E-14	6.7130398065107233E-06	1.7040692362105130E-02	3.0695522665798169E-04	1.7248116857576154E-01	0.0000000000000000E+00	0.0000000000000000E+00	0.0000000000000000E+00	
6.7614218396795579E-06	1.1498842835891551E-15	1.7378662261569328E-06	2.5153807490886213E-06	6.8237182195439515E-06	2.5549179267225774E-06	2.8690382512417123E-01	0.0000000000000000E+00	0.0000000000000000E+00	
2.2914531208825806E-06	1.8154907156824746E-05	1.9332161577958071E-02	1.0196231877659337E-01	7.3167166141117013E-02	3.3065219127438594E-04	5.0151930282284721E-02	7.9967823497189505E-02	0.0000000000000000E+00	

==============================================================

