#stage		 order
7	 		3


A
0.0000000000000000E+00	0.0000000000000000E+00	0.0000000000000000E+00	0.0000000000000000E+00	0.0000000000000000E+00	0.0000000000000000E+00	0.0000000000000000E+00	
3.4059678477969413E-01	0.0000000000000000E+00	0.0000000000000000E+00	0.0000000000000000E+00	0.0000000000000000E+00	0.0000000000000000E+00	0.0000000000000000E+00	
2.3070031348235512E-01	2.1907047997351670E-01	0.0000000000000000E+00	0.0000000000000000E+00	0.0000000000000000E+00	0.0000000000000000E+00	0.0000000000000000E+00	
2.3068938701192176E-01	2.1826092828758825E-01	3.3121153457855079E-01	0.0000000000000000E+00	0.0000000000000000E+00	0.0000000000000000E+00	0.0000000000000000E+00	
1.4768856882251263E-01	1.3143737027234523E-01	1.9561143068741976E-01	1.8495482586688453E-01	0.0000000000000000E+00	0.0000000000000000E+00	0.0000000000000000E+00	
1.6669647529139359E-01	1.5529501585642586E-01	1.3000447368412579E-01	1.2353328190093309E-01	2.1355784924845553E-01	0.0000000000000000E+00	0.0000000000000000E+00	
1.8289581821309261E-01	1.5773391320346508E-01	8.9182620752676162E-02	8.4213050005312040E-02	1.0589038265862116E-01	1.3958641751277912E-01	0.0000000000000000E+00	

b
1.9077244779723324E-01	
1.4879357444123689E-01	
1.3396691840776956E-01	
1.1279074883298024E-01	
1.5534618252086724E-01	
8.0749829624490094E-02	
1.7758029837542272E-01	

c
0.0000000000000000E+00	
3.4059678477969413E-01	
4.4977079345587184E-01	
7.8016184987806081E-01	
6.5969219564916215E-01	
7.8908709598133386E-01	
7.5950220234594612E-01	

r
2.9333484960367664E+00	

errcoeff
9.1959786393746631E-03	

v_opt
1.0000000000000000E+00	
9.1093361513994164E-04	
3.2269020730599884E-01	
9.2118927251011451E-03	
3.7627044431280421E-01	
1.4849999689038773E-01	
1.9871001829753521E-01	
1.0669243266647754E-12	

alpha_opt
0.0000000000000000E+00	0.0000000000000000E+00	0.0000000000000000E+00	0.0000000000000000E+00	0.0000000000000000E+00	0.0000000000000000E+00	0.0000000000000000E+00	0.0000000000000000E+00	
9.9908906638486006E-01	0.0000000000000000E+00	0.0000000000000000E+00	0.0000000000000000E+00	0.0000000000000000E+00	0.0000000000000000E+00	0.0000000000000000E+00	0.0000000000000000E+00	
3.4699729739957816E-02	6.4261006295404333E-01	0.0000000000000000E+00	0.0000000000000000E+00	0.0000000000000000E+00	0.0000000000000000E+00	0.0000000000000000E+00	0.0000000000000000E+00	
3.3273828649917955E-03	1.5901867587399983E-02	9.7155885682250709E-01	0.0000000000000000E+00	0.0000000000000000E+00	0.0000000000000000E+00	0.0000000000000000E+00	0.0000000000000000E+00	
2.6305829227212668E-02	8.1968590808430882E-03	4.6689907089734847E-02	5.4253696028940523E-01	0.0000000000000000E+00	0.0000000000000000E+00	0.0000000000000000E+00	0.0000000000000000E+00	
2.9419841139443270E-03	1.9957892839994695E-01	3.9962183505081066E-05	2.2499532504678434E-02	6.2643959590753751E-01	0.0000000000000000E+00	0.0000000000000000E+00	0.0000000000000000E+00	
5.4955031211541557E-02	2.0638641882219169E-01	7.0843177908540859E-03	6.9294416826198468E-02	5.4114189174889263E-02	4.0945560787678970E-01	0.0000000000000000E+00	0.0000000000000000E+00	
6.7489000423210044E-02	2.0158041117070816E-02	4.6551379331017148E-02	4.2203688014632978E-02	2.7911303161808154E-01	2.3579958331498251E-02	5.2090490116342225E-01	0.0000000000000000E+00	

beta_opt
0.0000000000000000E+00	0.0000000000000000E+00	0.0000000000000000E+00	0.0000000000000000E+00	0.0000000000000000E+00	0.0000000000000000E+00	0.0000000000000000E+00	0.0000000000000000E+00	
3.4059678477969413E-01	0.0000000000000000E+00	0.0000000000000000E+00	0.0000000000000000E+00	0.0000000000000000E+00	0.0000000000000000E+00	0.0000000000000000E+00	0.0000000000000000E+00	
1.1829392173131142E-02	2.1907047997351670E-01	0.0000000000000000E+00	0.0000000000000000E+00	0.0000000000000000E+00	0.0000000000000000E+00	0.0000000000000000E+00	0.0000000000000000E+00	
1.1343292041499477E-03	5.4210632009604187E-03	3.3121153457855079E-01	0.0000000000000000E+00	0.0000000000000000E+00	0.0000000000000000E+00	0.0000000000000000E+00	0.0000000000000000E+00	
8.9678499717471376E-03	2.7943693331861103E-03	1.5916931504383558E-02	1.8495482586688453E-01	0.0000000000000000E+00	0.0000000000000000E+00	0.0000000000000000E+00	0.0000000000000000E+00	
1.0029439454363742E-03	6.8037919350639395E-02	1.3623401228738535E-05	7.6702555237329745E-03	2.1355784924845553E-01	0.0000000000000000E+00	0.0000000000000000E+00	0.0000000000000000E+00	
1.8734572890329884E-02	7.0358642725808399E-02	2.4150958539196077E-03	2.3622974535781372E-02	1.8447923677734998E-02	1.3958641751277912E-01	0.0000000000000000E+00	0.0000000000000000E+00	
2.3007494852602152E-02	6.8720239495508872E-03	1.5869706376204835E-02	1.4387546543415092E-02	9.5151678021278246E-02	8.0385806062397008E-03	1.7758029837542272E-01	0.0000000000000000E+00	

==============================================================

