#stage		 order
5	 		2


A
0.0000000000000000E+00	0.0000000000000000E+00	0.0000000000000000E+00	0.0000000000000000E+00	0.0000000000000000E+00	
4.1704357078945542E-01	0.0000000000000000E+00	0.0000000000000000E+00	0.0000000000000000E+00	0.0000000000000000E+00	
1.5457740224519803E-01	1.5457740224519803E-01	0.0000000000000000E+00	0.0000000000000000E+00	0.0000000000000000E+00	
1.3846057644655654E-01	1.3845526442416575E-01	3.7354669590357986E-01	0.0000000000000000E+00	0.0000000000000000E+00	
1.3377454397209754E-01	1.3376945749987090E-01	3.5768578410902774E-01	3.9933576782046865E-01	0.0000000000000000E+00	

b
2.2159367011288883E-01	
1.0747968651535562E-01	
2.0558402600276002E-01	
2.2762451548939211E-01	
2.3771810187960335E-01	

c
0.0000000000000000E+00	
4.1704357078945542E-01	
3.0915480449039606E-01	
6.5046253677430221E-01	
1.0245655534014648E+00	

r
2.3978309942700218E+00	

errcoeff
2.8418138245020881E-02	

v_opt
1.0000000000000000E+00	
1.5769718864078186E-11	
6.2934951388271976E-01	
1.0428541743219655E-01	
3.9599591946141710E-02	
7.8922776206518330E-02	

alpha_opt
0.0000000000000000E+00	0.0000000000000000E+00	0.0000000000000000E+00	0.0000000000000000E+00	0.0000000000000000E+00	0.0000000000000000E+00	
9.9999999998423028E-01	0.0000000000000000E+00	0.0000000000000000E+00	0.0000000000000000E+00	0.0000000000000000E+00	0.0000000000000000E+00	
5.8450329872962085E-12	3.7065048611143520E-01	0.0000000000000000E+00	0.0000000000000000E+00	0.0000000000000000E+00	0.0000000000000000E+00	
1.2737331930694094E-05	5.2354724164946606E-12	8.9570184523063734E-01	0.0000000000000000E+00	0.0000000000000000E+00	0.0000000000000000E+00	
4.5312316287440401E-14	2.8607268548511279E-03	1.3525203345406032E-11	9.5753968118543664E-01	0.0000000000000000E+00	0.0000000000000000E+00	
2.7361909464566680E-01	7.3373198687984420E-02	4.0770978742604913E-03	8.6071895950019255E-12	5.7000783257696275E-01	0.0000000000000000E+00	

beta_opt
0.0000000000000000E+00	0.0000000000000000E+00	0.0000000000000000E+00	0.0000000000000000E+00	0.0000000000000000E+00	0.0000000000000000E+00	
4.1704357078945542E-01	0.0000000000000000E+00	0.0000000000000000E+00	0.0000000000000000E+00	0.0000000000000000E+00	0.0000000000000000E+00	
2.4376334284426093E-12	1.5457740224519803E-01	0.0000000000000000E+00	0.0000000000000000E+00	0.0000000000000000E+00	0.0000000000000000E+00	
5.3120223907909825E-06	2.1834201113790641E-12	3.7354669590357986E-01	0.0000000000000000E+00	0.0000000000000000E+00	0.0000000000000000E+00	
1.8897210185553348E-14	1.1930477426192166E-03	5.6405990989105703E-12	3.9933576782046865E-01	0.0000000000000000E+00	0.0000000000000000E+00	
1.1411108426900635E-01	3.0599820781563758E-02	1.7003274559665069E-03	3.5895730832180561E-12	2.3771810187960335E-01	0.0000000000000000E+00	

==============================================================

