#stage		 order
4	 		2


A
0.0000000000000000E+00	0.0000000000000000E+00	0.0000000000000000E+00	0.0000000000000000E+00	
5.1016048172480277E-01	0.0000000000000000E+00	0.0000000000000000E+00	0.0000000000000000E+00	
2.5840028138446985E-01	2.5840028138446985E-01	0.0000000000000000E+00	0.0000000000000000E+00	
1.9420965250207869E-01	1.9420096943625351E-01	3.8341157984891128E-01	0.0000000000000000E+00	

b
2.1261762099421164E-01	
1.4162493587242808E-01	
2.7707992686668220E-01	
3.6867751626667805E-01	

c
0.0000000000000000E+00	
5.1016048172480277E-01	
5.1680056276893971E-01	
7.7182220178724348E-01	

r
1.9601675077205070E+00	

errcoeff
2.0610907361546325E-02	

v_opt
1.0000000000000000E+00	
1.2713274877285130E-11	
4.9349216444432598E-01	
2.4843205883759478E-01	
1.3567255004466805E-01	

alpha_opt
0.0000000000000000E+00	0.0000000000000000E+00	0.0000000000000000E+00	0.0000000000000000E+00	0.0000000000000000E+00	
9.9999999998728673E-01	0.0000000000000000E+00	0.0000000000000000E+00	0.0000000000000000E+00	0.0000000000000000E+00	
6.4393353392764944E-12	5.0650783554923473E-01	0.0000000000000000E+00	0.0000000000000000E+00	0.0000000000000000E+00	
1.7020263497715417E-05	4.8394305223473146E-12	7.5155092089406805E-01	0.0000000000000000E+00	0.0000000000000000E+00	
1.3914525463130098E-01	2.5125071132726224E-03	6.9048294601880486E-12	7.2266968820385358E-01	0.0000000000000000E+00	

beta_opt
0.0000000000000000E+00	0.0000000000000000E+00	0.0000000000000000E+00	0.0000000000000000E+00	0.0000000000000000E+00	
5.1016048172480277E-01	0.0000000000000000E+00	0.0000000000000000E+00	0.0000000000000000E+00	0.0000000000000000E+00	
3.2850944187146069E-12	2.5840028138446985E-01	0.0000000000000000E+00	0.0000000000000000E+00	0.0000000000000000E+00	
8.6830658251879633E-06	2.4688862065858075E-12	3.8341157984891128E-01	0.0000000000000000E+00	0.0000000000000000E+00	
7.0986410133327321E-02	1.2817818392604503E-03	3.5225711236819279E-12	3.6867751626667805E-01	0.0000000000000000E+00	

==============================================================

