#stage		 order
5	 		3


A
0.0000000000000000E+00	0.0000000000000000E+00	0.0000000000000000E+00	0.0000000000000000E+00	0.0000000000000000E+00	
4.3878819770894817E-01	0.0000000000000000E+00	0.0000000000000000E+00	0.0000000000000000E+00	0.0000000000000000E+00	
3.2670749247052810E-01	3.2670749247052810E-01	0.0000000000000000E+00	0.0000000000000000E+00	0.0000000000000000E+00	
3.4323920256418838E-01	1.7018833266319652E-01	2.2857336755786642E-01	0.0000000000000000E+00	0.0000000000000000E+00	
1.9867029059570301E-01	1.0326480825858798E-01	1.2601584952305328E-01	2.4191036814901049E-01	0.0000000000000000E+00	

b
2.3552975155628428E-01	
1.0258304564825950E-01	
1.2722037494454150E-01	
1.9001281279248070E-01	
3.4465401505843402E-01	

c
0.0000000000000000E+00	
4.3878819770894817E-01	
6.5341498494105621E-01	
7.4200090278525133E-01	
6.6986131652635483E-01	

r
2.2790038684297258E+00	

errcoeff
1.8638985670196125E-02	

v_opt
1.0000000000000000E+00	
3.3908764685008919E-11	
2.5543236081469112E-01	
8.4696809194008238E-02	
4.2717727108441006E-01	
1.6956711498617327E-02	

alpha_opt
0.0000000000000000E+00	0.0000000000000000E+00	0.0000000000000000E+00	0.0000000000000000E+00	0.0000000000000000E+00	0.0000000000000000E+00	
9.9999999996609124E-01	0.0000000000000000E+00	0.0000000000000000E+00	0.0000000000000000E+00	0.0000000000000000E+00	0.0000000000000000E+00	
2.5247373303081198E-11	7.4456763916006152E-01	0.0000000000000000E+00	0.0000000000000000E+00	0.0000000000000000E+00	0.0000000000000000E+00	
3.9438360192611649E-01	1.3151992947708658E-11	5.2091958886672329E-01	0.0000000000000000E+00	0.0000000000000000E+00	0.0000000000000000E+00	
8.1027325636223839E-12	2.1508064091589348E-02	9.7383068982233115E-12	5.5131466480615954E-01	0.0000000000000000E+00	0.0000000000000000E+00	
1.3220220754615161E-01	1.0165058615038565E-03	6.4356741517669597E-02	1.4683840837352082E-11	7.8546783356137373E-01	0.0000000000000000E+00	

beta_opt
0.0000000000000000E+00	0.0000000000000000E+00	0.0000000000000000E+00	0.0000000000000000E+00	0.0000000000000000E+00	0.0000000000000000E+00	
4.3878819770894817E-01	0.0000000000000000E+00	0.0000000000000000E+00	0.0000000000000000E+00	0.0000000000000000E+00	0.0000000000000000E+00	
1.1078249428919662E-11	3.2670749247052810E-01	0.0000000000000000E+00	0.0000000000000000E+00	0.0000000000000000E+00	0.0000000000000000E+00	
1.7305086990099186E-01	5.7709392820015637E-12	2.2857336755786642E-01	0.0000000000000000E+00	0.0000000000000000E+00	0.0000000000000000E+00	
3.5553834182300292E-12	9.4374846792770490E-03	4.2730541327529181E-12	2.4191036814901049E-01	0.0000000000000000E+00	0.0000000000000000E+00	
5.8008768384287174E-02	4.4603077494498322E-04	2.8238978621916426E-02	6.4430960566852491E-12	3.4465401505843402E-01	0.0000000000000000E+00	

==============================================================

