#stage		 order
6	 		2


A
0.0000000000000000E+00	0.0000000000000000E+00	0.0000000000000000E+00	0.0000000000000000E+00	0.0000000000000000E+00	0.0000000000000000E+00	
3.4959807695355899E-01	0.0000000000000000E+00	0.0000000000000000E+00	0.0000000000000000E+00	0.0000000000000000E+00	0.0000000000000000E+00	
3.4767518908223333E-01	3.4767518908223338E-01	0.0000000000000000E+00	0.0000000000000000E+00	0.0000000000000000E+00	0.0000000000000000E+00	
3.4767518908223333E-01	3.4767518908223338E-01	3.4959807695355904E-01	0.0000000000000000E+00	0.0000000000000000E+00	0.0000000000000000E+00	
3.4767533994133565E-01	3.4767533994133576E-01	3.4957064943017657E-01	3.4957064943017657E-01	0.0000000000000000E+00	0.0000000000000000E+00	
3.4683789057704778E-01	3.4683789057704761E-01	3.3191870388868616E-01	3.1476893198011208E-01	3.1479362893981400E-01	0.0000000000000000E+00	

b
3.2217709564035385E-01	
2.7948832386834127E-01	
1.7153051348776910E-01	
1.3225154233601252E-01	
4.4799674802514455E-02	
4.9752849865008844E-02	

c
0.0000000000000000E+00	
3.4959807695355899E-01	
6.9535037816446665E-01	
1.0449484551180257E+00	
1.3944919787430246E+00	
1.6551570459627076E+00	

r
2.8604276336818666E+00	

errcoeff
7.6347218492167968E-02	

v_opt
1.0000000000000000E+00	
1.4308554341369017E-11	
5.5002816036116009E-03	
7.8714812445923599E-14	
0.0000000000000000E+00	
2.6731841426668179E-03	
7.5356583440858271E-02	

alpha_opt
0.0000000000000000E+00	0.0000000000000000E+00	0.0000000000000000E+00	0.0000000000000000E+00	0.0000000000000000E+00	0.0000000000000000E+00	0.0000000000000000E+00	
9.9999999998569145E-01	0.0000000000000000E+00	0.0000000000000000E+00	0.0000000000000000E+00	0.0000000000000000E+00	0.0000000000000000E+00	0.0000000000000000E+00	
1.4229733103852468E-11	9.9449971838215867E-01	0.0000000000000000E+00	0.0000000000000000E+00	0.0000000000000000E+00	0.0000000000000000E+00	0.0000000000000000E+00	
2.0360622792283186E-22	1.4229733103852468E-11	9.9999999998569156E-01	0.0000000000000000E+00	0.0000000000000000E+00	0.0000000000000000E+00	0.0000000000000000E+00	
9.5271378574266655E-16	7.8454445805653872E-05	1.4307379277390494E-11	9.9992154553988599E-01	0.0000000000000000E+00	0.0000000000000000E+00	0.0000000000000000E+00	
6.8513022527412985E-13	4.7826739252284818E-02	4.9055681477924412E-02	1.2883072167705209E-11	9.0044439511355578E-01	0.0000000000000000E+00	0.0000000000000000E+00	
1.2210814242721581E-01	3.0468773205048566E-01	1.0537332332573895E-01	2.5015979214760764E-01	1.8335572252733708E-12	1.4231442660626012E-01	0.0000000000000000E+00	

beta_opt
0.0000000000000000E+00	0.0000000000000000E+00	0.0000000000000000E+00	0.0000000000000000E+00	0.0000000000000000E+00	0.0000000000000000E+00	0.0000000000000000E+00	
3.4959807695355899E-01	0.0000000000000000E+00	0.0000000000000000E+00	0.0000000000000000E+00	0.0000000000000000E+00	0.0000000000000000E+00	0.0000000000000000E+00	
4.9746873287404014E-12	3.4767518908223338E-01	0.0000000000000000E+00	0.0000000000000000E+00	0.0000000000000000E+00	0.0000000000000000E+00	0.0000000000000000E+00	
7.1180345738608535E-23	4.9746873287404014E-12	3.4959807695355904E-01	0.0000000000000000E+00	0.0000000000000000E+00	0.0000000000000000E+00	0.0000000000000000E+00	
3.3306690738754696E-16	2.7427523382506253E-05	5.0018322816924865E-12	3.4957064943017657E-01	0.0000000000000000E+00	0.0000000000000000E+00	0.0000000000000000E+00	
2.3952020922202166E-13	1.6720136069797310E-02	1.7149771908574085E-02	4.5038972551481038E-12	3.1479362893981400E-01	0.0000000000000000E+00	0.0000000000000000E+00	
4.2688771773536749E-02	1.0651824519771516E-01	3.6838311197411044E-02	8.7455382267157017E-02	6.4100807994904585E-13	4.9752849865008844E-02	0.0000000000000000E+00	

==============================================================

