#stage		 order
7	 		2


A
0.0000000000000000E+00	0.0000000000000000E+00	0.0000000000000000E+00	0.0000000000000000E+00	0.0000000000000000E+00	0.0000000000000000E+00	0.0000000000000000E+00	
2.9973625152494732E-01	0.0000000000000000E+00	0.0000000000000000E+00	0.0000000000000000E+00	0.0000000000000000E+00	0.0000000000000000E+00	0.0000000000000000E+00	
2.9973625152494732E-01	2.9973625152494732E-01	0.0000000000000000E+00	0.0000000000000000E+00	0.0000000000000000E+00	0.0000000000000000E+00	0.0000000000000000E+00	
2.9972944991133221E-01	2.9972944991133227E-01	2.9972944991133221E-01	0.0000000000000000E+00	0.0000000000000000E+00	0.0000000000000000E+00	0.0000000000000000E+00	
2.9972945095539577E-01	2.9972633478783034E-01	2.9968344074094405E-01	2.9969024131049560E-01	0.0000000000000000E+00	0.0000000000000000E+00	0.0000000000000000E+00	
2.9521962465012186E-01	1.0555869239060288E-01	5.9323247239722890E-02	5.6120354013800007E-02	5.6128969941739444E-02	0.0000000000000000E+00	0.0000000000000000E+00	
2.9521962465012186E-01	1.0555869239060293E-01	5.9323247239722945E-02	5.6120354013800014E-02	5.6128969941739465E-02	2.9973625152494732E-01	0.0000000000000000E+00	

b
2.9213205063327680E-01	
1.4036506785361608E-01	
1.0034724163925890E-01	
9.2379122779877490E-02	
9.2392289423020302E-02	
1.4119211383547525E-01	
1.4119211383547522E-01	

c
0.0000000000000000E+00	
2.9973625152494732E-01	
5.9947250304989463E-01	
8.9918834973399675E-01	
1.1988294677946658E+00	
5.7235088823598701E-01	
8.7208713976093455E-01	

r
3.3362664506290765E+00	

errcoeff
3.8775127334374861E-02	

v_opt
1.0000000000000000E+00	
6.9878547392931978E-12	
1.1102230246251565E-16	
2.2691995314239044E-05	
2.2204460492503131E-16	
1.5064422038935987E-02	
1.0524914273446484E-13	
1.8266482638877646E-02	

alpha_opt
0.0000000000000000E+00	0.0000000000000000E+00	0.0000000000000000E+00	0.0000000000000000E+00	0.0000000000000000E+00	0.0000000000000000E+00	0.0000000000000000E+00	0.0000000000000000E+00	
9.9999999999301215E-01	0.0000000000000000E+00	0.0000000000000000E+00	0.0000000000000000E+00	0.0000000000000000E+00	0.0000000000000000E+00	0.0000000000000000E+00	0.0000000000000000E+00	
6.9877808788091369E-12	9.9999999999301215E-01	0.0000000000000000E+00	0.0000000000000000E+00	0.0000000000000000E+00	0.0000000000000000E+00	0.0000000000000000E+00	0.0000000000000000E+00	
-1.8519994265637914E-16	6.9879660788006246E-12	9.9997730799769802E-01	0.0000000000000000E+00	0.0000000000000000E+00	0.0000000000000000E+00	0.0000000000000000E+00	0.0000000000000000E+00	
1.0396365304199161E-05	1.4310596955724862E-04	6.9866696788602136E-12	9.9984649765815170E-01	0.0000000000000000E+00	0.0000000000000000E+00	0.0000000000000000E+00	0.0000000000000000E+00	
6.3275745845328790E-01	1.5422696629028879E-01	1.0689953892494464E-02	1.3083221898634358E-12	1.8726119932368460E-01	0.0000000000000000E+00	0.0000000000000000E+00	0.0000000000000000E+00	
4.4214509918522775E-12	1.0776998286726127E-12	7.4873636576785448E-14	-3.0623272795407321E-17	1.3086231398496028E-12	9.9999999999301215E-01	0.0000000000000000E+00	0.0000000000000000E+00	
2.0826863221617820E-01	6.0816710865886456E-02	2.1555210309701783E-02	3.3889443217564796E-06	2.2003506254233673E-01	3.2917446486961280E-12	4.7105451247940572E-01	0.0000000000000000E+00	

beta_opt
0.0000000000000000E+00	0.0000000000000000E+00	0.0000000000000000E+00	0.0000000000000000E+00	0.0000000000000000E+00	0.0000000000000000E+00	0.0000000000000000E+00	0.0000000000000000E+00	
2.9973625152494732E-01	0.0000000000000000E+00	0.0000000000000000E+00	0.0000000000000000E+00	0.0000000000000000E+00	0.0000000000000000E+00	0.0000000000000000E+00	0.0000000000000000E+00	
2.0944912471065891E-12	2.9973625152494732E-01	0.0000000000000000E+00	0.0000000000000000E+00	0.0000000000000000E+00	0.0000000000000000E+00	0.0000000000000000E+00	0.0000000000000000E+00	
-5.5511136594846188E-17	2.0945467582578203E-12	2.9972944991133221E-01	0.0000000000000000E+00	0.0000000000000000E+00	0.0000000000000000E+00	0.0000000000000000E+00	0.0000000000000000E+00	
3.1161675657864505E-06	4.2894046886232662E-05	2.0941581801992015E-12	2.9969024131049560E-01	0.0000000000000000E+00	0.0000000000000000E+00	0.0000000000000000E+00	0.0000000000000000E+00	
1.8966034872256643E-01	4.6227412760238604E-02	3.2041667087332006E-03	3.9215158897931701E-13	5.6128969941739444E-02	0.0000000000000000E+00	0.0000000000000000E+00	0.0000000000000000E+00	
1.3252691466083228E-12	3.2302570691766414E-13	2.2442343165723682E-14	-9.1789049971854263E-18	3.9224179460006781E-13	2.9973625152494732E-01	0.0000000000000000E+00	0.0000000000000000E+00	
6.2425659131141356E-02	1.8228972945144722E-02	6.4608779391070589E-03	1.0157894676371404E-06	6.5952484850958226E-02	9.8665520198437662E-13	1.4119211383547522E-01	0.0000000000000000E+00	

==============================================================

