#stage		 order
5	 		2


A
0.0000000000000000E+00	0.0000000000000000E+00	0.0000000000000000E+00	0.0000000000000000E+00	0.0000000000000000E+00	
7.5265899272521541E-01	0.0000000000000000E+00	0.0000000000000000E+00	0.0000000000000000E+00	0.0000000000000000E+00	
3.3199367010053460E-01	3.3199367010053460E-01	0.0000000000000000E+00	0.0000000000000000E+00	0.0000000000000000E+00	
3.1630073964252942E-01	3.1630073964252381E-01	7.1708173238812378E-01	0.0000000000000000E+00	0.0000000000000000E+00	
2.2821425680576993E-01	2.1670743375666657E-01	1.0713218058885639E-01	1.1244743170618240E-01	0.0000000000000000E+00	

b
3.1057000746978103E-01	
2.1509346902185489E-01	
2.1584232125748568E-01	
3.3599344928173909E-02	
2.2489485732270451E-01	

c
0.0000000000000000E+00	
7.5265899272521541E-01	
6.6398734020106920E-01	
1.3496832116731770E+00	
6.6450130285747522E-01	

r
1.3286229350415601E+00	

errcoeff
2.2177451786290589E-02	

v_opt
1.0000000000000000E+00	
5.5260240827692542E-12	
5.5890559561580822E-01	
4.7268764052739498E-02	
6.1017368295530938E-01	
2.4266019940390371E-01	

alpha_opt
0.0000000000000000E+00	0.0000000000000000E+00	0.0000000000000000E+00	0.0000000000000000E+00	0.0000000000000000E+00	0.0000000000000000E+00	
9.9999999999447398E-01	0.0000000000000000E+00	0.0000000000000000E+00	0.0000000000000000E+00	0.0000000000000000E+00	0.0000000000000000E+00	
2.4374757423531945E-12	4.4109440438175429E-01	0.0000000000000000E+00	0.0000000000000000E+00	0.0000000000000000E+00	0.0000000000000000E+00	
7.4490922691088334E-15	2.3221991958526031E-12	9.5273123594493081E-01	0.0000000000000000E+00	0.0000000000000000E+00	0.0000000000000000E+00	
1.5288229013662101E-02	2.2513785127971400E-01	7.8657989022956274E-13	1.4940023675052788E-01	0.0000000000000000E+00	0.0000000000000000E+00	
1.2228418879589101E-01	9.2012829998485660E-02	2.4424231639127944E-01	2.4667742760047363E-13	2.9880046541019339E-01	0.0000000000000000E+00	

beta_opt
0.0000000000000000E+00	0.0000000000000000E+00	0.0000000000000000E+00	0.0000000000000000E+00	0.0000000000000000E+00	0.0000000000000000E+00	
7.5265899272521541E-01	0.0000000000000000E+00	0.0000000000000000E+00	0.0000000000000000E+00	0.0000000000000000E+00	0.0000000000000000E+00	
1.8345880370418399E-12	3.3199367010053460E-01	0.0000000000000000E+00	0.0000000000000000E+00	0.0000000000000000E+00	0.0000000000000000E+00	
5.6066262840156263E-15	1.7478241076673839E-12	7.1708173238812378E-01	0.0000000000000000E+00	0.0000000000000000E+00	0.0000000000000000E+00	
1.1506823050038917E-02	1.6945202836944528E-01	5.9202642788136473E-13	1.1244743170618240E-01	0.0000000000000000E+00	0.0000000000000000E+00	
9.2038294365844001E-02	6.9254283944839401E-02	1.8383117583694961E-01	1.8566398418684571E-13	2.2489485732270451E-01	0.0000000000000000E+00	

==============================================================

