#stage		 order
7	 		2


A
0.0000000000000000E+00	0.0000000000000000E+00	0.0000000000000000E+00	0.0000000000000000E+00	0.0000000000000000E+00	0.0000000000000000E+00	0.0000000000000000E+00	
5.7113798442458152E-01	0.0000000000000000E+00	0.0000000000000000E+00	0.0000000000000000E+00	0.0000000000000000E+00	0.0000000000000000E+00	0.0000000000000000E+00	
9.1396876598210844E-02	9.1396876598210844E-02	0.0000000000000000E+00	0.0000000000000000E+00	0.0000000000000000E+00	0.0000000000000000E+00	0.0000000000000000E+00	
8.9603932469811631E-02	8.9603672371420556E-02	5.5993227274306556E-01	0.0000000000000000E+00	0.0000000000000000E+00	0.0000000000000000E+00	0.0000000000000000E+00	
2.1230091060195155E-01	2.1084988943492278E-01	2.5571829290190468E-01	2.6083588587062262E-01	0.0000000000000000E+00	0.0000000000000000E+00	0.0000000000000000E+00	
2.3209036932230218E-01	2.1627973987942986E-01	3.2456102587889762E-01	9.8515340232030943E-02	2.1571361880371206E-01	0.0000000000000000E+00	0.0000000000000000E+00	
2.0827700500049606E-01	1.8498239336236516E-01	2.6460985297809714E-01	1.7952020678647004E-01	8.3843564149093275E-02	2.2198989799832791E-01	0.0000000000000000E+00	

b
1.8219642779873099E-01	
1.7559175891532963E-01	
2.9828974007333675E-01	
7.1417538251578830E-02	
7.9102795460631620E-02	
5.4131538401140870E-02	
1.3927020109925140E-01	

c
0.0000000000000000E+00	
5.7113798442458152E-01	
1.8279375319642169E-01	
7.3913987758429778E-01	
9.3970497880940163E-01	
1.0871600941163726E+00	
1.1432229202748496E+00	

r
1.7508903754799197E+00	

errcoeff
4.4450875621307569E-02	

v_opt
1.0000000000000000E+00	
6.5358829459682966E-13	
8.3997408841526677E-01	
1.9619517330337732E-02	
2.4323869792715758E-01	
2.1049274246586980E-02	
1.9611151247768377E-01	
1.5634040911634350E-01	

alpha_opt
0.0000000000000000E+00	0.0000000000000000E+00	0.0000000000000000E+00	0.0000000000000000E+00	0.0000000000000000E+00	0.0000000000000000E+00	0.0000000000000000E+00	0.0000000000000000E+00	
9.9999999999934641E-01	0.0000000000000000E+00	0.0000000000000000E+00	0.0000000000000000E+00	0.0000000000000000E+00	0.0000000000000000E+00	0.0000000000000000E+00	0.0000000000000000E+00	
1.0458067989467036E-13	1.6002591158462867E-01	0.0000000000000000E+00	0.0000000000000000E+00	0.0000000000000000E+00	0.0000000000000000E+00	0.0000000000000000E+00	0.0000000000000000E+00	
4.5540376961071825E-07	1.0253960714579668E-13	9.8038002726579010E-01	0.0000000000000000E+00	0.0000000000000000E+00	0.0000000000000000E+00	0.0000000000000000E+00	0.0000000000000000E+00	
2.5403710155173826E-03	2.9752588890667897E-01	2.9265095461231640E-13	4.5669504215035339E-01	0.0000000000000000E+00	0.0000000000000000E+00	0.0000000000000000E+00	0.0000000000000000E+00	
2.6723125356875207E-02	1.7537124547109639E-01	3.9916545590221181E-01	1.1274497089016507E-13	3.7769089902311681E-01	0.0000000000000000E+00	0.0000000000000000E+00	0.0000000000000000E+00	
3.0026495731921125E-02	1.3790307548537706E-01	1.9766043155186361E-06	2.4727696384181910E-01	9.5954717682168503E-14	3.8867997585878739E-01	0.0000000000000000E+00	0.0000000000000000E+00	
1.3575107007988087E-03	1.3240869896217766E-01	3.6184897892300871E-01	1.4941595311079266E-03	1.0270338807082860E-01	6.1936838534273870E-14	2.4384685469567280E-01	0.0000000000000000E+00	

beta_opt
0.0000000000000000E+00	0.0000000000000000E+00	0.0000000000000000E+00	0.0000000000000000E+00	0.0000000000000000E+00	0.0000000000000000E+00	0.0000000000000000E+00	0.0000000000000000E+00	
5.7113798442458152E-01	0.0000000000000000E+00	0.0000000000000000E+00	0.0000000000000000E+00	0.0000000000000000E+00	0.0000000000000000E+00	0.0000000000000000E+00	0.0000000000000000E+00	
5.9729998724833422E-14	9.1396876598210844E-02	0.0000000000000000E+00	0.0000000000000000E+00	0.0000000000000000E+00	0.0000000000000000E+00	0.0000000000000000E+00	0.0000000000000000E+00	
2.6009839107499211E-07	5.8564264548977008E-14	5.5993227274306556E-01	0.0000000000000000E+00	0.0000000000000000E+00	0.0000000000000000E+00	0.0000000000000000E+00	0.0000000000000000E+00	
1.4509023814941735E-03	1.6992833650440364E-01	1.6714407635731732E-13	2.6083588587062262E-01	0.0000000000000000E+00	0.0000000000000000E+00	0.0000000000000000E+00	0.0000000000000000E+00	
1.5262591953861107E-02	1.0016117966445598E-01	2.2797855393605743E-01	6.4392935428259079E-14	2.1571361880371206E-01	0.0000000000000000E+00	0.0000000000000000E+00	0.0000000000000000E+00	
1.7149272251673939E-02	7.8761684578720653E-02	1.1289138047709812E-06	1.4122926672333899E-01	5.4803384053059290E-14	2.2198989799832791E-01	0.0000000000000000E+00	0.0000000000000000E+00	
7.7532592548953949E-04	7.5623637445588754E-02	2.0666569648831515E-01	8.5337126300631672E-04	5.8657806056386992E-02	3.5374481122119050E-14	1.3927020109925140E-01	0.0000000000000000E+00	

==============================================================

