#stage		 order
6	 		2


A
0.0000000000000000E+00	0.0000000000000000E+00	0.0000000000000000E+00	0.0000000000000000E+00	0.0000000000000000E+00	0.0000000000000000E+00	
6.2162718935656769E-01	0.0000000000000000E+00	0.0000000000000000E+00	0.0000000000000000E+00	0.0000000000000000E+00	0.0000000000000000E+00	
1.0497582744237306E-01	1.0497582744237306E-01	0.0000000000000000E+00	0.0000000000000000E+00	0.0000000000000000E+00	0.0000000000000000E+00	
1.2946238076603692E-01	4.4921548086672460E-02	2.6600843602774504E-01	0.0000000000000000E+00	0.0000000000000000E+00	0.0000000000000000E+00	
9.6467110405057718E-02	7.4475813305943592E-02	6.9195799972109007E-02	1.6170160350649546E-01	0.0000000000000000E+00	0.0000000000000000E+00	
8.2313557176655505E-02	6.4399496461411090E-02	5.6368724141638550E-02	1.3172175929015240E-01	5.0637609788050519E-01	0.0000000000000000E+00	

b
1.5928579606003396E-01	
5.4406359785372310E-02	
4.8338418062776209E-02	
9.4259924168585515E-02	
2.8896999631170656E-01	
3.5473950561152551E-01	

c
0.0000000000000000E+00	
6.2162718935656769E-01	
2.0995165488474613E-01	
4.4039236488045447E-01	
4.0184032718960577E-01	
8.4117963495036296E-01	

r
1.6086812435522286E+00	

errcoeff
6.9300820117096720E-03	

v_opt
1.0000000000000000E+00	
4.0045411431322009E-11	
8.3112735536707905E-01	
4.3607796650961128E-01	
6.3886370655182989E-01	
1.7939655431485213E-01	
2.1364871108266781E-01	

alpha_opt
0.0000000000000000E+00	0.0000000000000000E+00	0.0000000000000000E+00	0.0000000000000000E+00	0.0000000000000000E+00	0.0000000000000000E+00	0.0000000000000000E+00	
9.9999999995995459E-01	0.0000000000000000E+00	0.0000000000000000E+00	0.0000000000000000E+00	0.0000000000000000E+00	0.0000000000000000E+00	0.0000000000000000E+00	
6.7625806003994842E-12	1.6887264462615831E-01	0.0000000000000000E+00	0.0000000000000000E+00	0.0000000000000000E+00	0.0000000000000000E+00	0.0000000000000000E+00	
1.3599925184013478E-01	2.8938587893557386E-12	4.2792278164736003E-01	0.0000000000000000E+00	0.0000000000000000E+00	0.0000000000000000E+00	0.0000000000000000E+00	
5.4616395496557825E-12	1.0100995683544915E-01	4.4575978353773470E-12	2.6012633660280166E-01	0.0000000000000000E+00	0.0000000000000000E+00	0.0000000000000000E+00	
2.4037329376838795E-13	6.0025256542089490E-03	3.1892112976829488E-06	8.4855745841363326E-12	8.1459773081091524E-01	0.0000000000000000E+00	0.0000000000000000E+00	
1.4809544801445593E-01	2.4009798328584530E-02	1.2871569826474770E-02	3.0711683727802148E-02	1.8615604023828086E-11	5.7066278900139922E-01	0.0000000000000000E+00	

beta_opt
0.0000000000000000E+00	0.0000000000000000E+00	0.0000000000000000E+00	0.0000000000000000E+00	0.0000000000000000E+00	0.0000000000000000E+00	0.0000000000000000E+00	
6.2162718935656769E-01	0.0000000000000000E+00	0.0000000000000000E+00	0.0000000000000000E+00	0.0000000000000000E+00	0.0000000000000000E+00	0.0000000000000000E+00	
4.2038039715919240E-12	1.0497582744237306E-01	0.0000000000000000E+00	0.0000000000000000E+00	0.0000000000000000E+00	0.0000000000000000E+00	0.0000000000000000E+00	
8.4540832679364464E-02	1.7989013056940450E-12	2.6600843602774504E-01	0.0000000000000000E+00	0.0000000000000000E+00	0.0000000000000000E+00	0.0000000000000000E+00	
3.3951036426671521E-12	6.2790535567162950E-02	2.7709640137985048E-12	1.6170160350649546E-01	0.0000000000000000E+00	0.0000000000000000E+00	0.0000000000000000E+00	
1.4942257500760725E-13	3.7313331516160243E-03	1.9825004553222534E-06	5.2748638790234281E-12	5.0637609788050519E-01	0.0000000000000000E+00	0.0000000000000000E+00	
9.2060157109414495E-02	1.4925143452613700E-02	8.0013177741587310E-03	1.9091217636885999E-02	1.1571965607970469E-11	3.5473950561152551E-01	0.0000000000000000E+00	

==============================================================

