#stage		 order
3	 		2


A
0.0000000000000000E+00	0.0000000000000000E+00	0.0000000000000000E+00	
1.0429909504862984E+00	0.0000000000000000E+00	0.0000000000000000E+00	
4.3999585056903417E-01	4.3999585056903417E-01	0.0000000000000000E+00	

b
4.6141170073527649E-01	
1.5979684827462570E-01	
3.7879145099009776E-01	

c
0.0000000000000000E+00	
1.0429909504862984E+00	
8.7999170113806835E-01	

r
9.5878108964775410E-01	

errcoeff
6.7297055949779389E-02	

v_opt
1.0000000000000000E+00	
5.6393112402020051E-11	
5.7814029895093100E-01	
3.4763930300243939E-01	

alpha_opt
0.0000000000000000E+00	0.0000000000000000E+00	0.0000000000000000E+00	0.0000000000000000E+00	
9.9999999994360689E-01	0.0000000000000000E+00	0.0000000000000000E+00	0.0000000000000000E+00	
2.3790007902214231E-11	4.2185970102527898E-01	0.0000000000000000E+00	0.0000000000000000E+00	
2.8918261687986146E-01	8.6400157561939152E-12	3.6317808010905905E-01	0.0000000000000000E+00	

beta_opt
0.0000000000000000E+00	0.0000000000000000E+00	0.0000000000000000E+00	0.0000000000000000E+00	
1.0429909504862984E+00	0.0000000000000000E+00	0.0000000000000000E+00	0.0000000000000000E+00	
2.4812762955406242E-11	4.3999585056903417E-01	0.0000000000000000E+00	0.0000000000000000E+00	
3.0161485246065078E-01	9.0114582462774706E-12	3.7879145099009776E-01	0.0000000000000000E+00	

==============================================================

