#stage		 order
6	 		3


A
0.0000000000000000E+00	0.0000000000000000E+00	0.0000000000000000E+00	0.0000000000000000E+00	0.0000000000000000E+00	0.0000000000000000E+00	
6.1592579554708371E-01	0.0000000000000000E+00	0.0000000000000000E+00	0.0000000000000000E+00	0.0000000000000000E+00	0.0000000000000000E+00	
2.2564077084543230E-01	2.2564077084543230E-01	0.0000000000000000E+00	0.0000000000000000E+00	0.0000000000000000E+00	0.0000000000000000E+00	
2.2562167358924526E-01	2.2561521192223857E-01	6.1585602801330674E-01	0.0000000000000000E+00	0.0000000000000000E+00	0.0000000000000000E+00	
1.5944534595509482E-01	8.5457830281757158E-02	7.9462438429383317E-02	7.9471440368318644E-02	0.0000000000000000E+00	0.0000000000000000E+00	
1.6044367605957166E-01	1.1585837870065638E-01	2.4530882196870843E-01	2.9201233112172327E-02	2.2631768912471650E-01	0.0000000000000000E+00	

b
1.9106883272819153E-01	
9.5703485526549170E-02	
2.1454836570077765E-01	
1.7204524911576313E-02	
1.2937620068793518E-01	
3.5209859044497016E-01	

c
0.0000000000000000E+00	
6.1592579554708371E-01	
4.5128154169086460E-01	
1.0670929135247906E+00	
4.0383705503455397E-01	
7.7712979896582524E-01	

r
1.6235722017646137E+00	

errcoeff
1.4421201939891045E-02	

v_opt
1.0000000000000000E+00	
4.1495251679180001E-11	
6.3365591687061684E-01	
1.0278167178812136E-04	
6.5936585226013167E-01	
2.4485348197536771E-01	
1.9058552068344903E-01	

alpha_opt
0.0000000000000000E+00	0.0000000000000000E+00	0.0000000000000000E+00	0.0000000000000000E+00	0.0000000000000000E+00	0.0000000000000000E+00	0.0000000000000000E+00	
9.9999999995850475E-01	0.0000000000000000E+00	0.0000000000000000E+00	0.0000000000000000E+00	0.0000000000000000E+00	0.0000000000000000E+00	0.0000000000000000E+00	
1.5201523356104934E-11	3.6634408311418165E-01	0.0000000000000000E+00	0.0000000000000000E+00	0.0000000000000000E+00	0.0000000000000000E+00	0.0000000000000000E+00	
1.0490982928678435E-05	1.5199810955226491E-11	9.9988672733008344E-01	0.0000000000000000E+00	0.0000000000000000E+00	0.0000000000000000E+00	0.0000000000000000E+00	
1.2012272009709273E-01	9.1483806226579964E-02	5.3534157778209214E-12	1.2902762141084226E-01	0.0000000000000000E+00	0.0000000000000000E+00	0.0000000000000000E+00	
2.8248686305515372E-02	8.5830787681461795E-03	3.5087164413375521E-01	1.9673063947323296E-12	3.6744310881524822E-01	0.0000000000000000E+00	0.0000000000000000E+00	
1.1345169083631512E-01	3.6482381743606074E-03	1.1982673691358864E-01	8.3032968033445998E-04	8.7161204712715921E-12	5.7165748370323610E-01	0.0000000000000000E+00	

beta_opt
0.0000000000000000E+00	0.0000000000000000E+00	0.0000000000000000E+00	0.0000000000000000E+00	0.0000000000000000E+00	0.0000000000000000E+00	0.0000000000000000E+00	
6.1592579554708371E-01	0.0000000000000000E+00	0.0000000000000000E+00	0.0000000000000000E+00	0.0000000000000000E+00	0.0000000000000000E+00	0.0000000000000000E+00	
9.3630103670250264E-12	2.2564077084543230E-01	0.0000000000000000E+00	0.0000000000000000E+00	0.0000000000000000E+00	0.0000000000000000E+00	0.0000000000000000E+00	
6.4616670066852677E-06	9.3619556551516325E-12	6.1585602801330674E-01	0.0000000000000000E+00	0.0000000000000000E+00	0.0000000000000000E+00	0.0000000000000000E+00	
7.3986681942151591E-02	5.6347236132119657E-02	3.2973068719854837E-12	7.9471440368318644E-02	0.0000000000000000E+00	0.0000000000000000E+00	0.0000000000000000E+00	
1.7399094586606545E-02	5.2865396187330854E-03	2.1611089655696400E-01	1.2117147563106556E-12	2.2631768912471650E-01	0.0000000000000000E+00	0.0000000000000000E+00	
6.9877822937418774E-02	2.2470439999815392E-03	7.3804378264375720E-02	5.1142146894757952E-04	5.3684834355749445E-12	3.5209859044497016E-01	0.0000000000000000E+00	

==============================================================

