#stage		 order
13	 		3


A
0.0000000000000000E+00	0.0000000000000000E+00	0.0000000000000000E+00	0.0000000000000000E+00	0.0000000000000000E+00	0.0000000000000000E+00	0.0000000000000000E+00	0.0000000000000000E+00	0.0000000000000000E+00	0.0000000000000000E+00	0.0000000000000000E+00	0.0000000000000000E+00	0.0000000000000000E+00	
3.1192561682398517E-01	0.0000000000000000E+00	0.0000000000000000E+00	0.0000000000000000E+00	0.0000000000000000E+00	0.0000000000000000E+00	0.0000000000000000E+00	0.0000000000000000E+00	0.0000000000000000E+00	0.0000000000000000E+00	0.0000000000000000E+00	0.0000000000000000E+00	0.0000000000000000E+00	
2.0375245384137311E-01	2.0375245384137311E-01	0.0000000000000000E+00	0.0000000000000000E+00	0.0000000000000000E+00	0.0000000000000000E+00	0.0000000000000000E+00	0.0000000000000000E+00	0.0000000000000000E+00	0.0000000000000000E+00	0.0000000000000000E+00	0.0000000000000000E+00	0.0000000000000000E+00	
2.0323653301692249E-01	2.0293111539730904E-01	3.1066822582841264E-01	0.0000000000000000E+00	0.0000000000000000E+00	0.0000000000000000E+00	0.0000000000000000E+00	0.0000000000000000E+00	0.0000000000000000E+00	0.0000000000000000E+00	0.0000000000000000E+00	0.0000000000000000E+00	0.0000000000000000E+00	
1.3167317938956422E-01	9.9723881822074756E-02	1.5266777289293448E-01	1.5328567671118887E-01	0.0000000000000000E+00	0.0000000000000000E+00	0.0000000000000000E+00	0.0000000000000000E+00	0.0000000000000000E+00	0.0000000000000000E+00	0.0000000000000000E+00	0.0000000000000000E+00	0.0000000000000000E+00	
2.7973097676124953E-01	3.6589937346875510E-02	3.0842680166335706E-02	2.5767175186085435E-02	5.2434396912863696E-02	0.0000000000000000E+00	0.0000000000000000E+00	0.0000000000000000E+00	0.0000000000000000E+00	0.0000000000000000E+00	0.0000000000000000E+00	0.0000000000000000E+00	0.0000000000000000E+00	
2.1045930465780330E-01	1.7490506120599400E-01	5.5747324501859374E-02	5.5213597663512151E-02	7.6565110292005347E-03	4.5547618855459965E-02	0.0000000000000000E+00	0.0000000000000000E+00	0.0000000000000000E+00	0.0000000000000000E+00	0.0000000000000000E+00	0.0000000000000000E+00	0.0000000000000000E+00	
1.7565963421262515E-01	1.4606822266328867E-01	4.7695061555206156E-02	4.6541169811974495E-02	8.0157040705748500E-03	3.7688266473378196E-02	2.5810209319704064E-01	0.0000000000000000E+00	0.0000000000000000E+00	0.0000000000000000E+00	0.0000000000000000E+00	0.0000000000000000E+00	0.0000000000000000E+00	
1.6122456471517088E-01	1.0366883087733990E-01	3.6734344002920576E-02	3.5162716153197549E-02	1.3537473251650511E-02	7.3650209059945501E-02	1.7272696112440611E-01	2.0874671423036964E-01	0.0000000000000000E+00	0.0000000000000000E+00	0.0000000000000000E+00	0.0000000000000000E+00	0.0000000000000000E+00	
1.1526376054076390E-01	7.8353393288610754E-02	3.0926041477896564E-02	2.6105887220283522E-02	1.7756901511866235E-02	4.4917647661587110E-02	1.0516593167747297E-01	1.2709631348560219E-01	1.8991722157743704E-01	0.0000000000000000E+00	0.0000000000000000E+00	0.0000000000000000E+00	0.0000000000000000E+00	
1.1536881381172515E-01	7.8478419762509202E-02	3.0914232328549021E-02	2.6096714555678555E-02	1.7747272555839064E-02	4.4893339984744353E-02	1.0510881787323106E-01	1.2702728966911997E-01	1.8981408080891696E-01	3.1175621539965354E-01	0.0000000000000000E+00	0.0000000000000000E+00	0.0000000000000000E+00	
1.1736804421687488E-01	7.8565421088601303E-02	3.1608374597228928E-02	2.6813154404905587E-02	1.9765850699194763E-02	4.4213128322025626E-02	1.0327570710448382E-01	1.2480836780273283E-01	1.8649027461531131E-01	3.0628354527475987E-01	3.0644997297132520E-01	0.0000000000000000E+00	0.0000000000000000E+00	
1.1747586096562065E-01	7.8691138152058623E-02	3.1654761416942179E-02	2.6795064053010350E-02	1.9752510897808700E-02	4.4183303757696503E-02	1.0320604130866204E-01	1.2472417690944428E-01	1.8636447550008009E-01	3.0607676706064008E-01	3.0624308239850245E-01	3.1171502953328617E-01	0.0000000000000000E+00	

b
1.7074413785691014E-01	
1.2237202572552798E-01	
5.5309185370978953E-02	
4.2152312741113585E-02	
2.2887537851698905E-02	
5.8215753322281419E-02	
1.8587608518992943E-01	
1.4364388342770054E-01	
1.1604251284256896E-01	
4.8469550231504774E-02	
3.1081316454720134E-02	
1.6023082517812571E-03	
1.6033907332840334E-03	

c
0.0000000000000000E+00	
3.1192561682398517E-01	
4.0750490768274622E-01	
7.1683587424264428E-01	
5.3735051081576224E-01	
4.2536516637340988E-01	
5.4952941791382925E-01	
7.1977015198408811E-01	
8.0545181341500072E-01	
7.3550309844152029E-01	
1.0472051967499669E+00	
1.3456418410974442E+00	
1.6568822119537518E+00	

r
3.2058925143178754E+00	

errcoeff
5.5542117785687475E-03	

v_opt
1.0000000000000000E+00	
2.6253221818706152E-11	
3.4679153345604352E-01	
3.0519243289103271E-03	
4.0663774707336120E-01	
3.1486744034903147E-04	
2.5274402673573682E-01	
1.6375244353123242E-01	
1.7468282771963395E-01	
3.1435332234650437E-01	
8.6715079561372477E-12	
2.0796655588894986E-04	
3.2973623831367149E-14	
2.0960670942127835E-02	

alpha_opt
0.0000000000000000E+00	0.0000000000000000E+00	0.0000000000000000E+00	0.0000000000000000E+00	0.0000000000000000E+00	0.0000000000000000E+00	0.0000000000000000E+00	0.0000000000000000E+00	0.0000000000000000E+00	0.0000000000000000E+00	0.0000000000000000E+00	0.0000000000000000E+00	0.0000000000000000E+00	0.0000000000000000E+00	
9.9999999997374678E-01	0.0000000000000000E+00	0.0000000000000000E+00	0.0000000000000000E+00	0.0000000000000000E+00	0.0000000000000000E+00	0.0000000000000000E+00	0.0000000000000000E+00	0.0000000000000000E+00	0.0000000000000000E+00	0.0000000000000000E+00	0.0000000000000000E+00	0.0000000000000000E+00	0.0000000000000000E+00	
1.7148849809999688E-11	6.5320846652680764E-01	0.0000000000000000E+00	0.0000000000000000E+00	0.0000000000000000E+00	0.0000000000000000E+00	0.0000000000000000E+00	0.0000000000000000E+00	0.0000000000000000E+00	0.0000000000000000E+00	0.0000000000000000E+00	0.0000000000000000E+00	0.0000000000000000E+00	0.0000000000000000E+00	
9.7913606043382594E-04	1.7079889231126533E-11	9.9596893959357591E-01	0.0000000000000000E+00	0.0000000000000000E+00	0.0000000000000000E+00	0.0000000000000000E+00	0.0000000000000000E+00	0.0000000000000000E+00	0.0000000000000000E+00	0.0000000000000000E+00	0.0000000000000000E+00	0.0000000000000000E+00	0.0000000000000000E+00	
1.0194484940614061E-01	-3.6962900274913855E-17	1.2849268943998646E-11	4.9141740350764895E-01	0.0000000000000000E+00	0.0000000000000000E+00	0.0000000000000000E+00	0.0000000000000000E+00	0.0000000000000000E+00	0.0000000000000000E+00	0.0000000000000000E+00	0.0000000000000000E+00	0.0000000000000000E+00	0.0000000000000000E+00	
7.6226632349772583E-01	5.2715252111702818E-02	1.6604516396744737E-02	2.1686989788205797E-12	1.6809904055130889E-01	0.0000000000000000E+00	0.0000000000000000E+00	0.0000000000000000E+00	0.0000000000000000E+00	0.0000000000000000E+00	0.0000000000000000E+00	0.0000000000000000E+00	0.0000000000000000E+00	0.0000000000000000E+00	
7.1811373904852083E-07	4.3628793308241209E-01	5.0277823335535269E-12	1.6494655173255054E-01	6.4441158355309891E-13	1.4602077032988930E-01	0.0000000000000000E+00	0.0000000000000000E+00	0.0000000000000000E+00	0.0000000000000000E+00	0.0000000000000000E+00	0.0000000000000000E+00	0.0000000000000000E+00	0.0000000000000000E+00	
4.1244439361783802E-14	1.0253387085863987E-03	2.2944783354926549E-03	9.3173054316881732E-05	5.3869978787143558E-03	3.1720309107289250E-12	8.2744756848844403E-01	0.0000000000000000E+00	0.0000000000000000E+00	0.0000000000000000E+00	0.0000000000000000E+00	0.0000000000000000E+00	0.0000000000000000E+00	0.0000000000000000E+00	
9.9260840904891207E-08	7.0026977041229776E-04	3.6803531233886965E-05	2.9615748854365931E-15	1.0395319801162804E-04	1.5525651798330103E-01	1.4537690858989743E-11	6.6921952852202560E-01	0.0000000000000000E+00	0.0000000000000000E+00	0.0000000000000000E+00	0.0000000000000000E+00	0.0000000000000000E+00	0.0000000000000000E+00	
2.6778078711064456E-03	3.0899863609940577E-02	1.2441887669593229E-02	6.8083677893568948E-05	3.0461999430769507E-02	2.4156649514125002E-04	1.2699091837432192E-06	1.0697076013411575E-11	6.0885419897917026E-01	0.0000000000000000E+00	0.0000000000000000E+00	0.0000000000000000E+00	0.0000000000000000E+00	0.0000000000000000E+00	
8.4011903000167622E-14	5.2678340795868069E-04	3.2688381847582593E-13	1.6022607292095667E-05	1.3941901551602903E-12	2.7674271542182254E-07	9.0738629226729411E-17	2.8994511470690370E-17	1.5975719136627218E-11	9.9945691721558139E-01	0.0000000000000000E+00	0.0000000000000000E+00	0.0000000000000000E+00	0.0000000000000000E+00	
7.1776816974472597E-03	2.0703503281203754E-03	2.0898880001895848E-04	8.8187039911075409E-05	7.4117939290096529E-03	3.3606309754747861E-04	9.4178994750343328E-06	1.7421292646397839E-05	2.6454998262102515E-05	2.5778443178098054E-11	9.8244567433589425E-01	0.0000000000000000E+00	0.0000000000000000E+00	0.0000000000000000E+00	
2.6534809101641762E-05	4.3116743364146349E-04	2.1708379451093317E-04	2.2952415654007799E-15	4.8402894511703421E-13	8.8130796202505676E-15	2.8927202695409548E-16	4.8391341415848991E-16	3.3418153986225700E-07	-6.0970925213172257E-17	2.5775239847982659E-11	9.9932487975490203E-01	0.0000000000000000E+00	0.0000000000000000E+00	
4.7453104332803959E-03	1.0663358037313877E-03	3.6619475649918833E-02	7.3105885552250812E-04	3.4711153278404676E-02	4.1822060430402173E-02	2.1485323057486166E-01	2.1154383038501293E-01	2.7741094692668361E-01	5.5798923093871626E-02	9.4596705276820417E-02	1.3485964172456059E-13	5.1402983492269821E-03	0.0000000000000000E+00	

beta_opt
0.0000000000000000E+00	0.0000000000000000E+00	0.0000000000000000E+00	0.0000000000000000E+00	0.0000000000000000E+00	0.0000000000000000E+00	0.0000000000000000E+00	0.0000000000000000E+00	0.0000000000000000E+00	0.0000000000000000E+00	0.0000000000000000E+00	0.0000000000000000E+00	0.0000000000000000E+00	0.0000000000000000E+00	
3.1192561682398517E-01	0.0000000000000000E+00	0.0000000000000000E+00	0.0000000000000000E+00	0.0000000000000000E+00	0.0000000000000000E+00	0.0000000000000000E+00	0.0000000000000000E+00	0.0000000000000000E+00	0.0000000000000000E+00	0.0000000000000000E+00	0.0000000000000000E+00	0.0000000000000000E+00	0.0000000000000000E+00	
5.3491655549464667E-12	2.0375245384137311E-01	0.0000000000000000E+00	0.0000000000000000E+00	0.0000000000000000E+00	0.0000000000000000E+00	0.0000000000000000E+00	0.0000000000000000E+00	0.0000000000000000E+00	0.0000000000000000E+00	0.0000000000000000E+00	0.0000000000000000E+00	0.0000000000000000E+00	0.0000000000000000E+00	
3.0541761961344616E-04	5.3276549838443543E-12	3.1066822582841264E-01	0.0000000000000000E+00	0.0000000000000000E+00	0.0000000000000000E+00	0.0000000000000000E+00	0.0000000000000000E+00	0.0000000000000000E+00	0.0000000000000000E+00	0.0000000000000000E+00	0.0000000000000000E+00	0.0000000000000000E+00	0.0000000000000000E+00	
3.1799210033873523E-02	-1.1529675468158646E-17	4.0080161411992776E-12	1.5328567671118887E-01	0.0000000000000000E+00	0.0000000000000000E+00	0.0000000000000000E+00	0.0000000000000000E+00	0.0000000000000000E+00	0.0000000000000000E+00	0.0000000000000000E+00	0.0000000000000000E+00	0.0000000000000000E+00	0.0000000000000000E+00	
2.3777039314742179E-01	1.6443237531406477E-02	5.1793740192545533E-03	6.7647276669191569E-13	5.2434396912863696E-02	0.0000000000000000E+00	0.0000000000000000E+00	0.0000000000000000E+00	0.0000000000000000E+00	0.0000000000000000E+00	0.0000000000000000E+00	0.0000000000000000E+00	0.0000000000000000E+00	0.0000000000000000E+00	
2.2399807100836888E-07	1.3608938264316575E-01	1.5682941056915922E-12	5.1451054893515966E-02	2.0100848069359856E-13	4.5547618855459965E-02	0.0000000000000000E+00	0.0000000000000000E+00	0.0000000000000000E+00	0.0000000000000000E+00	0.0000000000000000E+00	0.0000000000000000E+00	0.0000000000000000E+00	0.0000000000000000E+00	
1.2865197188821620E-14	3.1982940913771740E-04	7.1570657010660676E-04	2.9063062439931009E-05	1.6803426361915895E-03	9.8943769843984342E-13	2.5810209319704064E-01	0.0000000000000000E+00	0.0000000000000000E+00	0.0000000000000000E+00	0.0000000000000000E+00	0.0000000000000000E+00	0.0000000000000000E+00	0.0000000000000000E+00	
3.0961999026538501E-08	2.1843208008478102E-04	1.1479964181732383E-05	9.2379107293448504E-16	3.2425665411454224E-05	4.8428485139156728E-02	4.5346781885058363E-12	2.0874671423036964E-01	0.0000000000000000E+00	0.0000000000000000E+00	0.0000000000000000E+00	0.0000000000000000E+00	0.0000000000000000E+00	0.0000000000000000E+00	
8.3527687195292938E-04	9.6384590165607686E-03	3.8809434858944904E-03	2.1237043223154561E-05	9.5018779623841192E-03	7.5350778002920837E-05	3.9611720545994652E-07	3.3366920337840611E-12	1.8991722157743704E-01	0.0000000000000000E+00	0.0000000000000000E+00	0.0000000000000000E+00	0.0000000000000000E+00	0.0000000000000000E+00	
2.6205464664572076E-14	1.6431723946446636E-04	1.0196343671052847E-13	4.9978616628466341E-06	4.3488362412971828E-13	8.6323142211762853E-08	2.8303702892053526E-17	9.0441308752426445E-18	4.9832360460300151E-12	3.1175621539965354E-01	0.0000000000000000E+00	0.0000000000000000E+00	0.0000000000000000E+00	0.0000000000000000E+00	
2.2389027909012439E-03	6.4579530315764244E-04	6.5188960356929532E-05	2.7507796820865765E-05	2.3119283931393002E-03	1.0482668899702841E-04	2.9376841030134944E-06	5.4341474547414670E-06	8.2519916512004243E-06	8.0409567893013900E-12	3.0644997297132520E-01	0.0000000000000000E+00	0.0000000000000000E+00	0.0000000000000000E+00	
8.2768866965535974E-06	1.3449216769655906E-04	6.7713996507091790E-05	7.1594464106648345E-16	1.5098102727025751E-13	2.7490252967377222E-15	9.0231355439949567E-17	1.5094499020475036E-16	1.0423978295546034E-07	-1.9018393455947123E-17	8.0399575885792274E-12	3.1171502953328617E-01	0.0000000000000000E+00	0.0000000000000000E+00	
1.4801838839611395E-03	3.3261745332914538E-04	1.1422552530171716E-02	2.2803598444948170E-04	1.0827297897322525E-02	1.3045371996945665E-02	6.7018226475449083E-02	6.5985939779885996E-02	8.6531580736103328E-02	1.7405113504626958E-02	2.9507135643763602E-02	4.2066176930699584E-14	1.6033907332840334E-03	0.0000000000000000E+00	

==============================================================

