#stage		 order
4	 		2


A
0.0000000000000000E+00	0.0000000000000000E+00	0.0000000000000000E+00	0.0000000000000000E+00	
7.4853729310504324E-01	0.0000000000000000E+00	0.0000000000000000E+00	0.0000000000000000E+00	
2.9194424291121684E-01	2.9194424291121684E-01	0.0000000000000000E+00	0.0000000000000000E+00	
2.7803681737127139E-01	2.7803681737127084E-01	7.1287902300551254E-01	0.0000000000000000E+00	

b
4.2101107840990826E-01	
2.2135981728351303E-01	
1.7445151232123221E-01	
1.8317759198534653E-01	

c
0.0000000000000000E+00	
7.4853729310504324E-01	
5.8388848582243369E-01	
1.2689526577480548E+00	

r
1.3359387824911868E+00	

errcoeff
7.3937087999538742E-02	

v_opt
1.0000000000000000E+00	
3.1297520131090550E-11	
6.0998036356987773E-01	
4.7637265960689512E-02	
2.8373755066431605E-01	

alpha_opt
0.0000000000000000E+00	0.0000000000000000E+00	0.0000000000000000E+00	0.0000000000000000E+00	0.0000000000000000E+00	
9.9999999996870248E-01	0.0000000000000000E+00	0.0000000000000000E+00	0.0000000000000000E+00	0.0000000000000000E+00	
1.2206653665145903E-11	3.9001963641791565E-01	0.0000000000000000E+00	0.0000000000000000E+00	0.0000000000000000E+00	
7.4159536172437806E-16	1.1625243186806025E-11	9.5236273402768445E-01	0.0000000000000000E+00	0.0000000000000000E+00	
2.6672186271008913E-01	2.0482653740938839E-01	7.2941430004227704E-12	2.4471404920891227E-01	0.0000000000000000E+00	

beta_opt
0.0000000000000000E+00	0.0000000000000000E+00	0.0000000000000000E+00	0.0000000000000000E+00	0.0000000000000000E+00	
7.4853729310504324E-01	0.0000000000000000E+00	0.0000000000000000E+00	0.0000000000000000E+00	0.0000000000000000E+00	
9.1371354926650383E-12	2.9194424291121684E-01	0.0000000000000000E+00	0.0000000000000000E+00	0.0000000000000000E+00	
5.5511178466179495E-16	8.7019280670119770E-12	7.1287902300551254E-01	0.0000000000000000E+00	0.0000000000000000E+00	
1.9965126113119369E-01	1.5332030187330101E-01	5.4599380572284417E-12	1.8317759198534653E-01	0.0000000000000000E+00	

==============================================================

