#stage		 order
6	 		2


A
0.0000000000000000E+00	0.0000000000000000E+00	0.0000000000000000E+00	0.0000000000000000E+00	0.0000000000000000E+00	0.0000000000000000E+00	
6.1379500164251932E-01	0.0000000000000000E+00	0.0000000000000000E+00	0.0000000000000000E+00	0.0000000000000000E+00	0.0000000000000000E+00	
6.1376810390289871E-01	6.1376810390289871E-01	0.0000000000000000E+00	0.0000000000000000E+00	0.0000000000000000E+00	0.0000000000000000E+00	
5.8095308440962146E-01	4.5046654956203941E-02	4.5048629078332611E-02	0.0000000000000000E+00	0.0000000000000000E+00	0.0000000000000000E+00	
5.7310059567565463E-01	4.4429250230787691E-02	4.4431197295805643E-02	6.0538239176461817E-01	0.0000000000000000E+00	0.0000000000000000E+00	
4.7876004034365499E-01	6.2211740433485228E-02	9.0983906496174671E-03	1.2396707331575083E-01	1.2568976403106993E-01	0.0000000000000000E+00	

b
4.0073142887636681E-01	
4.7222059640001833E-02	
5.7672091306518528E-03	
7.8579175665119697E-02	
7.9494698592136412E-02	
3.8820542809572334E-01	

c
0.0000000000000000E+00	
6.1379500164251932E-01	
1.2275362078057974E+00	
6.7104836844415794E-01	
1.2673434349668662E+00	
7.9972700877357839E-01	

r
1.6292084447152448E+00	

errcoeff
5.2578287642351999E-02	

v_opt
1.0000000000000000E+00	
4.8334673674599316E-07	
4.3822024767270484E-05	
5.3503534653209450E-02	
1.3526718678983363E-02	
2.0642384009832182E-01	
2.0796700943998947E-01	

alpha_opt
0.0000000000000000E+00	0.0000000000000000E+00	0.0000000000000000E+00	0.0000000000000000E+00	0.0000000000000000E+00	0.0000000000000000E+00	0.0000000000000000E+00	
9.9999951665326325E-01	0.0000000000000000E+00	0.0000000000000000E+00	0.0000000000000000E+00	0.0000000000000000E+00	0.0000000000000000E+00	0.0000000000000000E+00	
4.8332532182643210E-07	9.9995569464991085E-01	0.0000000000000000E+00	0.0000000000000000E+00	0.0000000000000000E+00	0.0000000000000000E+00	0.0000000000000000E+00	
8.7310285843109803E-01	3.5472988702324997E-08	7.3393571442703823E-02	0.0000000000000000E+00	0.0000000000000000E+00	0.0000000000000000E+00	0.0000000000000000E+00	
1.7961810987538617E-04	1.6912129025235940E-14	3.4988332891912811E-08	9.8629362822279143E-01	0.0000000000000000E+00	0.0000000000000000E+00	0.0000000000000000E+00	
5.0226801053370762E-01	8.6533325750904388E-02	-4.8328443571446287E-16	9.7620624521468274E-08	2.0477472599644214E-01	0.0000000000000000E+00	0.0000000000000000E+00	
1.4647267565904462E-01	1.2809476537198895E-02	1.0065778984553961E-11	2.8351971711851066E-04	6.2599865538813531E-08	6.3246725603671716E-01	0.0000000000000000E+00	

beta_opt
0.0000000000000000E+00	0.0000000000000000E+00	0.0000000000000000E+00	0.0000000000000000E+00	0.0000000000000000E+00	0.0000000000000000E+00	0.0000000000000000E+00	
6.1379500164251932E-01	0.0000000000000000E+00	0.0000000000000000E+00	0.0000000000000000E+00	0.0000000000000000E+00	0.0000000000000000E+00	0.0000000000000000E+00	
2.9666281009532725E-07	6.1376810390289871E-01	0.0000000000000000E+00	0.0000000000000000E+00	0.0000000000000000E+00	0.0000000000000000E+00	0.0000000000000000E+00	
5.3590642945342803E-01	2.1773153682791424E-08	4.5048629078332611E-02	0.0000000000000000E+00	0.0000000000000000E+00	0.0000000000000000E+00	0.0000000000000000E+00	
1.1024875133436307E-04	1.0380585280245214E-14	2.1475674225057695E-08	6.0538239176461817E-01	0.0000000000000000E+00	0.0000000000000000E+00	0.0000000000000000E+00	
3.0828974336136339E-01	5.3113748493766030E-02	-2.9663771439203401E-16	5.9919080350190335E-08	1.2568976403106993E-01	0.0000000000000000E+00	0.0000000000000000E+00	
8.9904239651648343E-02	7.8623964724534867E-03	6.1783278146321230E-12	1.7402306934792555E-04	3.8423503143092397E-08	3.8820542809572334E-01	0.0000000000000000E+00	

==============================================================

