#stage		 order
7	 		4


A
0.0000000000000000E+00	0.0000000000000000E+00	0.0000000000000000E+00	0.0000000000000000E+00	0.0000000000000000E+00	0.0000000000000000E+00	0.0000000000000000E+00	
5.1928661254823505E-01	0.0000000000000000E+00	0.0000000000000000E+00	0.0000000000000000E+00	0.0000000000000000E+00	0.0000000000000000E+00	0.0000000000000000E+00	
7.7089723822228992E-02	7.7089723822228992E-02	0.0000000000000000E+00	0.0000000000000000E+00	0.0000000000000000E+00	0.0000000000000000E+00	0.0000000000000000E+00	
6.3740700771540981E-02	5.8319516777051585E-02	3.9284800633664307E-01	0.0000000000000000E+00	0.0000000000000000E+00	0.0000000000000000E+00	0.0000000000000000E+00	
7.4422802807486907E-02	6.5814039565212673E-02	1.3125817925051467E-01	1.7350378307339542E-01	0.0000000000000000E+00	0.0000000000000000E+00	0.0000000000000000E+00	
6.1009986024250701E-02	5.4828063354497990E-02	1.0093016991007203E-01	1.2399107679876287E-01	3.7109799634628565E-01	0.0000000000000000E+00	0.0000000000000000E+00	
4.8132356432292946E-02	4.3379739303895264E-02	1.1546789220280548E-01	1.4641690813543243E-01	2.4437229767227739E-01	3.4195620539123400E-01	0.0000000000000000E+00	

b
6.1883221328770478E-02	
4.2166062891725281E-02	
2.2030236710460641E-01	
2.8102312695924714E-01	
8.8309179057355830E-02	
1.2162269387453030E-01	
1.8469334878376459E-01	

c
0.0000000000000000E+00	
5.1928661254823505E-01	
1.5417944764445798E-01	
5.1490822388523561E-01	
4.4499880469660968E-01	
7.1185729243386930E-01	
9.3972539913793773E-01	

r
1.9257188146885125E+00	

errcoeff
4.5727765610254099E-03	

v_opt
1.0000000000000000E+00	
3.6383007717688542E-11	
8.5154686841639238E-01	
2.3304552689239610E-01	
5.6357516376457395E-01	
2.5860993387689168E-01	
2.1674099919760759E-01	
1.5995424856392226E-01	

alpha_opt
0.0000000000000000E+00	0.0000000000000000E+00	0.0000000000000000E+00	0.0000000000000000E+00	0.0000000000000000E+00	0.0000000000000000E+00	0.0000000000000000E+00	0.0000000000000000E+00	
9.9999999996361699E-01	0.0000000000000000E+00	0.0000000000000000E+00	0.0000000000000000E+00	0.0000000000000000E+00	0.0000000000000000E+00	0.0000000000000000E+00	0.0000000000000000E+00	
5.4011722221087721E-12	1.4845313157820642E-01	0.0000000000000000E+00	0.0000000000000000E+00	0.0000000000000000E+00	0.0000000000000000E+00	0.0000000000000000E+00	0.0000000000000000E+00	
1.0439676015696628E-02	4.0860756189848825E-12	7.5651479708782121E-01	0.0000000000000000E+00	0.0000000000000000E+00	0.0000000000000000E+00	0.0000000000000000E+00	0.0000000000000000E+00	
1.3089958024475620E-02	8.9215378729838507E-02	9.1964027450381093E-12	3.3411949947191555E-01	0.0000000000000000E+00	0.0000000000000000E+00	0.0000000000000000E+00	0.0000000000000000E+00	
5.7461149053213048E-05	1.2973597060200922E-02	1.3728614273916310E-02	8.6872167103834839E-12	7.1463039363125069E-01	0.0000000000000000E+00	0.0000000000000000E+00	0.0000000000000000E+00	
1.0783505101866981E-05	3.1103001967820514E-13	1.2998235855899342E-05	1.2472372054657199E-01	1.7121617597125927E-11	6.5851149849742996E-01	0.0000000000000000E+00	0.0000000000000000E+00	
3.0076693665102631E-02	9.7555396173238394E-06	1.1616131343243716E-02	4.3999144422911235E-01	2.6842699626975068E-03	8.5213096667086864E-12	3.5566745668778288E-01	0.0000000000000000E+00	

beta_opt
0.0000000000000000E+00	0.0000000000000000E+00	0.0000000000000000E+00	0.0000000000000000E+00	0.0000000000000000E+00	0.0000000000000000E+00	0.0000000000000000E+00	0.0000000000000000E+00	
5.1928661254823505E-01	0.0000000000000000E+00	0.0000000000000000E+00	0.0000000000000000E+00	0.0000000000000000E+00	0.0000000000000000E+00	0.0000000000000000E+00	0.0000000000000000E+00	
2.8047564271105330E-12	7.7089723822228992E-02	0.0000000000000000E+00	0.0000000000000000E+00	0.0000000000000000E+00	0.0000000000000000E+00	0.0000000000000000E+00	0.0000000000000000E+00	
5.4211839944893966E-03	2.1218443668757914E-12	3.9284800633664307E-01	0.0000000000000000E+00	0.0000000000000000E+00	0.0000000000000000E+00	0.0000000000000000E+00	0.0000000000000000E+00	
6.7974399611758426E-03	4.6328351809511267E-02	4.7755688292738796E-12	1.7350378307339542E-01	0.0000000000000000E+00	0.0000000000000000E+00	0.0000000000000000E+00	0.0000000000000000E+00	
2.9838805446057853E-05	6.7370152702025902E-03	7.1290856015427256E-03	4.5111553381715908E-12	3.7109799634628565E-01	0.0000000000000000E+00	0.0000000000000000E+00	0.0000000000000000E+00	
5.5997298359488495E-06	1.6151372532538239E-13	6.7498098669585560E-06	6.4767358349398507E-02	8.8910268036812568E-12	3.4195620539123400E-01	0.0000000000000000E+00	0.0000000000000000E+00	
1.5618424370570351E-02	5.0659211216445149E-06	6.0321014963678754E-03	2.2848166663225428E-01	1.3939054561448801E-03	4.4250020314606786E-12	1.8469334878376459E-01	0.0000000000000000E+00	

==============================================================

