#stage		 order
8	 		4


A
0.0000000000000000E+00	0.0000000000000000E+00	0.0000000000000000E+00	0.0000000000000000E+00	0.0000000000000000E+00	0.0000000000000000E+00	0.0000000000000000E+00	0.0000000000000000E+00	
4.7683106630642363E-01	0.0000000000000000E+00	0.0000000000000000E+00	0.0000000000000000E+00	0.0000000000000000E+00	0.0000000000000000E+00	0.0000000000000000E+00	0.0000000000000000E+00	
1.5392593819623127E-01	1.7603360545289179E-01	0.0000000000000000E+00	0.0000000000000000E+00	0.0000000000000000E+00	0.0000000000000000E+00	0.0000000000000000E+00	0.0000000000000000E+00	
8.3076297382936343E-02	9.5008159946060253E-02	2.9431584270831074E-01	0.0000000000000000E+00	0.0000000000000000E+00	0.0000000000000000E+00	0.0000000000000000E+00	0.0000000000000000E+00	
5.4258013456023262E-02	6.2050839808421229E-02	1.9222080734267702E-01	3.5615174295353014E-01	0.0000000000000000E+00	0.0000000000000000E+00	0.0000000000000000E+00	0.0000000000000000E+00	
4.7073721792051930E-02	5.3834701715946086E-02	1.6676889239276591E-01	3.0899376876629292E-01	4.7311091188970078E-01	0.0000000000000000E+00	0.0000000000000000E+00	0.0000000000000000E+00	
2.5886104179237705E-02	2.9604005037741934E-02	9.1707151208598847E-02	1.6991741006486688E-01	2.6016634944676859E-01	2.9987238636972680E-01	0.0000000000000000E+00	0.0000000000000000E+00	
1.0877314882234777E-01	1.2439573075235390E-01	3.8535252494607808E-01	2.4478475828472634E-02	1.0568121497024553E-02	1.2181005804543432E-02	2.2151084397255671E-02	0.0000000000000000E+00	

b
1.4305368726255668E-01	
1.2555317378173250E-01	
2.0768655828204172E-01	
1.1368669868936564E-01	
8.6819179210864739E-02	
1.0006933835980128E-01	
8.7099339832855619E-03	
2.1442143043035189E-01	

c
0.0000000000000000E+00	
4.7683106630642363E-01	
3.2995954364912305E-01	
4.7240030003730732E-01	
6.6468140356065175E-01	
1.0497819965567576E+00	
8.7715340630694072E-01	
6.8790009204807612E-01	

r
1.8337987932163109E+00	

errcoeff
4.1779864140702797E-03	

v_opt
1.0000000000000000E+00	
1.2558776605785149E-01	
6.7718978675583408E-01	
4.6028396282484019E-01	
3.4688936357633127E-01	
1.3240978072560627E-01	
4.5009437975784994E-01	
2.4471602956188665E-01	
1.7194362068688340E-01	

alpha_opt
0.0000000000000000E+00	0.0000000000000000E+00	0.0000000000000000E+00	0.0000000000000000E+00	0.0000000000000000E+00	0.0000000000000000E+00	0.0000000000000000E+00	0.0000000000000000E+00	0.0000000000000000E+00	
8.7441223394214851E-01	0.0000000000000000E+00	0.0000000000000000E+00	0.0000000000000000E+00	0.0000000000000000E+00	0.0000000000000000E+00	0.0000000000000000E+00	0.0000000000000000E+00	0.0000000000000000E+00	
6.0100524972953472E-12	3.2281021323815595E-01	0.0000000000000000E+00	0.0000000000000000E+00	0.0000000000000000E+00	0.0000000000000000E+00	0.0000000000000000E+00	0.0000000000000000E+00	0.0000000000000000E+00	
-2.5449070533940325E-17	3.7095837663798117E-12	5.3971603717145022E-01	0.0000000000000000E+00	0.0000000000000000E+00	0.0000000000000000E+00	0.0000000000000000E+00	0.0000000000000000E+00	0.0000000000000000E+00	
0.0000000000000000E+00	-6.3934915440010245E-18	7.5052871874464778E-12	6.5311063641616340E-01	0.0000000000000000E+00	0.0000000000000000E+00	0.0000000000000000E+00	0.0000000000000000E+00	0.0000000000000000E+00	
1.2724535266970163E-17	2.5133458130761724E-17	4.8294451876897085E-17	1.2064589969884023E-11	8.6759021926232904E-01	0.0000000000000000E+00	0.0000000000000000E+00	0.0000000000000000E+00	0.0000000000000000E+00	
-1.2724535266970163E-17	7.1304786499098028E-18	-4.8135937597134029E-17	6.0018276737804604E-17	1.0158250994327621E-11	5.4990562023199185E-01	0.0000000000000000E+00	0.0000000000000000E+00	0.0000000000000000E+00	
0.0000000000000000E+00	4.6905181901105411E-12	6.8243189819359062E-01	3.2231440404101426E-02	-2.1584039781939891E-18	4.7560495467354375E-13	4.0620631835255216E-02	0.0000000000000000E+00	0.0000000000000000E+00	
6.1007654640260270E-02	1.0729525860382265E-01	6.7685365954889049E-12	9.1823912862272553E-02	3.2276117723720577E-12	1.7472379284190254E-01	3.4007592954504457E-13	3.9320576035452237E-01	0.0000000000000000E+00	

beta_opt
0.0000000000000000E+00	0.0000000000000000E+00	0.0000000000000000E+00	0.0000000000000000E+00	0.0000000000000000E+00	0.0000000000000000E+00	0.0000000000000000E+00	0.0000000000000000E+00	0.0000000000000000E+00	
4.7683106630642363E-01	0.0000000000000000E+00	0.0000000000000000E+00	0.0000000000000000E+00	0.0000000000000000E+00	0.0000000000000000E+00	0.0000000000000000E+00	0.0000000000000000E+00	0.0000000000000000E+00	
3.2773783686934621E-12	1.7603360545289179E-01	0.0000000000000000E+00	0.0000000000000000E+00	0.0000000000000000E+00	0.0000000000000000E+00	0.0000000000000000E+00	0.0000000000000000E+00	0.0000000000000000E+00	
-1.3877787807814457E-17	2.0228957398060743E-12	2.9431584270831074E-01	0.0000000000000000E+00	0.0000000000000000E+00	0.0000000000000000E+00	0.0000000000000000E+00	0.0000000000000000E+00	0.0000000000000000E+00	
0.0000000000000000E+00	-3.4864738529593913E-18	4.0927539135537927E-12	3.5615174295353014E-01	0.0000000000000000E+00	0.0000000000000000E+00	0.0000000000000000E+00	0.0000000000000000E+00	0.0000000000000000E+00	
6.9388939039072284E-18	1.3705679284047917E-17	2.6335741989022377E-17	6.5790151104749839E-12	4.7311091188970078E-01	0.0000000000000000E+00	0.0000000000000000E+00	0.0000000000000000E+00	0.0000000000000000E+00	
-6.9388939039072284E-18	3.8883647848603026E-18	-2.6249301600713249E-17	3.2728932400384061E-17	5.5394577813672186E-12	2.9987238636972680E-01	0.0000000000000000E+00	0.0000000000000000E+00	0.0000000000000000E+00	
0.0000000000000000E+00	2.5578150708582825E-12	3.7214109897585840E-01	1.7576323271680627E-02	-1.1770124324568388E-18	2.5935503744634048E-13	2.2151084397255671E-02	0.0000000000000000E+00	0.0000000000000000E+00	
3.3268456096296986E-02	5.8509831614580440E-02	3.6909919565175642E-12	5.0073057744343445E-02	1.7600686533225662E-12	9.5279696710440953E-02	1.8544887847582459E-13	2.1442143043035189E-01	0.0000000000000000E+00	

==============================================================

