#stage		 order
13	 		4


A
0.0000000000000000E+00	0.0000000000000000E+00	0.0000000000000000E+00	0.0000000000000000E+00	0.0000000000000000E+00	0.0000000000000000E+00	0.0000000000000000E+00	0.0000000000000000E+00	0.0000000000000000E+00	0.0000000000000000E+00	0.0000000000000000E+00	0.0000000000000000E+00	0.0000000000000000E+00	
3.1011588500927234E-01	0.0000000000000000E+00	0.0000000000000000E+00	0.0000000000000000E+00	0.0000000000000000E+00	0.0000000000000000E+00	0.0000000000000000E+00	0.0000000000000000E+00	0.0000000000000000E+00	0.0000000000000000E+00	0.0000000000000000E+00	0.0000000000000000E+00	0.0000000000000000E+00	
1.6411783795174262E-01	1.6411783795183263E-01	0.0000000000000000E+00	0.0000000000000000E+00	0.0000000000000000E+00	0.0000000000000000E+00	0.0000000000000000E+00	0.0000000000000000E+00	0.0000000000000000E+00	0.0000000000000000E+00	0.0000000000000000E+00	0.0000000000000000E+00	0.0000000000000000E+00	
1.6144023636000626E-01	1.6144023636004626E-01	3.0505630831926012E-01	0.0000000000000000E+00	0.0000000000000000E+00	0.0000000000000000E+00	0.0000000000000000E+00	0.0000000000000000E+00	0.0000000000000000E+00	0.0000000000000000E+00	0.0000000000000000E+00	0.0000000000000000E+00	0.0000000000000000E+00	
9.7756070628492633E-02	9.7756070628597522E-02	6.7348063480608913E-02	6.8465079201346271E-02	0.0000000000000000E+00	0.0000000000000000E+00	0.0000000000000000E+00	0.0000000000000000E+00	0.0000000000000000E+00	0.0000000000000000E+00	0.0000000000000000E+00	0.0000000000000000E+00	0.0000000000000000E+00	
1.0884743181820777E-01	1.0884743181831796E-01	1.1583359463333420E-01	5.2407771718545847E-02	2.3738353475198343E-01	0.0000000000000000E+00	0.0000000000000000E+00	0.0000000000000000E+00	0.0000000000000000E+00	0.0000000000000000E+00	0.0000000000000000E+00	0.0000000000000000E+00	0.0000000000000000E+00	
8.2517379173038669E-02	8.2517379173219857E-02	8.7813598260296138E-02	3.9730399682166101E-02	1.7996076544401757E-01	2.3509925446578703E-01	0.0000000000000000E+00	0.0000000000000000E+00	0.0000000000000000E+00	0.0000000000000000E+00	0.0000000000000000E+00	0.0000000000000000E+00	0.0000000000000000E+00	
6.3504862414193605E-02	6.3504862414285282E-02	4.8417017758008787E-02	4.1755559318312915E-02	1.8913089792041884E-01	3.2974010281482391E-02	4.3495520238917951E-02	0.0000000000000000E+00	0.0000000000000000E+00	0.0000000000000000E+00	0.0000000000000000E+00	0.0000000000000000E+00	0.0000000000000000E+00	
6.0602099131335012E-02	6.0602099131410049E-02	5.6815274526790124E-02	4.6151602972113362E-02	1.5244869154992738E-01	5.3410493249761055E-02	2.9608603706459190E-02	2.1110446068724234E-01	0.0000000000000000E+00	0.0000000000000000E+00	0.0000000000000000E+00	0.0000000000000000E+00	0.0000000000000000E+00	
3.7878997597104148E-02	3.7878997597257789E-02	3.8964501552552919E-02	2.1213316789609454E-02	8.6165218855732487E-02	8.7015961294928335E-02	1.0761966597197199E-01	3.7006728625138138E-02	5.4363486027492733E-02	0.0000000000000000E+00	0.0000000000000000E+00	0.0000000000000000E+00	0.0000000000000000E+00	
3.7878997596973087E-02	3.7878997597126748E-02	3.8964501552424417E-02	2.1213316789548329E-02	8.6165218855820208E-02	8.7015961294986552E-02	1.0761966597204828E-01	3.7006728625404176E-02	5.4363486027496646E-02	3.1011588500937193E-01	0.0000000000000000E+00	0.0000000000000000E+00	0.0000000000000000E+00	
1.0191863108335161E-01	1.0191863108344169E-01	1.5887404609362255E-01	7.4476356977081964E-02	8.9069732729136500E-02	8.2462766486288197E-02	6.2034990189939451E-02	2.8805334224539205E-02	3.0354882014079951E-03	1.7315907768247596E-02	1.7315907768241011E-02	0.0000000000000000E+00	0.0000000000000000E+00	
9.4817117289716965E-02	9.4817117289809835E-02	1.3117979982999153E-01	6.5405044150801062E-02	1.2678762065679980E-01	9.8321292407159436E-02	5.0985074517744526E-02	8.3769490761075427E-02	2.0536329214465134E-03	1.1714925540754101E-02	1.1714925540832649E-02	2.0980618229995790E-01	0.0000000000000000E+00	

b
1.2230460652543644E-01	
1.1858263427725939E-01	
1.3860183602000081E-01	
1.0080526428864438E-01	
8.2262922981494707E-02	
5.6259987051572313E-02	
3.4301145952416172E-02	
6.6451582075515186E-02	
4.5241750104618957E-02	
5.0707708692716161E-03	
5.0707708693168256E-03	
9.0813985433773586E-02	
1.3423274355067963E-01	

c
0.0000000000000000E+00	
3.1011588500927234E-01	
3.2823567590357522E-01	
6.2793678103931261E-01	
3.3132528393904531E-01	
6.2331976474038919E-01	
7.0763877619852533E-01	
4.8278273034561969E-01	
6.7074332495503852E-01	
5.0810687431178791E-01	
8.1822275932120037E-01	
7.3722779260529780E-01	
9.8137222320608963E-01	

r
3.2246010228407354E+00	

errcoeff
2.0419431165756025E-03	

v_opt
1.0000000000000000E+00	
1.3115407118955424E-03	
4.7078636219703607E-01	
1.6922497792564606E-02	
5.7893821386451960E-01	
2.7961884613340260E-02	
2.4192650554444750E-01	
3.3007033004298059E-01	
1.7943414086161047E-01	
4.9454775675763807E-01	
6.4861951691319586E-04	
1.4462033288788512E-01	
2.2338230573892837E-04	
5.7588210106457205E-02	

alpha_opt
0.0000000000000000E+00	0.0000000000000000E+00	0.0000000000000000E+00	0.0000000000000000E+00	0.0000000000000000E+00	0.0000000000000000E+00	0.0000000000000000E+00	0.0000000000000000E+00	0.0000000000000000E+00	0.0000000000000000E+00	0.0000000000000000E+00	0.0000000000000000E+00	0.0000000000000000E+00	0.0000000000000000E+00	
9.9868845928810446E-01	0.0000000000000000E+00	0.0000000000000000E+00	0.0000000000000000E+00	0.0000000000000000E+00	0.0000000000000000E+00	0.0000000000000000E+00	0.0000000000000000E+00	0.0000000000000000E+00	0.0000000000000000E+00	0.0000000000000000E+00	0.0000000000000000E+00	0.0000000000000000E+00	0.0000000000000000E+00	
6.9317610230033996E-04	5.2852046170066358E-01	0.0000000000000000E+00	0.0000000000000000E+00	0.0000000000000000E+00	0.0000000000000000E+00	0.0000000000000000E+00	0.0000000000000000E+00	0.0000000000000000E+00	0.0000000000000000E+00	0.0000000000000000E+00	0.0000000000000000E+00	0.0000000000000000E+00	0.0000000000000000E+00	
8.9429629471180738E-07	6.8186685371399007E-04	9.8239474105742675E-01	0.0000000000000000E+00	0.0000000000000000E+00	0.0000000000000000E+00	0.0000000000000000E+00	0.0000000000000000E+00	0.0000000000000000E+00	0.0000000000000000E+00	0.0000000000000000E+00	0.0000000000000000E+00	0.0000000000000000E+00	0.0000000000000000E+00	
2.6235007108787171E-04	2.0003196928442910E-01	2.8445456475182192E-04	2.2048301221521160E-01	0.0000000000000000E+00	0.0000000000000000E+00	0.0000000000000000E+00	0.0000000000000000E+00	0.0000000000000000E+00	0.0000000000000000E+00	0.0000000000000000E+00	0.0000000000000000E+00	0.0000000000000000E+00	0.0000000000000000E+00	
4.5182836982119342E-07	3.4450200617152152E-04	2.0700856194764375E-01	2.2135201967538872E-04	7.6446324758479933E-01	0.0000000000000000E+00	0.0000000000000000E+00	0.0000000000000000E+00	0.0000000000000000E+00	0.0000000000000000E+00	0.0000000000000000E+00	0.0000000000000000E+00	0.0000000000000000E+00	0.0000000000000000E+00	
4.4892947251504160E-10	3.4253146965945043E-07	2.0582462064110458E-04	2.2008572963136809E-07	7.6009106335146769E-04	7.5710701570543115E-01	0.0000000000000000E+00	0.0000000000000000E+00	0.0000000000000000E+00	0.0000000000000000E+00	0.0000000000000000E+00	0.0000000000000000E+00	0.0000000000000000E+00	0.0000000000000000E+00	
1.8333009200224276E-07	1.3978226144272229E-04	1.6356971439819882E-03	1.5490247837335929E-04	5.2778808611376360E-01	1.3927063735059649E-04	1.4007174799201511E-01	0.0000000000000000E+00	0.0000000000000000E+00	0.0000000000000000E+00	0.0000000000000000E+00	0.0000000000000000E+00	0.0000000000000000E+00	0.0000000000000000E+00	
2.7010272533747720E-10	2.0594314173470189E-07	8.0480975130583203E-05	4.0237665564187099E-02	5.7131944765960267E-04	9.9716272777517878E-02	1.2505634198443997E-04	6.7983485781866548E-01	0.0000000000000000E+00	0.0000000000000000E+00	0.0000000000000000E+00	0.0000000000000000E+00	0.0000000000000000E+00	0.0000000000000000E+00	
-9.5365100321392942E-16	1.9738885989548887E-10	1.0881786032095216E-07	9.2512913726389698E-06	4.6487661104350023E-07	3.5513940772921755E-04	3.2986033639046353E-01	1.5630342312413222E-04	1.7507063883781315E-01	0.0000000000000000E+00	0.0000000000000000E+00	0.0000000000000000E+00	0.0000000000000000E+00	0.0000000000000000E+00	
-4.0348495231314182E-16	-9.6087019295877048E-16	1.4245825960769943E-10	1.2133185452110628E-08	6.0939142125203786E-10	4.6577979159118386E-07	4.3262526043557747E-04	2.0499915095123844E-07	2.2961227024980203E-04	9.9868845928842509E-01	0.0000000000000000E+00	0.0000000000000000E+00	0.0000000000000000E+00	0.0000000000000000E+00	
2.1292658659928687E-07	1.6234843873385243E-04	2.2076582253571991E-01	1.7613167936672397E-01	3.4709076420101209E-02	1.1330164402001631E-01	1.6836256754042400E-01	8.6109501195068952E-02	1.6815075320240734E-08	7.3136312359107220E-05	5.5763661541305680E-02	0.0000000000000000E+00	0.0000000000000000E+00	0.0000000000000000E+00	
3.0823535930903677E-10	2.3501826411759472E-07	2.2895969793731660E-04	1.2221940741252455E-03	2.8969210640175799E-04	1.1505788349980671E-01	1.8746978639260501E-04	2.0708671988712402E-01	1.4598858374717654E-11	6.4894413961826096E-08	4.9479730724197451E-05	6.7565391867623692E-01	0.0000000000000000E+00	0.0000000000000000E+00	
1.2107612246266547E-02	9.2622116001746330E-02	2.4805947793212959E-02	2.0824594094606264E-01	3.0239280988654297E-03	1.0963093878539777E-04	2.5755949887060411E-02	2.4508368226634026E-04	1.4283264016196678E-01	3.6803956817215019E-11	2.8089260294195700E-08	3.8356637683799999E-04	4.3227934563440773E-01	0.0000000000000000E+00	

beta_opt
0.0000000000000000E+00	0.0000000000000000E+00	0.0000000000000000E+00	0.0000000000000000E+00	0.0000000000000000E+00	0.0000000000000000E+00	0.0000000000000000E+00	0.0000000000000000E+00	0.0000000000000000E+00	0.0000000000000000E+00	0.0000000000000000E+00	0.0000000000000000E+00	0.0000000000000000E+00	0.0000000000000000E+00	
3.1011588500927234E-01	0.0000000000000000E+00	0.0000000000000000E+00	0.0000000000000000E+00	0.0000000000000000E+00	0.0000000000000000E+00	0.0000000000000000E+00	0.0000000000000000E+00	0.0000000000000000E+00	0.0000000000000000E+00	0.0000000000000000E+00	0.0000000000000000E+00	0.0000000000000000E+00	0.0000000000000000E+00	
2.1524722593208034E-04	1.6411783795183263E-01	0.0000000000000000E+00	0.0000000000000000E+00	0.0000000000000000E+00	0.0000000000000000E+00	0.0000000000000000E+00	0.0000000000000000E+00	0.0000000000000000E+00	0.0000000000000000E+00	0.0000000000000000E+00	0.0000000000000000E+00	0.0000000000000000E+00	0.0000000000000000E+00	
2.7769970135907884E-07	2.1173544245092768E-04	3.0505630831926012E-01	0.0000000000000000E+00	0.0000000000000000E+00	0.0000000000000000E+00	0.0000000000000000E+00	0.0000000000000000E+00	0.0000000000000000E+00	0.0000000000000000E+00	0.0000000000000000E+00	0.0000000000000000E+00	0.0000000000000000E+00	0.0000000000000000E+00	
8.1465770151840922E-05	6.2114556955036197E-02	8.8329727126135182E-05	6.8465079201346271E-02	0.0000000000000000E+00	0.0000000000000000E+00	0.0000000000000000E+00	0.0000000000000000E+00	0.0000000000000000E+00	0.0000000000000000E+00	0.0000000000000000E+00	0.0000000000000000E+00	0.0000000000000000E+00	0.0000000000000000E+00	
1.4030316809636250E-07	1.0697584771081348E-04	6.4280950476439516E-02	6.8734926134177143E-05	2.3738353475198343E-01	0.0000000000000000E+00	0.0000000000000000E+00	0.0000000000000000E+00	0.0000000000000000E+00	0.0000000000000000E+00	0.0000000000000000E+00	0.0000000000000000E+00	0.0000000000000000E+00	0.0000000000000000E+00	
1.3940299337692187E-10	1.0636395050833691E-07	6.3913309293984924E-05	6.8341713762463333E-08	2.3602587033688671E-04	2.3509925446578703E-01	0.0000000000000000E+00	0.0000000000000000E+00	0.0000000000000000E+00	0.0000000000000000E+00	0.0000000000000000E+00	0.0000000000000000E+00	0.0000000000000000E+00	0.0000000000000000E+00	
5.6928237431154254E-08	4.3405627964107629E-05	5.0792182756842985E-04	4.8100805335356267E-05	1.6389041837851284E-01	4.3246756840038814E-05	4.3495520238917951E-02	0.0000000000000000E+00	0.0000000000000000E+00	0.0000000000000000E+00	0.0000000000000000E+00	0.0000000000000000E+00	0.0000000000000000E+00	0.0000000000000000E+00	
8.3873148760682657E-11	6.3950112837163342E-08	2.4991205812893019E-05	1.2494726609777731E-02	1.7740791383557414E-04	3.0964211005571500E-02	3.8832889085523015E-05	2.1110446068724234E-01	0.0000000000000000E+00	0.0000000000000000E+00	0.0000000000000000E+00	0.0000000000000000E+00	0.0000000000000000E+00	0.0000000000000000E+00	
-2.9613071233694069E-16	6.1293810305063090E-11	3.3790464628281318E-08	2.8727401271360149E-06	1.4435494904650444E-07	1.1027900713714289E-04	1.0242927030728263E-01	4.8535831110606276E-05	5.4363486027492733E-02	0.0000000000000000E+00	0.0000000000000000E+00	0.0000000000000000E+00	0.0000000000000000E+00	0.0000000000000000E+00	
-1.2529141786990151E-16	-2.9837243786801082E-16	4.4236587340374606E-11	3.7676349510888291E-09	1.8923014295503737E-10	1.4463540751407072E-07	1.3434015810394185E-04	6.3656981846681041E-08	7.1299925152097654E-05	3.1011588500937193E-01	0.0000000000000000E+00	0.0000000000000000E+00	0.0000000000000000E+00	0.0000000000000000E+00	
6.6118634125712111E-08	5.0412948392045132E-05	6.8552898352572583E-02	5.4692963673493009E-02	1.0777971700551083E-02	3.5182783260877329E-02	5.2280474606115117E-02	2.6738993449319695E-02	5.2214701350921484E-09	2.2710518002507646E-05	1.7315907768241011E-02	0.0000000000000000E+00	0.0000000000000000E+00	0.0000000000000000E+00	
9.5714214332076608E-11	7.2978611390106529E-08	7.1097286342830524E-05	3.7951955229423295E-04	8.9956105051039459E-05	3.5728136274119970E-02	5.8213708368157202E-05	6.4305220325907589E-02	4.5332834708311509E-12	2.0151217760416840E-08	1.5364601784317172E-05	2.0980618229995790E-01	0.0000000000000000E+00	0.0000000000000000E+00	
3.7596938786862155E-03	2.8761311105755742E-02	7.7028210167459504E-03	6.4665185299239106E-02	9.3899967488612901E-04	3.4042944313250612E-05	7.9978186582568694E-03	7.6104156727249683E-05	4.4352841168920541E-02	1.1428480557740262E-11	8.7223655529169997E-09	1.1910623909452966E-04	1.3423274355067963E-01	0.0000000000000000E+00	

==============================================================

