#stage		 order
12	 		4


A
0.0000000000000000E+00	0.0000000000000000E+00	0.0000000000000000E+00	0.0000000000000000E+00	0.0000000000000000E+00	0.0000000000000000E+00	0.0000000000000000E+00	0.0000000000000000E+00	0.0000000000000000E+00	0.0000000000000000E+00	0.0000000000000000E+00	0.0000000000000000E+00	
3.3798187318270245E-01	0.0000000000000000E+00	0.0000000000000000E+00	0.0000000000000000E+00	0.0000000000000000E+00	0.0000000000000000E+00	0.0000000000000000E+00	0.0000000000000000E+00	0.0000000000000000E+00	0.0000000000000000E+00	0.0000000000000000E+00	0.0000000000000000E+00	
1.6997226814004249E-01	1.6997226814004249E-01	0.0000000000000000E+00	0.0000000000000000E+00	0.0000000000000000E+00	0.0000000000000000E+00	0.0000000000000000E+00	0.0000000000000000E+00	0.0000000000000000E+00	0.0000000000000000E+00	0.0000000000000000E+00	0.0000000000000000E+00	
1.6784103521700883E-01	6.6478845550221891E-02	1.3219006248463622E-01	0.0000000000000000E+00	0.0000000000000000E+00	0.0000000000000000E+00	0.0000000000000000E+00	0.0000000000000000E+00	0.0000000000000000E+00	0.0000000000000000E+00	0.0000000000000000E+00	0.0000000000000000E+00	
1.1490213399173230E-01	5.1818308198899710E-02	8.2269876970277017E-02	2.1034657675690577E-01	0.0000000000000000E+00	0.0000000000000000E+00	0.0000000000000000E+00	0.0000000000000000E+00	0.0000000000000000E+00	0.0000000000000000E+00	0.0000000000000000E+00	0.0000000000000000E+00	
1.2336822884802073E-01	8.4557622801212387E-02	8.0643380145424090E-02	1.0045718259428334E-01	1.6141316522165827E-01	0.0000000000000000E+00	0.0000000000000000E+00	0.0000000000000000E+00	0.0000000000000000E+00	0.0000000000000000E+00	0.0000000000000000E+00	0.0000000000000000E+00	
9.0038134192589367E-02	6.2096514107706731E-02	5.8059044160932542E-02	7.2323952567547783E-02	1.1620909330512415E-01	2.4332939002957624E-01	0.0000000000000000E+00	0.0000000000000000E+00	0.0000000000000000E+00	0.0000000000000000E+00	0.0000000000000000E+00	0.0000000000000000E+00	
1.0304001579237719E-01	7.1416670658757175E-02	8.8477076832165644E-02	8.8620276992705888E-02	1.0568882284423838E-01	1.9640190356454265E-01	2.7280010546742511E-01	0.0000000000000000E+00	0.0000000000000000E+00	0.0000000000000000E+00	0.0000000000000000E+00	0.0000000000000000E+00	
1.0256083803435218E-01	7.1125015811835252E-02	8.7951600492172308E-02	8.8094776889312582E-02	1.0506310957357756E-01	1.9523716575693900E-01	2.7117502580909103E-01	3.3596850348090657E-01	0.0000000000000000E+00	0.0000000000000000E+00	0.0000000000000000E+00	0.0000000000000000E+00	
5.8637248778553239E-02	4.0543456380396067E-02	4.9965849735977445E-02	5.0048528565667792E-02	5.9690650319795688E-02	1.1092107176931508E-01	1.5406403018731435E-01	1.9085203402955769E-01	1.9199575940518079E-01	0.0000000000000000E+00	0.0000000000000000E+00	0.0000000000000000E+00	
6.1863255793406707E-02	4.4022458538866820E-02	4.4119671342104483E-02	4.9157748303778892E-02	5.9953360418291947E-02	1.1766572075820134E-01	8.6529133332320013E-02	1.0227959329822399E-01	5.6857184833231628E-02	1.0008917849730502E-01	0.0000000000000000E+00	0.0000000000000000E+00	
1.2860237626665422E-01	8.7666025586882301E-02	1.5596645164016001E-01	1.3468786518280712E-01	2.1253335639518323E-01	2.1074536021519374E-02	2.7754473238736570E-02	3.4290000072376016E-02	2.8304419512520926E-02	1.9515170296325439E-03	6.5898970410763272E-03	0.0000000000000000E+00	

b
1.3728095983773317E-01	
9.6870535696524762E-02	
9.2889442215036963E-02	
9.0115573153725065E-02	
1.2712366402533182E-01	
1.0374682326071902E-01	
1.1032273310965202E-01	
1.0307370907509238E-01	
1.1346052795561005E-02	
7.1957960564606772E-04	
2.4195075076587631E-03	
1.2409141971731893E-01	

c
0.0000000000000000E+00	
3.3798187318270245E-01	
3.3994453628008497E-01	
3.6650994325186692E-01	
4.5933689591781479E-01	
5.5043957961059886E-01	
6.4205612836347681E-01	
9.2644487215221216E-01	
1.2571760358481865E+00	
9.0671862917175816E-01	
7.2253730511573089E-01	
8.3942091798754859E-01	

r
2.9587385577315595E+00	

errcoeff
1.5312431771428922E-03	

v_opt
1.0000000000000000E+00	
2.3067325827241802E-11	
4.9709649650896881E-01	
3.0897994632594350E-01	
3.4673693143648243E-01	
2.5894566856200174E-01	
2.7644401070801627E-01	
1.9549226842132672E-03	
5.5461566976677812E-03	
4.3077837445888845E-01	
3.5560797684058143E-01	
6.7548278671614170E-06	
7.0432865359835062E-02	

alpha_opt
0.0000000000000000E+00	0.0000000000000000E+00	0.0000000000000000E+00	0.0000000000000000E+00	0.0000000000000000E+00	0.0000000000000000E+00	0.0000000000000000E+00	0.0000000000000000E+00	0.0000000000000000E+00	0.0000000000000000E+00	0.0000000000000000E+00	0.0000000000000000E+00	0.0000000000000000E+00	
9.9999999997693267E-01	0.0000000000000000E+00	0.0000000000000000E+00	0.0000000000000000E+00	0.0000000000000000E+00	0.0000000000000000E+00	0.0000000000000000E+00	0.0000000000000000E+00	0.0000000000000000E+00	0.0000000000000000E+00	0.0000000000000000E+00	0.0000000000000000E+00	0.0000000000000000E+00	
1.1600646169580409E-11	5.0290350347943058E-01	0.0000000000000000E+00	0.0000000000000000E+00	0.0000000000000000E+00	0.0000000000000000E+00	0.0000000000000000E+00	0.0000000000000000E+00	0.0000000000000000E+00	0.0000000000000000E+00	0.0000000000000000E+00	0.0000000000000000E+00	0.0000000000000000E+00	
2.9990421885630403E-01	4.5372124199665700E-12	3.9111583481321532E-01	0.0000000000000000E+00	0.0000000000000000E+00	0.0000000000000000E+00	0.0000000000000000E+00	0.0000000000000000E+00	0.0000000000000000E+00	0.0000000000000000E+00	0.0000000000000000E+00	0.0000000000000000E+00	0.0000000000000000E+00	
5.0183211794665550E-12	3.0902541429742286E-02	5.6149338171327470E-12	6.2236052712314205E-01	0.0000000000000000E+00	0.0000000000000000E+00	0.0000000000000000E+00	0.0000000000000000E+00	0.0000000000000000E+00	0.0000000000000000E+00	0.0000000000000000E+00	0.0000000000000000E+00	0.0000000000000000E+00	
2.5690943394693834E-02	1.1543136026600338E-01	1.2235267211464622E-01	6.8562001651471309E-12	4.7757935565579868E-01	0.0000000000000000E+00	0.0000000000000000E+00	0.0000000000000000E+00	0.0000000000000000E+00	0.0000000000000000E+00	0.0000000000000000E+00	0.0000000000000000E+00	0.0000000000000000E+00	
5.0989234236330198E-13	3.6079407883098827E-03	2.0314352780965670E-12	3.5025616153769036E-18	7.9312115530850931E-12	7.1994804849320126E-01	0.0000000000000000E+00	0.0000000000000000E+00	0.0000000000000000E+00	0.0000000000000000E+00	0.0000000000000000E+00	0.0000000000000000E+00	0.0000000000000000E+00	
4.6751765261302596E-13	1.1146196099344346E-12	8.8128943789018421E-02	6.7588611422717312E-02	3.5183331507976381E-02	1.3404444736178884E-11	8.0714419058108811E-01	0.0000000000000000E+00	0.0000000000000000E+00	0.0000000000000000E+00	0.0000000000000000E+00	0.0000000000000000E+00	0.0000000000000000E+00	
9.1154855858151909E-15	3.9130985088236620E-04	2.0208578247934661E-12	1.5473786457019462E-12	4.0786653528471974E-06	1.5489354614022209E-05	1.8507556355891874E-11	9.9404296540939807E-01	0.0000000000000000E+00	0.0000000000000000E+00	0.0000000000000000E+00	0.0000000000000000E+00	0.0000000000000000E+00	
6.9341161800515335E-04	4.0271027154116821E-04	6.7405674583844372E-16	6.3141172004719178E-17	4.2690622273713018E-06	1.1766720606729136E-15	5.5978316353866475E-05	1.3025700416162851E-11	5.6806525625995641E-01	0.0000000000000000E+00	0.0000000000000000E+00	0.0000000000000000E+00	0.0000000000000000E+00	
1.7263583144620971E-05	1.7825654604129507E-02	4.3871870479467055E-03	1.4593112866337283E-02	4.7175692515713166E-04	1.6382049981749336E-01	1.1743679992196391E-02	1.3539515669431129E-01	3.8804868503290559E-12	2.9613771162482178E-01	0.0000000000000000E+00	0.0000000000000000E+00	0.0000000000000000E+00	
8.2121491764100819E-17	3.7852669806285807E-12	2.8894601799536973E-01	5.0679149479119067E-06	5.9547253856037763E-01	3.7749159587175161E-05	2.9513950880694307E-13	1.5568736789889726E-02	8.0465352281283209E-02	1.3319143602905543E-13	1.9497782466463883E-02	0.0000000000000000E+00	0.0000000000000000E+00	
3.1713206891800932E-02	1.0002350547849104E-01	3.2983275952133453E-12	1.1823937956096495E-02	1.6457410232654406E-04	7.0769954636197827E-02	8.0178659196204871E-02	2.6491275408856385E-01	2.8173842900015389E-03	9.0898042057607200E-06	1.6513092215790097E-13	3.6715406819281260E-01	0.0000000000000000E+00	

beta_opt
0.0000000000000000E+00	0.0000000000000000E+00	0.0000000000000000E+00	0.0000000000000000E+00	0.0000000000000000E+00	0.0000000000000000E+00	0.0000000000000000E+00	0.0000000000000000E+00	0.0000000000000000E+00	0.0000000000000000E+00	0.0000000000000000E+00	0.0000000000000000E+00	0.0000000000000000E+00	
3.3798187318270245E-01	0.0000000000000000E+00	0.0000000000000000E+00	0.0000000000000000E+00	0.0000000000000000E+00	0.0000000000000000E+00	0.0000000000000000E+00	0.0000000000000000E+00	0.0000000000000000E+00	0.0000000000000000E+00	0.0000000000000000E+00	0.0000000000000000E+00	0.0000000000000000E+00	
3.9208081226149716E-12	1.6997226814004249E-01	0.0000000000000000E+00	0.0000000000000000E+00	0.0000000000000000E+00	0.0000000000000000E+00	0.0000000000000000E+00	0.0000000000000000E+00	0.0000000000000000E+00	0.0000000000000000E+00	0.0000000000000000E+00	0.0000000000000000E+00	0.0000000000000000E+00	
1.0136218966678694E-01	1.5334955527634975E-12	1.3219006248463622E-01	0.0000000000000000E+00	0.0000000000000000E+00	0.0000000000000000E+00	0.0000000000000000E+00	0.0000000000000000E+00	0.0000000000000000E+00	0.0000000000000000E+00	0.0000000000000000E+00	0.0000000000000000E+00	0.0000000000000000E+00	
1.6961015925076595E-12	1.0444498838771292E-02	1.8977458493552035E-12	2.1034657675690577E-01	0.0000000000000000E+00	0.0000000000000000E+00	0.0000000000000000E+00	0.0000000000000000E+00	0.0000000000000000E+00	0.0000000000000000E+00	0.0000000000000000E+00	0.0000000000000000E+00	0.0000000000000000E+00	
8.6830731725696941E-03	3.9013707367631136E-02	4.1352985311171035E-02	2.3172713747854345E-12	1.6141316522165827E-01	0.0000000000000000E+00	0.0000000000000000E+00	0.0000000000000000E+00	0.0000000000000000E+00	0.0000000000000000E+00	0.0000000000000000E+00	0.0000000000000000E+00	0.0000000000000000E+00	
1.7233436899743992E-13	1.2194185859933789E-03	6.8658830055633958E-13	1.1838023357302253E-18	2.6806057373818248E-12	2.4332939002957624E-01	0.0000000000000000E+00	0.0000000000000000E+00	0.0000000000000000E+00	0.0000000000000000E+00	0.0000000000000000E+00	0.0000000000000000E+00	0.0000000000000000E+00	
1.5801249197977540E-13	3.7672122366050331E-13	2.9785985504112621E-02	2.2843725494994738E-02	1.1891328288148154E-02	4.5304593410122607E-12	2.7280010546742511E-01	0.0000000000000000E+00	0.0000000000000000E+00	0.0000000000000000E+00	0.0000000000000000E+00	0.0000000000000000E+00	0.0000000000000000E+00	
3.0808688933348094E-15	1.3225563639911688E-04	6.8301331307537250E-13	5.2298593320932092E-13	1.3785149560724824E-06	5.2351210869591214E-06	6.2552185653430570E-12	3.3596850348090657E-01	0.0000000000000000E+00	0.0000000000000000E+00	0.0000000000000000E+00	0.0000000000000000E+00	0.0000000000000000E+00	
2.3436055754543633E-04	1.3610877192853844E-04	2.2781896159516916E-16	2.1340571589598470E-17	1.4428656483737557E-06	3.9769382719715557E-16	1.8919656219330123E-05	4.4024506262729801E-12	1.9199575940518079E-01	0.0000000000000000E+00	0.0000000000000000E+00	0.0000000000000000E+00	0.0000000000000000E+00	
5.8347781691989176E-06	6.0247481339505294E-03	1.4827896965021222E-03	4.9322076222450438E-03	1.5944528925519730E-04	5.5368359395320171E-02	3.9691509619123183E-03	4.5761108680464430E-02	1.3115342145653131E-12	1.0008917849730502E-01	0.0000000000000000E+00	0.0000000000000000E+00	0.0000000000000000E+00	
2.7755575615628914E-17	1.2793516246389913E-12	9.7658516413010640E-02	1.7128633872653953E-06	2.0125892401613796E-01	1.2758531668640537E-05	9.9751804039094338E-14	5.2619508234567625E-03	2.7195830490961474E-02	4.5016291042032641E-14	6.5898970410763272E-03	0.0000000000000000E+00	0.0000000000000000E+00	
1.0718489070168716E-02	3.3806131744700520E-02	1.1147749390261197E-12	3.9962766988897308E-03	5.5623063382970184E-05	2.3918961833548767E-02	2.7098933425035936E-02	8.9535708858906771E-02	9.5222481983220364E-04	3.0721890523978824E-06	5.5811258392601815E-14	1.2409141971731893E-01	0.0000000000000000E+00	

==============================================================

