#stage		 order
11	 		4


A
0.0000000000000000E+00	0.0000000000000000E+00	0.0000000000000000E+00	0.0000000000000000E+00	0.0000000000000000E+00	0.0000000000000000E+00	0.0000000000000000E+00	0.0000000000000000E+00	0.0000000000000000E+00	0.0000000000000000E+00	0.0000000000000000E+00	
3.6406590633830149E-01	0.0000000000000000E+00	0.0000000000000000E+00	0.0000000000000000E+00	0.0000000000000000E+00	0.0000000000000000E+00	0.0000000000000000E+00	0.0000000000000000E+00	0.0000000000000000E+00	0.0000000000000000E+00	0.0000000000000000E+00	
1.2518513867841186E-01	1.2518513867841188E-01	0.0000000000000000E+00	0.0000000000000000E+00	0.0000000000000000E+00	0.0000000000000000E+00	0.0000000000000000E+00	0.0000000000000000E+00	0.0000000000000000E+00	0.0000000000000000E+00	0.0000000000000000E+00	
7.7137108364430065E-02	7.2671640245713376E-02	2.1134510733828160E-01	0.0000000000000000E+00	0.0000000000000000E+00	0.0000000000000000E+00	0.0000000000000000E+00	0.0000000000000000E+00	0.0000000000000000E+00	0.0000000000000000E+00	0.0000000000000000E+00	
6.2010343393065090E-02	5.8443557366579205E-02	1.6881159053868280E-01	2.9079710187709468E-01	0.0000000000000000E+00	0.0000000000000000E+00	0.0000000000000000E+00	0.0000000000000000E+00	0.0000000000000000E+00	0.0000000000000000E+00	0.0000000000000000E+00	
1.3527073191984951E-01	7.9014524843307440E-02	2.0322537046665284E-01	7.1339004545113688E-02	8.9313473825355122E-02	0.0000000000000000E+00	0.0000000000000000E+00	0.0000000000000000E+00	0.0000000000000000E+00	0.0000000000000000E+00	0.0000000000000000E+00	
8.9883014354810803E-02	6.6819282845737321E-02	1.1574280400063018E-01	8.8878528548537172E-02	3.5406790180926261E-02	1.4432766530786922E-01	0.0000000000000000E+00	0.0000000000000000E+00	0.0000000000000000E+00	0.0000000000000000E+00	0.0000000000000000E+00	
8.8276364993400733E-02	7.4945653937901008E-02	1.5337916721338762E-01	6.6197859904098738E-02	2.7288740951771511E-02	8.2226131921522755E-02	2.0741505919080178E-01	0.0000000000000000E+00	0.0000000000000000E+00	0.0000000000000000E+00	0.0000000000000000E+00	
1.0696665500989672E-01	1.0021662308494679E-01	2.2400729135194822E-01	4.0885541955991853E-02	1.9799894605305249E-02	4.0936621930559310E-02	8.6103838819859002E-02	1.5113402200137435E-01	0.0000000000000000E+00	0.0000000000000000E+00	0.0000000000000000E+00	
7.9755700160204557E-02	6.5721921986969842E-02	1.6383783542365477E-01	1.2633998170605462E-01	1.4683093162614194E-01	8.2023692759432873E-02	3.5116374739350864E-02	4.4855672087666096E-02	1.0805257940439983E-01	0.0000000000000000E+00	0.0000000000000000E+00	
7.3020884973947278E-02	6.1689934349314836E-02	1.5856392095189015E-01	1.5546616206109290E-01	1.8607569050134309E-01	6.1918297895168312E-02	2.6508757152480644E-02	3.3860787940356324E-02	8.1567064037525255E-02	2.7482719301901937E-01	0.0000000000000000E+00	

b
1.1560697411338333E-01	
9.9979707739078272E-02	
1.5959124818347326E-01	
8.3689838638737302E-02	
8.4430248708924349E-02	
3.5382213895242702E-02	
6.3395840517026944E-02	
8.3467929383627834E-02	
1.8822132575216236E-01	
3.7094833492685719E-02	
4.9139839575658005E-02	

c
0.0000000000000000E+00	
3.6406590633830149E-01	
2.5037027735682371E-01	
3.6115385594842503E-01	
5.8006259317542186E-01	
5.7816310560027850E-01	
5.4105808523851096E-01	
6.9972897811288426E-01	
7.7005048875988158E-01	
8.5253468989387537E-01	
1.1134986928821380E+00	

r
2.7467554159569354E+00	

errcoeff
1.8152869285604000E-03	

v_opt
1.0000000000000000E+00	
4.4830805734363821E-13	
6.5614704233775223E-01	
4.0722113304288332E-01	
2.0016049435115324E-01	
1.3327715800904305E-01	
3.7279721700037216E-01	
1.4955626460104499E-01	
8.0608175121821946E-02	
1.5527104366973954E-01	
3.8463389754956001E-02	
7.9955671611456447E-02	

alpha_opt
0.0000000000000000E+00	0.0000000000000000E+00	0.0000000000000000E+00	0.0000000000000000E+00	0.0000000000000000E+00	0.0000000000000000E+00	0.0000000000000000E+00	0.0000000000000000E+00	0.0000000000000000E+00	0.0000000000000000E+00	0.0000000000000000E+00	0.0000000000000000E+00	
9.9999999999955169E-01	0.0000000000000000E+00	0.0000000000000000E+00	0.0000000000000000E+00	0.0000000000000000E+00	0.0000000000000000E+00	0.0000000000000000E+00	0.0000000000000000E+00	0.0000000000000000E+00	0.0000000000000000E+00	0.0000000000000000E+00	0.0000000000000000E+00	
1.5407654862094271E-13	3.4385295766209373E-01	0.0000000000000000E+00	0.0000000000000000E+00	0.0000000000000000E+00	0.0000000000000000E+00	0.0000000000000000E+00	0.0000000000000000E+00	0.0000000000000000E+00	0.0000000000000000E+00	0.0000000000000000E+00	0.0000000000000000E+00	
1.2265548739862671E-02	8.9465032066638433E-14	5.8051331821716456E-01	0.0000000000000000E+00	0.0000000000000000E+00	0.0000000000000000E+00	0.0000000000000000E+00	0.0000000000000000E+00	0.0000000000000000E+00	0.0000000000000000E+00	0.0000000000000000E+00	0.0000000000000000E+00	
4.8918744315969727E-15	1.0909911235014542E-03	2.0797665741609684E-13	7.9874851452513240E-01	0.0000000000000000E+00	0.0000000000000000E+00	0.0000000000000000E+00	0.0000000000000000E+00	0.0000000000000000E+00	0.0000000000000000E+00	0.0000000000000000E+00	0.0000000000000000E+00	
1.5211859741614367E-01	2.4823637071946219E-02	4.4445833955516695E-01	8.7864038736089300E-14	2.4532226794761219E-01	0.0000000000000000E+00	0.0000000000000000E+00	0.0000000000000000E+00	0.0000000000000000E+00	0.0000000000000000E+00	0.0000000000000000E+00	0.0000000000000000E+00	
5.1269756221129485E-05	6.4272459677703966E-02	1.1835914979416802E-13	1.6644625720890879E-01	4.3608008813052564E-14	3.9643279635663198E-01	0.0000000000000000E+00	0.0000000000000000E+00	0.0000000000000000E+00	0.0000000000000000E+00	0.0000000000000000E+00	0.0000000000000000E+00	
8.5219540824021537E-15	1.8688303601569405E-02	2.1535753959553414E-01	2.7131236796852573E-02	1.9548218221781443E-02	1.0128188760164394E-13	5.6971843718310766E-01	0.0000000000000000E+00	0.0000000000000000E+00	0.0000000000000000E+00	0.0000000000000000E+00	0.0000000000000000E+00	
4.6453906256968257E-05	3.7890700074308906E-02	4.1072292951071177E-01	1.8233761510780780E-02	1.8685706928129348E-02	1.8684079480440770E-02	1.0600862981564614E-13	4.1512819346744351E-01	0.0000000000000000E+00	0.0000000000000000E+00	0.0000000000000000E+00	0.0000000000000000E+00	
1.2409361825278723E-14	7.0226183539519794E-15	9.3364093710519679E-14	7.3638360997656385E-05	3.4008349543123251E-01	1.8151534101769226E-01	2.6262473833151008E-02	5.5215210459533775E-14	2.9679400768701897E-01	0.0000000000000000E+00	0.0000000000000000E+00	0.0000000000000000E+00	
-2.4229462965780547E-18	9.3260517335477429E-17	-4.0657885796038987E-17	7.4007822649074784E-14	2.0665352936790413E-01	6.1409753270344842E-14	8.8877357459078814E-15	2.7524964234278771E-17	1.0048139093636937E-13	7.5488308087689504E-01	0.0000000000000000E+00	0.0000000000000000E+00	
2.5287943097250225E-02	8.6157583529006487E-02	1.0152237121644280E-13	5.4300357127791413E-14	1.3138072852229851E-01	1.3103368032768198E-15	4.0839913545451551E-02	1.4645563781867583E-02	4.8675747541883346E-01	4.5685488253884176E-14	1.3497512049363306E-01	0.0000000000000000E+00	

beta_opt
0.0000000000000000E+00	0.0000000000000000E+00	0.0000000000000000E+00	0.0000000000000000E+00	0.0000000000000000E+00	0.0000000000000000E+00	0.0000000000000000E+00	0.0000000000000000E+00	0.0000000000000000E+00	0.0000000000000000E+00	0.0000000000000000E+00	0.0000000000000000E+00	
3.6406590633830149E-01	0.0000000000000000E+00	0.0000000000000000E+00	0.0000000000000000E+00	0.0000000000000000E+00	0.0000000000000000E+00	0.0000000000000000E+00	0.0000000000000000E+00	0.0000000000000000E+00	0.0000000000000000E+00	0.0000000000000000E+00	0.0000000000000000E+00	
5.6094018319186034E-14	1.2518513867841188E-01	0.0000000000000000E+00	0.0000000000000000E+00	0.0000000000000000E+00	0.0000000000000000E+00	0.0000000000000000E+00	0.0000000000000000E+00	0.0000000000000000E+00	0.0000000000000000E+00	0.0000000000000000E+00	0.0000000000000000E+00	
4.4654681187167172E-03	3.2571167984940530E-14	2.1134510733828160E-01	0.0000000000000000E+00	0.0000000000000000E+00	0.0000000000000000E+00	0.0000000000000000E+00	0.0000000000000000E+00	0.0000000000000000E+00	0.0000000000000000E+00	0.0000000000000000E+00	0.0000000000000000E+00	
1.7809646986333139E-15	3.9719267218477679E-04	7.5717210279435676E-14	2.9079710187709468E-01	0.0000000000000000E+00	0.0000000000000000E+00	0.0000000000000000E+00	0.0000000000000000E+00	0.0000000000000000E+00	0.0000000000000000E+00	0.0000000000000000E+00	0.0000000000000000E+00	
5.5381195039244380E-02	9.0374399292152130E-03	1.6181212821984095E-01	3.1988300897012323E-14	8.9313473825355122E-02	0.0000000000000000E+00	0.0000000000000000E+00	0.0000000000000000E+00	0.0000000000000000E+00	0.0000000000000000E+00	0.0000000000000000E+00	0.0000000000000000E+00	
1.8665570266397646E-05	2.3399411285165723E-02	4.3090531143263888E-14	6.0597407487406593E-02	1.5876189252139739E-14	1.4432766530786922E-01	0.0000000000000000E+00	0.0000000000000000E+00	0.0000000000000000E+00	0.0000000000000000E+00	0.0000000000000000E+00	0.0000000000000000E+00	
3.1025529367845195E-15	6.8037741886337599E-03	7.8404337839669935E-02	9.8775583145296365E-03	7.1168397842149523E-03	3.6873282205363012E-14	2.0741505919080178E-01	0.0000000000000000E+00	0.0000000000000000E+00	0.0000000000000000E+00	0.0000000000000000E+00	0.0000000000000000E+00	
1.6912283484405224E-05	1.3794712064352205E-02	1.4953021558630664E-01	6.6382909103818184E-03	6.8028288283643401E-03	6.8022363301465799E-03	3.8594127893532004E-14	1.5113402200137435E-01	0.0000000000000000E+00	0.0000000000000000E+00	0.0000000000000000E+00	0.0000000000000000E+00	
4.5178255600020434E-15	2.5566959159006644E-15	3.3990683396189700E-14	2.6809216637890820E-05	1.2381280599492478E-01	6.6083547141941631E-02	9.5612713387563351E-03	2.0101975639619241E-14	1.0805257940439983E-01	0.0000000000000000E+00	0.0000000000000000E+00	0.0000000000000000E+00	
-8.8211213947311601E-19	3.3952974769334689E-17	-1.4802150042140724E-17	2.6943725028871768E-14	7.5235504467368555E-02	2.2357197482389591E-14	3.2357215696307233E-15	1.0020901050886526E-17	3.6581848661398908E-14	2.7482719301901937E-01	0.0000000000000000E+00	0.0000000000000000E+00	
9.2064779231359264E-03	3.1367038735419725E-02	3.6960834090544308E-14	1.9768908732231694E-14	4.7831244004878391E-02	4.7704895589362195E-16	1.4868420139709361E-02	5.3319504520834143E-03	1.7721180145538057E-01	1.6632528687665626E-14	4.9139839575658005E-02	0.0000000000000000E+00	

==============================================================

