#stage		 order
8	 		2


A
0.0000000000000000E+00	0.0000000000000000E+00	0.0000000000000000E+00	0.0000000000000000E+00	0.0000000000000000E+00	0.0000000000000000E+00	0.0000000000000000E+00	0.0000000000000000E+00	
4.9234025377551360E-01	0.0000000000000000E+00	0.0000000000000000E+00	0.0000000000000000E+00	0.0000000000000000E+00	0.0000000000000000E+00	0.0000000000000000E+00	0.0000000000000000E+00	
3.6807860151865407E-01	3.6807860151865401E-01	0.0000000000000000E+00	0.0000000000000000E+00	0.0000000000000000E+00	0.0000000000000000E+00	0.0000000000000000E+00	0.0000000000000000E+00	
3.2510614340776672E-01	3.2487309025935729E-01	4.3454875953994082E-01	0.0000000000000000E+00	0.0000000000000000E+00	0.0000000000000000E+00	0.0000000000000000E+00	0.0000000000000000E+00	
2.7625520518552893E-01	2.0227493834898239E-01	2.5690163175769470E-01	2.9106748505929519E-01	0.0000000000000000E+00	0.0000000000000000E+00	0.0000000000000000E+00	0.0000000000000000E+00	
2.7627033439432064E-01	2.0224800414627314E-01	2.5686742366111825E-01	2.9102872756067205E-01	4.9227469551948261E-01	0.0000000000000000E+00	0.0000000000000000E+00	0.0000000000000000E+00	
3.3880440220085173E-01	3.2118142439506298E-01	4.0510960073666319E-01	1.7850667286935276E-01	1.1685457584995797E-01	1.1687013785684497E-01	0.0000000000000000E+00	0.0000000000000000E+00	
4.5554354658436719E-01	1.1125029547673962E-01	1.1006801871872469E-01	4.5173181847906640E-02	1.4211359927981624E-02	1.2150618517557447E-02	5.1187058680390814E-02	0.0000000000000000E+00	

b
3.5856800262448496E-01	
2.2233678782447505E-01	
1.7146474644645743E-01	
1.2202955801679395E-01	
2.8943586124970725E-02	
2.8689509346410885E-02	
6.4009152428653963E-03	
6.1566894373541708E-02	

c
0.0000000000000000E+00	
4.9234025377551360E-01	
7.3615720303730814E-01	
1.0845279932070648E+00	
1.0264992603515013E+00	
1.5186891852818665E+00	
1.4773268139087337E+00	
7.9958407975366808E-01	

r
2.0311156610321728E+00	

errcoeff
5.3626273824338107E-02	

v_opt
1.0000000000000000E+00	
2.8125390905131553E-11	
2.5238978796464129E-01	
1.1690785112301372E-01	
2.3808255595354055E-01	
2.7712342594465866E-05	
5.2752521296400845E-03	
1.6599378022474909E-04	
1.4074482442805780E-01	

alpha_opt
0.0000000000000000E+00	0.0000000000000000E+00	0.0000000000000000E+00	0.0000000000000000E+00	0.0000000000000000E+00	0.0000000000000000E+00	0.0000000000000000E+00	0.0000000000000000E+00	0.0000000000000000E+00	
9.9999999997187461E-01	0.0000000000000000E+00	0.0000000000000000E+00	0.0000000000000000E+00	0.0000000000000000E+00	0.0000000000000000E+00	0.0000000000000000E+00	0.0000000000000000E+00	0.0000000000000000E+00	
2.1026892551931824E-11	7.4761021201433187E-01	0.0000000000000000E+00	0.0000000000000000E+00	0.0000000000000000E+00	0.0000000000000000E+00	0.0000000000000000E+00	0.0000000000000000E+00	0.0000000000000000E+00	
4.7335789957394419E-04	1.8558691745171534E-11	8.8261879095885365E-01	0.0000000000000000E+00	0.0000000000000000E+00	0.0000000000000000E+00	0.0000000000000000E+00	0.0000000000000000E+00	0.0000000000000000E+00	
1.4998263330112357E-01	2.0743083426105365E-02	1.4675596601741618E-11	5.9119172730455494E-01	0.0000000000000000E+00	0.0000000000000000E+00	0.0000000000000000E+00	0.0000000000000000E+00	0.0000000000000000E+00	
1.0544406885375831E-04	5.8286022379152046E-13	-3.1441155917111987E-16	1.6625262142397546E-11	9.9986684357134392E-01	0.0000000000000000E+00	0.0000000000000000E+00	0.0000000000000000E+00	0.0000000000000000E+00	
9.1146751276095946E-13	3.2281385805853199E-02	5.0281539046129931E-01	2.2225120429427001E-01	6.6753945852015075E-12	2.3737676730135052E-01	0.0000000000000000E+00	0.0000000000000000E+00	0.0000000000000000E+00	
6.9492414442482853E-01	5.4870882166453631E-02	9.0302749639129640E-02	5.1580503103451268E-02	4.1888903602275611E-03	6.9411805526897951E-13	1.0396683652499050E-01	0.0000000000000000E+00	0.0000000000000000E+00	
1.8086083488361784E-01	1.8272475639221522E-01	1.1167282487875883E-01	2.0376169947706707E-01	1.5661844385036813E-12	5.5185576578654215E-02	3.6565742132151323E-13	1.2504948335969707E-01	0.0000000000000000E+00	

beta_opt
0.0000000000000000E+00	0.0000000000000000E+00	0.0000000000000000E+00	0.0000000000000000E+00	0.0000000000000000E+00	0.0000000000000000E+00	0.0000000000000000E+00	0.0000000000000000E+00	0.0000000000000000E+00	
4.9234025377551360E-01	0.0000000000000000E+00	0.0000000000000000E+00	0.0000000000000000E+00	0.0000000000000000E+00	0.0000000000000000E+00	0.0000000000000000E+00	0.0000000000000000E+00	0.0000000000000000E+00	
1.0352385615419735E-11	3.6807860151865401E-01	0.0000000000000000E+00	0.0000000000000000E+00	0.0000000000000000E+00	0.0000000000000000E+00	0.0000000000000000E+00	0.0000000000000000E+00	0.0000000000000000E+00	
2.3305314840943447E-04	9.1371910038162696E-12	4.3454875953994082E-01	0.0000000000000000E+00	0.0000000000000000E+00	0.0000000000000000E+00	0.0000000000000000E+00	0.0000000000000000E+00	0.0000000000000000E+00	
7.3842487743471824E-02	1.0212654958382601E-02	7.2253869554117500E-12	2.9106748505929519E-01	0.0000000000000000E+00	0.0000000000000000E+00	0.0000000000000000E+00	0.0000000000000000E+00	0.0000000000000000E+00	
5.1914359620042205E-05	2.8696555050524084E-13	-1.5479746683661781E-16	8.1852857825026604E-12	4.9227469551948261E-01	0.0000000000000000E+00	0.0000000000000000E+00	0.0000000000000000E+00	0.0000000000000000E+00	
4.4875214655348827E-13	1.5893425680326034E-02	2.4755625694891265E-01	1.0942321432723198E-01	3.2865654642222353E-12	1.1687013785684497E-01	0.0000000000000000E+00	0.0000000000000000E+00	0.0000000000000000E+00	
3.4213912963047455E-01	2.7015144051477896E-02	4.4459678675206199E-02	2.5395157988536112E-02	2.0623593430502446E-03	3.4174225949090697E-13	5.1187058680390814E-02	0.0000000000000000E+00	0.0000000000000000E+00	
8.9045069347156100E-02	8.9962752935742379E-02	5.4981026942182973E-02	1.0032008683309068E-01	7.7109564393385011E-13	2.7170080778246824E-02	1.8002786761339706E-13	6.1566894373541708E-02	0.0000000000000000E+00	

==============================================================

