#stage		 order
4	 		3


A
0.0000000000000000E+00	0.0000000000000000E+00	0.0000000000000000E+00	0.0000000000000000E+00	
7.8476579601603680E-01	0.0000000000000000E+00	0.0000000000000000E+00	0.0000000000000000E+00	
3.7227249720010958E-01	3.7227249720010958E-01	0.0000000000000000E+00	0.0000000000000000E+00	
1.5247640467956092E-01	1.2648128804610942E-01	2.6662777788089981E-01	0.0000000000000000E+00	

b
2.2761712849078533E-01	
2.0997982476026114E-01	
1.4262239978539229E-01	
4.1978064696356121E-01	

c
0.0000000000000000E+00	
7.8476579601603680E-01	
7.4454499440021915E-01	
5.4558547060657014E-01	

r
1.2742655261947284E+00	

errcoeff
3.5273345292444594E-02	

v_opt
1.0000000000000000E+00	
1.7991275136353124E-11	
5.2562599046747682E-01	
6.2712073334885454E-01	
2.7897428930209067E-01	

alpha_opt
0.0000000000000000E+00	0.0000000000000000E+00	0.0000000000000000E+00	0.0000000000000000E+00	0.0000000000000000E+00	
9.9999999998200872E-01	0.0000000000000000E+00	0.0000000000000000E+00	0.0000000000000000E+00	0.0000000000000000E+00	
8.5345748687533473E-12	4.7437400952398862E-01	0.0000000000000000E+00	0.0000000000000000E+00	0.0000000000000000E+00	
3.3124680974822455E-02	2.8996432800186613E-12	3.3975458567342337E-01	0.0000000000000000E+00	0.0000000000000000E+00	
4.7558185408845847E-03	1.8135788517399290E-01	3.2696983832550492E-12	5.3491200697976216E-01	0.0000000000000000E+00	

beta_opt
0.0000000000000000E+00	0.0000000000000000E+00	0.0000000000000000E+00	0.0000000000000000E+00	0.0000000000000000E+00	
7.8476579601603680E-01	0.0000000000000000E+00	0.0000000000000000E+00	0.0000000000000000E+00	0.0000000000000000E+00	
6.6976424406561819E-12	3.7227249720010958E-01	0.0000000000000000E+00	0.0000000000000000E+00	0.0000000000000000E+00	
2.5995116633451498E-02	2.2755408668473365E-12	2.6662777788089981E-01	0.0000000000000000E+00	0.0000000000000000E+00	
3.7322037230122646E-03	1.4232346512491412E-01	2.5659474545136618E-12	4.1978064696356121E-01	0.0000000000000000E+00	

==============================================================

