#stage		 order
15	 		4


A
0.0000000000000000E+00	0.0000000000000000E+00	0.0000000000000000E+00	0.0000000000000000E+00	0.0000000000000000E+00	0.0000000000000000E+00	0.0000000000000000E+00	0.0000000000000000E+00	0.0000000000000000E+00	0.0000000000000000E+00	0.0000000000000000E+00	0.0000000000000000E+00	0.0000000000000000E+00	0.0000000000000000E+00	0.0000000000000000E+00	
2.9115596648180836E-01	0.0000000000000000E+00	0.0000000000000000E+00	0.0000000000000000E+00	0.0000000000000000E+00	0.0000000000000000E+00	0.0000000000000000E+00	0.0000000000000000E+00	0.0000000000000000E+00	0.0000000000000000E+00	0.0000000000000000E+00	0.0000000000000000E+00	0.0000000000000000E+00	0.0000000000000000E+00	0.0000000000000000E+00	
2.9115496978798733E-01	2.9115496978798733E-01	0.0000000000000000E+00	0.0000000000000000E+00	0.0000000000000000E+00	0.0000000000000000E+00	0.0000000000000000E+00	0.0000000000000000E+00	0.0000000000000000E+00	0.0000000000000000E+00	0.0000000000000000E+00	0.0000000000000000E+00	0.0000000000000000E+00	0.0000000000000000E+00	0.0000000000000000E+00	
1.4642328858958720E-01	1.4642328375376165E-01	1.4642378499604608E-01	0.0000000000000000E+00	0.0000000000000000E+00	0.0000000000000000E+00	0.0000000000000000E+00	0.0000000000000000E+00	0.0000000000000000E+00	0.0000000000000000E+00	0.0000000000000000E+00	0.0000000000000000E+00	0.0000000000000000E+00	0.0000000000000000E+00	0.0000000000000000E+00	
1.3990495886615956E-01	1.3039901095598019E-01	1.3039945734330644E-01	2.5929243689827414E-01	0.0000000000000000E+00	0.0000000000000000E+00	0.0000000000000000E+00	0.0000000000000000E+00	0.0000000000000000E+00	0.0000000000000000E+00	0.0000000000000000E+00	0.0000000000000000E+00	0.0000000000000000E+00	0.0000000000000000E+00	0.0000000000000000E+00	
9.6991694779854462E-02	9.6619903903113064E-02	5.1001045259828452E-03	1.0141288605952089E-02	1.1387515658990611E-02	0.0000000000000000E+00	0.0000000000000000E+00	0.0000000000000000E+00	0.0000000000000000E+00	0.0000000000000000E+00	0.0000000000000000E+00	0.0000000000000000E+00	0.0000000000000000E+00	0.0000000000000000E+00	0.0000000000000000E+00	
7.9141636646274757E-02	7.8838290702014091E-02	4.1672620301147273E-03	8.2742800744594891E-03	9.2910770589331310E-03	2.3755423059417496E-01	0.0000000000000000E+00	0.0000000000000000E+00	0.0000000000000000E+00	0.0000000000000000E+00	0.0000000000000000E+00	0.0000000000000000E+00	0.0000000000000000E+00	0.0000000000000000E+00	0.0000000000000000E+00	
5.2924639785877525E-02	5.2728668332335735E-02	2.6863031825064797E-03	5.3337720163369046E-03	5.9890872646399052E-03	1.5312896535983234E-01	1.8768098465005653E-01	0.0000000000000000E+00	0.0000000000000000E+00	0.0000000000000000E+00	0.0000000000000000E+00	0.0000000000000000E+00	0.0000000000000000E+00	0.0000000000000000E+00	0.0000000000000000E+00	
6.7889538802475932E-02	5.1213367548324187E-02	3.0416379118554961E-02	3.3676838903785179E-02	3.7815250309670249E-02	1.8520106561024100E-02	2.2698983350596974E-02	3.5213713567841448E-02	0.0000000000000000E+00	0.0000000000000000E+00	0.0000000000000000E+00	0.0000000000000000E+00	0.0000000000000000E+00	0.0000000000000000E+00	0.0000000000000000E+00	
6.8251316297700509E-02	5.7885296550553945E-02	1.9318871737059200E-02	2.1808345583461092E-02	2.4488285986603055E-02	3.8591135013822477E-02	1.4062704092076056E-02	2.1815956521242002E-02	1.8037989357271542E-01	0.0000000000000000E+00	0.0000000000000000E+00	0.0000000000000000E+00	0.0000000000000000E+00	0.0000000000000000E+00	0.0000000000000000E+00	
5.4544587281257169E-02	4.8944991196754523E-02	1.2819659561540356E-02	1.4308548989667947E-02	1.6066867473868450E-02	9.9127809083116275E-02	9.7005005723945534E-02	1.8265689270576157E-02	9.5687739909761774E-02	7.5697024406260668E-18	0.0000000000000000E+00	0.0000000000000000E+00	0.0000000000000000E+00	0.0000000000000000E+00	0.0000000000000000E+00	
6.3441293643978700E-02	5.7082853775043789E-02	1.2857472172555735E-02	1.5512809773961148E-02	1.7419118008482486E-02	8.9796996590728040E-02	8.9944013765073896E-02	1.3203189787658524E-02	1.0916734117637977E-01	1.7620989844771692E-01	1.2322286258523535E-32	0.0000000000000000E+00	0.0000000000000000E+00	0.0000000000000000E+00	0.0000000000000000E+00	
5.9005589039868654E-02	5.3420874405289948E-02	1.1432194470082398E-02	1.3930257254779038E-02	1.5641187848800742E-02	8.8621158740028502E-02	9.0999266173423035E-02	3.0573036477413443E-02	9.5571938013000318E-02	1.5426519790171012E-01	1.9407550664258386E-31	2.5489619587350593E-01	0.0000000000000000E+00	0.0000000000000000E+00	0.0000000000000000E+00	
9.9181783850532876E-02	9.1755936235572266E-02	7.7777444088904024E-02	1.2514101469325339E-01	1.4051379201551190E-01	2.6959845954117073E-02	2.7770336758976898E-02	9.6020314668177446E-03	5.3498930926323497E-02	4.6177418414416797E-02	7.8631342890411006E-18	4.1981425951404930E-02	4.7953413370011987E-02	0.0000000000000000E+00	0.0000000000000000E+00	
9.9182411623281799E-02	9.1756589156410787E-02	7.7778132711117415E-02	1.2514055718674752E-01	1.4051327828226889E-01	2.6959778460897803E-02	2.7770266151935400E-02	9.6020013282968244E-03	5.3498773070085041E-02	4.6177312328865384E-02	7.8631051835293571E-18	4.1981373171996045E-02	4.7953235869720084E-02	2.9115488876355206E-01	0.0000000000000000E+00	

b
1.2389122528048313E-01	
1.1844732890416544E-01	
7.4261996396595989E-02	
8.5259364636656093E-02	
9.0831313540797445E-02	
3.9680324092486688E-02	
4.1849426864443165E-02	
2.2246322625980960E-02	
4.1567410274690186E-02	
5.9406575673917890E-02	
1.8154017679634976E-16	
9.1600175026357478E-02	
9.9670382476494360E-02	
5.5643974119574335E-02	
5.5644180087356693E-02	

c
0.0000000000000000E+00	
2.9115596648180836E-01	
5.8230993957597466E-01	
4.3927035733939490E-01	
6.5999586406372035E-01	
2.2024050747389307E-01	
4.1726677710597121E-01	
4.6047242059158544E-01	
2.9744417816227303E-01	
4.4660180535523375E-01	
4.5677089849048813E-01	
6.4463498714157896E-01	
8.6835689619790202E-01	
7.8831337372584331E-01	
1.0794685981051750E+00	

r
3.4345852914626112E+00	

errcoeff
2.6424369603017177E-03	

v_opt
1.0000000000000000E+00	
3.8533238821969462E-09	
3.4232299377379150E-06	
4.9709500512324789E-01	
7.6789037791022086E-02	
6.4655598942464620E-01	
1.8407882916513696E-01	
3.4883531998300821E-01	
6.0168941646803953E-01	
2.2840166819708685E-01	
2.8290886458992737E-01	
1.1510294709601154E-01	
5.9183799264091785E-02	
1.4657960004642745E-01	
5.9649196693101203E-10	
4.6745945782139087E-02	

alpha_opt
0.0000000000000000E+00	0.0000000000000000E+00	0.0000000000000000E+00	0.0000000000000000E+00	0.0000000000000000E+00	0.0000000000000000E+00	0.0000000000000000E+00	0.0000000000000000E+00	0.0000000000000000E+00	0.0000000000000000E+00	0.0000000000000000E+00	0.0000000000000000E+00	0.0000000000000000E+00	0.0000000000000000E+00	0.0000000000000000E+00	0.0000000000000000E+00	
9.9999999614667612E-01	0.0000000000000000E+00	0.0000000000000000E+00	0.0000000000000000E+00	0.0000000000000000E+00	0.0000000000000000E+00	0.0000000000000000E+00	0.0000000000000000E+00	0.0000000000000000E+00	0.0000000000000000E+00	0.0000000000000000E+00	0.0000000000000000E+00	0.0000000000000000E+00	0.0000000000000000E+00	0.0000000000000000E+00	0.0000000000000000E+00	
3.8533106635354628E-09	9.9999657291675159E-01	0.0000000000000000E+00	0.0000000000000000E+00	0.0000000000000000E+00	0.0000000000000000E+00	0.0000000000000000E+00	0.0000000000000000E+00	0.0000000000000000E+00	0.0000000000000000E+00	0.0000000000000000E+00	0.0000000000000000E+00	0.0000000000000000E+00	0.0000000000000000E+00	0.0000000000000000E+00	0.0000000000000000E+00	
1.6609055234316909E-08	1.9378490408534888E-09	5.0290497632984787E-01	0.0000000000000000E+00	0.0000000000000000E+00	0.0000000000000000E+00	0.0000000000000000E+00	0.0000000000000000E+00	0.0000000000000000E+00	0.0000000000000000E+00	0.0000000000000000E+00	0.0000000000000000E+00	0.0000000000000000E+00	0.0000000000000000E+00	0.0000000000000000E+00	0.0000000000000000E+00	
3.2648973956511430E-02	9.9331340026815142E-17	1.7257805797068711E-09	8.9056198652668583E-01	0.0000000000000000E+00	0.0000000000000000E+00	0.0000000000000000E+00	0.0000000000000000E+00	0.0000000000000000E+00	0.0000000000000000E+00	0.0000000000000000E+00	0.0000000000000000E+00	0.0000000000000000E+00	0.0000000000000000E+00	0.0000000000000000E+00	0.0000000000000000E+00	
1.2322602397295118E-09	3.1433261557091757E-01	2.0716243710522670E-18	1.3421558385455729E-10	3.9111393637960450E-02	0.0000000000000000E+00	0.0000000000000000E+00	0.0000000000000000E+00	0.0000000000000000E+00	0.0000000000000000E+00	0.0000000000000000E+00	0.0000000000000000E+00	0.0000000000000000E+00	0.0000000000000000E+00	0.0000000000000000E+00	0.0000000000000000E+00	
5.7320162368540055E-09	1.0125674123056731E-09	2.0900787773196803E-05	1.1163696063254421E-17	1.2296339645198263E-10	8.1590026317954278E-01	0.0000000000000000E+00	0.0000000000000000E+00	0.0000000000000000E+00	0.0000000000000000E+00	0.0000000000000000E+00	0.0000000000000000E+00	0.0000000000000000E+00	0.0000000000000000E+00	0.0000000000000000E+00	0.0000000000000000E+00	
1.4862795849086767E-06	6.5564376719621344E-03	7.2699079057564328E-12	4.0714915169501100E-07	5.9938925903186587E-18	2.0265958536161941E-09	6.4460634688242724E-01	0.0000000000000000E+00	0.0000000000000000E+00	0.0000000000000000E+00	0.0000000000000000E+00	0.0000000000000000E+00	0.0000000000000000E+00	0.0000000000000000E+00	0.0000000000000000E+00	0.0000000000000000E+00	
5.3035111349976162E-02	5.0642075613820531E-02	4.6297023775856642E-02	4.3716113675162144E-10	1.2739186984288753E-01	7.4393353367079471E-18	3.0041127006757768E-10	1.2094450221184729E-01	0.0000000000000000E+00	0.0000000000000000E+00	0.0000000000000000E+00	0.0000000000000000E+00	0.0000000000000000E+00	0.0000000000000000E+00	0.0000000000000000E+00	0.0000000000000000E+00	
6.2798813667149975E-09	5.8931271545411987E-02	1.1052257008511404E-10	7.6092226920244446E-12	3.3937937391853465E-09	9.3136923220399681E-02	3.3804249201376218E-12	2.8872478210996006E-10	6.1953012695318932E-01	0.0000000000000000E+00	0.0000000000000000E+00	0.0000000000000000E+00	0.0000000000000000E+00	0.0000000000000000E+00	0.0000000000000000E+00	0.0000000000000000E+00	
6.5765881460664252E-07	2.3641120401687552E-06	4.0931120245505017E-03	2.8466981036801952E-10	2.0342278835443974E-09	6.8627820032850118E-02	2.9273254181486102E-01	2.2986934647076913E-02	3.2864770280098166E-01	2.5998788563141167E-17	0.0000000000000000E+00	0.0000000000000000E+00	0.0000000000000000E+00	0.0000000000000000E+00	0.0000000000000000E+00	0.0000000000000000E+00	
-1.0406508652468023E-15	2.4882322174816285E-09	2.2523038871190068E-14	-5.2305692423402797E-18	2.0256003579400104E-15	1.4697355854195694E-08	2.7968911118558476E-01	1.4226349610189505E-12	1.4447827047214136E-09	6.0520792308658677E-01	4.2321942977636633E-32	0.0000000000000000E+00	0.0000000000000000E+00	0.0000000000000000E+00	0.0000000000000000E+00	0.0000000000000000E+00	
1.8307768901217730E-05	2.5482979644925323E-06	1.6760282399805320E-09	2.7388409249190559E-06	8.2496962674149604E-09	2.4192597647008131E-05	7.9645779825993244E-09	6.5305671460547512E-02	1.4512352414727325E-11	2.0416335095898010E-09	6.2951759458720740E-31	8.7546272182347473E-01	0.0000000000000000E+00	0.0000000000000000E+00	0.0000000000000000E+00	0.0000000000000000E+00	
7.4943750218247192E-11	3.6857282386375578E-05	4.2472023264504270E-02	1.5928466011860977E-05	4.5557721711368937E-01	1.2864717470215669E-07	3.3793084526724616E-02	8.4907849788459680E-11	8.5488987834164462E-02	7.1336084502032188E-02	2.7006605269870571E-17	5.5560609270272297E-10	1.6470008760142690E-01	0.0000000000000000E+00	0.0000000000000000E+00	0.0000000000000000E+00	
9.7035555630561966E-18	1.6175138092660644E-13	3.3378494552125536E-06	7.7190028347234624E-11	1.7554801004070124E-09	4.9485172378919971E-16	1.3602676525298332E-10	1.8721894452695060E-09	3.2941559402695375E-10	9.6759110325622277E-09	1.0406449768024586E-25	3.5244161821918840E-07	6.3464046435866133E-10	9.9999629463141892E-01	0.0000000000000000E+00	0.0000000000000000E+00	
9.3405344724358181E-04	8.9157162908205648E-02	9.3062895366906595E-02	1.4999799786313408E-02	2.0138307012372009E-01	6.4323110782330549E-10	3.2121039926697697E-05	3.6784173072862927E-02	2.1636949273825461E-05	3.4781586112482979E-11	6.1835387894539756E-16	1.4914518468562486E-02	3.1084993989330301E-01	7.3642405116119374E-10	1.9111468174710525E-01	0.0000000000000000E+00	

beta_opt
0.0000000000000000E+00	0.0000000000000000E+00	0.0000000000000000E+00	0.0000000000000000E+00	0.0000000000000000E+00	0.0000000000000000E+00	0.0000000000000000E+00	0.0000000000000000E+00	0.0000000000000000E+00	0.0000000000000000E+00	0.0000000000000000E+00	0.0000000000000000E+00	0.0000000000000000E+00	0.0000000000000000E+00	0.0000000000000000E+00	0.0000000000000000E+00	
2.9115596648180836E-01	0.0000000000000000E+00	0.0000000000000000E+00	0.0000000000000000E+00	0.0000000000000000E+00	0.0000000000000000E+00	0.0000000000000000E+00	0.0000000000000000E+00	0.0000000000000000E+00	0.0000000000000000E+00	0.0000000000000000E+00	0.0000000000000000E+00	0.0000000000000000E+00	0.0000000000000000E+00	0.0000000000000000E+00	0.0000000000000000E+00	
1.1219143947194254E-09	2.9115496978798733E-01	0.0000000000000000E+00	0.0000000000000000E+00	0.0000000000000000E+00	0.0000000000000000E+00	0.0000000000000000E+00	0.0000000000000000E+00	0.0000000000000000E+00	0.0000000000000000E+00	0.0000000000000000E+00	0.0000000000000000E+00	0.0000000000000000E+00	0.0000000000000000E+00	0.0000000000000000E+00	0.0000000000000000E+00	
4.8358255477312794E-09	5.6421631255965110E-10	1.4642378499604608E-01	0.0000000000000000E+00	0.0000000000000000E+00	0.0000000000000000E+00	0.0000000000000000E+00	0.0000000000000000E+00	0.0000000000000000E+00	0.0000000000000000E+00	0.0000000000000000E+00	0.0000000000000000E+00	0.0000000000000000E+00	0.0000000000000000E+00	0.0000000000000000E+00	0.0000000000000000E+00	
9.5059436035769551E-03	2.8920912418882141E-17	5.0247131455627425E-10	2.5929243689827414E-01	0.0000000000000000E+00	0.0000000000000000E+00	0.0000000000000000E+00	0.0000000000000000E+00	0.0000000000000000E+00	0.0000000000000000E+00	0.0000000000000000E+00	0.0000000000000000E+00	0.0000000000000000E+00	0.0000000000000000E+00	0.0000000000000000E+00	0.0000000000000000E+00	
3.5877992243804613E-10	9.1519816835960721E-02	6.0316579826518430E-19	3.9077668184672731E-11	1.1387515658990611E-02	0.0000000000000000E+00	0.0000000000000000E+00	0.0000000000000000E+00	0.0000000000000000E+00	0.0000000000000000E+00	0.0000000000000000E+00	0.0000000000000000E+00	0.0000000000000000E+00	0.0000000000000000E+00	0.0000000000000000E+00	0.0000000000000000E+00	
1.6689107337614997E-09	2.9481504469385981E-10	6.0853890877852530E-06	3.2503767293307544E-18	3.5801526673817641E-11	2.3755423059417496E-01	0.0000000000000000E+00	0.0000000000000000E+00	0.0000000000000000E+00	0.0000000000000000E+00	0.0000000000000000E+00	0.0000000000000000E+00	0.0000000000000000E+00	0.0000000000000000E+00	0.0000000000000000E+00	0.0000000000000000E+00	
4.3273917067375087E-07	1.9089459544136599E-03	2.1166770706904958E-12	1.1854390522079738E-07	1.7451575968470363E-18	5.9005547670132330E-10	1.8768098465005653E-01	0.0000000000000000E+00	0.0000000000000000E+00	0.0000000000000000E+00	0.0000000000000000E+00	0.0000000000000000E+00	0.0000000000000000E+00	0.0000000000000000E+00	0.0000000000000000E+00	0.0000000000000000E+00	
1.5441489162073692E-02	1.4744742526803002E-02	1.3479654754632276E-02	1.2728207376966338E-10	3.7090903128953918E-02	2.1660068782877976E-18	8.7466534015590014E-11	3.5213713567841448E-02	0.0000000000000000E+00	0.0000000000000000E+00	0.0000000000000000E+00	0.0000000000000000E+00	0.0000000000000000E+00	0.0000000000000000E+00	0.0000000000000000E+00	0.0000000000000000E+00	
1.8284249357625182E-09	1.7158191388922387E-02	3.2179305835182065E-11	2.2154705956086104E-12	9.8812329997997883E-10	2.7117370999869460E-02	9.8423088853441949E-13	8.4063943306400546E-11	1.8037989357271542E-01	0.0000000000000000E+00	0.0000000000000000E+00	0.0000000000000000E+00	0.0000000000000000E+00	0.0000000000000000E+00	0.0000000000000000E+00	0.0000000000000000E+00	
1.9148128851991685E-07	6.8832532857895402E-07	1.1917339920184495E-03	8.2883314085270084E-11	5.9227758775984990E-10	1.9981399346198886E-02	8.5230826461204209E-02	6.6927831994133061E-03	9.5687739909761774E-02	7.5697024406260668E-18	0.0000000000000000E+00	0.0000000000000000E+00	0.0000000000000000E+00	0.0000000000000000E+00	0.0000000000000000E+00	0.0000000000000000E+00	
-3.0299170960858803E-16	7.2446365890362986E-10	6.5577171759176899E-15	-1.5229114488718751E-18	5.8976563219447862E-16	4.2792228649446429E-09	8.1433153795465202E-02	4.1420865862236242E-13	4.2065710637029241E-10	1.7620989844771692E-01	1.2322286258523535E-32	0.0000000000000000E+00	0.0000000000000000E+00	0.0000000000000000E+00	0.0000000000000000E+00	0.0000000000000000E+00	
5.3304161690994623E-06	7.4195215959443019E-07	4.8798562394270264E-10	7.9742987960749325E-07	2.4019482991760543E-09	7.0438191767622919E-06	2.3189344090790431E-09	1.9014135964106785E-02	4.2253580095162123E-12	5.9443377997681068E-10	1.8328780437560885E-31	2.5489619587350593E-01	0.0000000000000000E+00	0.0000000000000000E+00	0.0000000000000000E+00	0.0000000000000000E+00	
2.1820320110645759E-11	1.0731217716448971E-05	1.2365983029664728E-02	4.6376679341264548E-06	1.3264402546694926E-01	3.7456392629892088E-08	9.8390582236930271E-03	2.4721427162310849E-11	2.4890628972319365E-02	2.0769926708250386E-02	7.8631342890410683E-18	1.6176802952738711E-10	4.7953413370011987E-02	0.0000000000000000E+00	0.0000000000000000E+00	0.0000000000000000E+00	
2.8252481091581508E-18	4.7094879824925067E-14	9.7183478784798272E-07	2.2474337392798182E-11	5.1111850724309084E-10	1.4407903246021650E-16	3.9605004457237335E-11	5.4509912947492721E-10	9.5911316022674098E-11	2.8171992391332285E-09	3.0298999515287743E-26	1.0261548037643099E-07	1.8477935848082438E-10	2.9115488876355206E-01	0.0000000000000000E+00	0.0000000000000000E+00	
2.7195523522580145E-04	2.5958640035341696E-02	2.7095817348556053E-02	4.3672812206462519E-03	5.8633882640880847E-02	1.8728057559111151E-10	9.3522324602956022E-06	1.0709931503532350E-02	6.2997269018134016E-06	1.0126866359372322E-11	1.8003742194586486E-16	4.3424510560579610E-03	9.0505815029194886E-02	2.1441425718249363E-10	5.5644180087356693E-02	0.0000000000000000E+00	

==============================================================

