#stage		 order
5	 		2


A
0.0000000000000000E+00	0.0000000000000000E+00	0.0000000000000000E+00	0.0000000000000000E+00	0.0000000000000000E+00	
7.6880086429654171E-01	0.0000000000000000E+00	0.0000000000000000E+00	0.0000000000000000E+00	0.0000000000000000E+00	
2.2365531538318176E-01	2.2365531538318176E-01	0.0000000000000000E+00	0.0000000000000000E+00	0.0000000000000000E+00	
1.6057716488213686E-01	1.5222705493178404E-01	5.2327078030926677E-01	0.0000000000000000E+00	0.0000000000000000E+00	
1.7908015351889944E-01	1.7021927202585402E-01	4.3906762838361574E-01	6.4508775358420045E-01	0.0000000000000000E+00	

b
2.4583429037174542E-01	
1.7757738327339578E-01	
4.2865409717442393E-01	
6.7495104192334870E-02	
8.0439124988100047E-02	

c
0.0000000000000000E+00	
7.6880086429654171E-01	
4.4731063076636352E-01	
8.3607500012318769E-01	
1.4334548075125697E+00	

r
1.3007269456116015E+00	

errcoeff
3.4932287764408494E-02	

v_opt
1.0000000000000000E+00	
4.3013592687657365E-11	
7.0908550475183452E-01	
3.0850638321051127E-01	
1.0323938731306925E-01	
2.4699115134108773E-01	

alpha_opt
0.0000000000000000E+00	0.0000000000000000E+00	0.0000000000000000E+00	0.0000000000000000E+00	0.0000000000000000E+00	0.0000000000000000E+00	
9.9999999995698641E-01	0.0000000000000000E+00	0.0000000000000000E+00	0.0000000000000000E+00	0.0000000000000000E+00	0.0000000000000000E+00	
1.2513281049240014E-11	2.9091449523565216E-01	0.0000000000000000E+00	0.0000000000000000E+00	0.0000000000000000E+00	0.0000000000000000E+00	
1.0861213010776282E-02	8.5169953084586495E-12	6.8063240377019540E-01	0.0000000000000000E+00	0.0000000000000000E+00	0.0000000000000000E+00	
2.4121278715898602E-03	5.5265461455840992E-02	2.4565389720346443E-11	8.3908302333493445E-01	0.0000000000000000E+00	0.0000000000000000E+00	
8.7577683721996785E-02	6.2994449991011142E-02	4.9780737759318727E-01	3.7762775622667189E-12	1.0462933734894074E-01	0.0000000000000000E+00	

beta_opt
0.0000000000000000E+00	0.0000000000000000E+00	0.0000000000000000E+00	0.0000000000000000E+00	0.0000000000000000E+00	0.0000000000000000E+00	
7.6880086429654171E-01	0.0000000000000000E+00	0.0000000000000000E+00	0.0000000000000000E+00	0.0000000000000000E+00	0.0000000000000000E+00	
9.6202212862550596E-12	2.2365531538318176E-01	0.0000000000000000E+00	0.0000000000000000E+00	0.0000000000000000E+00	0.0000000000000000E+00	
8.3501099503528187E-03	6.5478733546342482E-12	5.2327078030926677E-01	0.0000000000000000E+00	0.0000000000000000E+00	0.0000000000000000E+00	
1.8544459925518286E-03	4.2488134534825334E-02	1.8885892849596075E-11	6.4508775358420045E-01	0.0000000000000000E+00	0.0000000000000000E+00	
6.7329798941456395E-02	4.8430187601057800E-02	3.8271474216329920E-01	2.9032054538191687E-12	8.0439124988100047E-02	0.0000000000000000E+00	

==============================================================

