#stage		 order
14	 		2


A
0.0000000000000000E+00	0.0000000000000000E+00	0.0000000000000000E+00	0.0000000000000000E+00	0.0000000000000000E+00	0.0000000000000000E+00	0.0000000000000000E+00	0.0000000000000000E+00	0.0000000000000000E+00	0.0000000000000000E+00	0.0000000000000000E+00	0.0000000000000000E+00	0.0000000000000000E+00	0.0000000000000000E+00	
2.4412391410622394E-01	0.0000000000000000E+00	0.0000000000000000E+00	0.0000000000000000E+00	0.0000000000000000E+00	0.0000000000000000E+00	0.0000000000000000E+00	0.0000000000000000E+00	0.0000000000000000E+00	0.0000000000000000E+00	0.0000000000000000E+00	0.0000000000000000E+00	0.0000000000000000E+00	0.0000000000000000E+00	
2.4412391410622394E-01	2.4412391410622394E-01	0.0000000000000000E+00	0.0000000000000000E+00	0.0000000000000000E+00	0.0000000000000000E+00	0.0000000000000000E+00	0.0000000000000000E+00	0.0000000000000000E+00	0.0000000000000000E+00	0.0000000000000000E+00	0.0000000000000000E+00	0.0000000000000000E+00	0.0000000000000000E+00	
2.4412391410622394E-01	2.4412391410622394E-01	2.4412391410622394E-01	0.0000000000000000E+00	0.0000000000000000E+00	0.0000000000000000E+00	0.0000000000000000E+00	0.0000000000000000E+00	0.0000000000000000E+00	0.0000000000000000E+00	0.0000000000000000E+00	0.0000000000000000E+00	0.0000000000000000E+00	0.0000000000000000E+00	
2.4412391410622394E-01	2.4412391410622394E-01	2.4412391410622394E-01	2.4412391410622394E-01	0.0000000000000000E+00	0.0000000000000000E+00	0.0000000000000000E+00	0.0000000000000000E+00	0.0000000000000000E+00	0.0000000000000000E+00	0.0000000000000000E+00	0.0000000000000000E+00	0.0000000000000000E+00	0.0000000000000000E+00	
2.3384850764713788E-01	2.3384850764713774E-01	2.3384850764713755E-01	2.3384850764713741E-01	2.3384850764713727E-01	0.0000000000000000E+00	0.0000000000000000E+00	0.0000000000000000E+00	0.0000000000000000E+00	0.0000000000000000E+00	0.0000000000000000E+00	0.0000000000000000E+00	0.0000000000000000E+00	0.0000000000000000E+00	
8.5338745869895954E-02	4.0642943407564046E-02	4.0642943407564081E-02	4.0642943407564122E-02	4.0642943407564108E-02	4.2428812248064045E-02	0.0000000000000000E+00	0.0000000000000000E+00	0.0000000000000000E+00	0.0000000000000000E+00	0.0000000000000000E+00	0.0000000000000000E+00	0.0000000000000000E+00	0.0000000000000000E+00	
1.5614672534594451E-01	1.0958210410206252E-01	1.2989018748246750E-03	1.2989018748246750E-03	1.2944013476527058E-03	1.3512779131782729E-03	7.7748877645162258E-03	0.0000000000000000E+00	0.0000000000000000E+00	0.0000000000000000E+00	0.0000000000000000E+00	0.0000000000000000E+00	0.0000000000000000E+00	0.0000000000000000E+00	
1.5632172060870100E-01	1.0983810823749224E-01	1.7658227024386053E-03	1.7194749378661974E-03	1.5251615614819093E-03	1.3485900887828452E-03	7.7594227496445255E-03	2.4363832768020005E-01	0.0000000000000000E+00	0.0000000000000000E+00	0.0000000000000000E+00	0.0000000000000000E+00	0.0000000000000000E+00	0.0000000000000000E+00	
2.0224857205705596E-01	1.7783975356539991E-01	9.6553185550353582E-02	9.6514607603246066E-02	2.8801586923373361E-02	2.8765426378850739E-02	3.5960123706290001E-03	1.1291129102839578E-01	4.6306937078503432E-02	0.0000000000000000E+00	0.0000000000000000E+00	0.0000000000000000E+00	0.0000000000000000E+00	0.0000000000000000E+00	
1.9264603884363540E-01	1.6414170970116285E-01	8.1592757312691569E-02	8.1537658709329885E-02	3.6623083670289776E-02	1.9400780189873082E-02	4.4414052504538493E-03	1.3945580524276563E-01	9.5492946577443380E-02	1.6160909780896687E-01	0.0000000000000000E+00	0.0000000000000000E+00	0.0000000000000000E+00	0.0000000000000000E+00	
1.8526835377447379E-01	1.5810020658980090E-01	7.9578233246647034E-02	7.9494719525014884E-02	3.6768183996099324E-02	1.8488447008916737E-02	4.2247405277918669E-03	1.3265274367492652E-01	9.0834521682689323E-02	1.5372533391398882E-01	2.3221483642418270E-01	0.0000000000000000E+00	0.0000000000000000E+00	0.0000000000000000E+00	
1.6878047059154752E-01	1.4792366360999290E-01	5.4900667068282380E-02	5.4846716443426896E-02	2.6914387578019998E-02	1.5231191875655839E-02	2.0147493535291293E-02	8.5694880618233965E-02	5.8679928329953050E-02	9.9307965842397414E-02	1.5001289934813566E-01	1.5770627199888818E-01	0.0000000000000000E+00	0.0000000000000000E+00	
1.3939042684405298E-01	1.0840622085758798E-01	7.7330372524392829E-02	7.7311231753175697E-02	7.0341914008349604E-02	2.5154080316201310E-02	1.2789103856272649E-01	3.9102401523238857E-02	1.4640379481832772E-02	2.4776893000390356E-02	3.7427546967631897E-02	3.9347009010408135E-02	6.0907823932728700E-02	0.0000000000000000E+00	

b
1.9757724926068340E-01	
1.7580922638580918E-01	
1.4798089977950429E-01	
1.4569798588423299E-01	
6.2518311584244354E-02	
4.6921831686334355E-02	
4.8592934463145554E-02	
1.4857017719260108E-02	
5.5626347463340964E-03	
9.4140186790355150E-03	
1.4220654149747592E-02	
1.4949956710974670E-02	
2.3142021567966145E-02	
9.2755257382727815E-02	

c
0.0000000000000000E+00	
2.4412391410622394E-01	
4.8824782821244789E-01	
7.3237174231867175E-01	
9.7649565642489589E-01	
1.1692425382356879E+00	
2.9033933174821636E-01	
2.7874720022300359E-01	
5.2391662856660726E-01	
7.9353737255580781E-01	
9.7694128330661223E-01	
1.1713503203645319E+00	
1.0401465368398246E+00	
8.4202733878271774E-01	

r
4.0962803814659337E+00	

errcoeff
2.5992895877355336E-02	

v_opt
1.0000000000000000E+00	
6.8197028310634789E-04	
4.6508346707163639E-07	
3.1717306558931568E-10	
2.1627144519698049E-13	
4.2090945889942777E-02	
6.4324299849637034E-01	
3.3980458590849738E-01	
2.3130813477756362E-04	
7.4727043543054705E-05	
1.7893013833275573E-03	
4.0503252663630751E-02	
1.0647881786091251E-01	
2.6152780625188221E-04	
2.1250993170673915E-02	

alpha_opt
0.0000000000000000E+00	0.0000000000000000E+00	0.0000000000000000E+00	0.0000000000000000E+00	0.0000000000000000E+00	0.0000000000000000E+00	0.0000000000000000E+00	0.0000000000000000E+00	0.0000000000000000E+00	0.0000000000000000E+00	0.0000000000000000E+00	0.0000000000000000E+00	0.0000000000000000E+00	0.0000000000000000E+00	0.0000000000000000E+00	
9.9931802971689365E-01	0.0000000000000000E+00	0.0000000000000000E+00	0.0000000000000000E+00	0.0000000000000000E+00	0.0000000000000000E+00	0.0000000000000000E+00	0.0000000000000000E+00	0.0000000000000000E+00	0.0000000000000000E+00	0.0000000000000000E+00	0.0000000000000000E+00	0.0000000000000000E+00	0.0000000000000000E+00	0.0000000000000000E+00	
6.8150519963930704E-04	9.9931802971689365E-01	0.0000000000000000E+00	0.0000000000000000E+00	0.0000000000000000E+00	0.0000000000000000E+00	0.0000000000000000E+00	0.0000000000000000E+00	0.0000000000000000E+00	0.0000000000000000E+00	0.0000000000000000E+00	0.0000000000000000E+00	0.0000000000000000E+00	0.0000000000000000E+00	0.0000000000000000E+00	
4.6476629396010290E-07	6.8150519963930704E-04	9.9931802971689365E-01	0.0000000000000000E+00	0.0000000000000000E+00	0.0000000000000000E+00	0.0000000000000000E+00	0.0000000000000000E+00	0.0000000000000000E+00	0.0000000000000000E+00	0.0000000000000000E+00	0.0000000000000000E+00	0.0000000000000000E+00	0.0000000000000000E+00	0.0000000000000000E+00	
3.1695680110130710E-10	4.6476629393646967E-07	6.8150519963930704E-04	9.9931802971689365E-01	0.0000000000000000E+00	0.0000000000000000E+00	0.0000000000000000E+00	0.0000000000000000E+00	0.0000000000000000E+00	0.0000000000000000E+00	0.0000000000000000E+00	0.0000000000000000E+00	0.0000000000000000E+00	0.0000000000000000E+00	0.0000000000000000E+00	
2.0762557394239909E-13	3.0361658517609323E-10	4.4520384154209129E-07	6.5282000115818187E-04	9.5725578860123328E-01	0.0000000000000000E+00	0.0000000000000000E+00	0.0000000000000000E+00	0.0000000000000000E+00	0.0000000000000000E+00	0.0000000000000000E+00	0.0000000000000000E+00	0.0000000000000000E+00	0.0000000000000000E+00	0.0000000000000000E+00	
1.8296167918165560E-01	3.5673939227764002E-14	5.2768261460787668E-11	7.7376566117460235E-08	1.1346031940485699E-04	1.7368178457319916E-01	0.0000000000000000E+00	0.0000000000000000E+00	0.0000000000000000E+00	0.0000000000000000E+00	0.0000000000000000E+00	0.0000000000000000E+00	0.0000000000000000E+00	0.0000000000000000E+00	0.0000000000000000E+00	
1.8509093987396613E-01	4.4325586331606404E-01	1.2563836529636634E-08	1.8422850431980135E-05	2.4642983596262690E-09	3.7722765797797024E-06	3.1826400746325950E-02	0.0000000000000000E+00	0.0000000000000000E+00	0.0000000000000000E+00	0.0000000000000000E+00	0.0000000000000000E+00	0.0000000000000000E+00	0.0000000000000000E+00	0.0000000000000000E+00	
1.7352456330343362E-04	3.2011050931000516E-04	1.9025433056233946E-04	7.7769697021864189E-04	9.5515336522955497E-04	2.5674728488882375E-09	2.1661486831086838E-05	9.9733028807229451E-01	0.0000000000000000E+00	0.0000000000000000E+00	0.0000000000000000E+00	0.0000000000000000E+00	0.0000000000000000E+00	0.0000000000000000E+00	0.0000000000000000E+00	
1.1868773322377221E-02	1.2781180208800416E-01	3.1088104333547789E-04	2.7702995849185502E-01	4.9984646804928376E-03	1.1519251459497699E-01	5.9326760129367005E-06	2.7315010852902111E-01	1.8955683753038116E-01	0.0000000000000000E+00	0.0000000000000000E+00	0.0000000000000000E+00	0.0000000000000000E+00	0.0000000000000000E+00	0.0000000000000000E+00	
5.4851429404332986E-06	1.9767116774461910E-04	7.0925801400253548E-05	3.2539096671054820E-04	7.0211742066953256E-02	5.2005011257405870E-05	6.6018659288151737E-09	3.0396071100163103E-04	2.6549879604564020E-01	6.6154471510115820E-01	0.0000000000000000E+00	0.0000000000000000E+00	0.0000000000000000E+00	0.0000000000000000E+00	0.0000000000000000E+00	
2.2245387126939347E-04	2.1506606876336246E-07	1.2737774545959997E-04	1.7893963258210005E-05	7.8192625400064532E-03	1.3959524066243159E-04	4.2836455958688610E-12	1.9717986437970320E-07	1.7222954171786038E-04	4.2914523455483912E-04	9.5056837694922369E-01	0.0000000000000000E+00	0.0000000000000000E+00	0.0000000000000000E+00	0.0000000000000000E+00	
6.0554677668273570E-04	1.7314256801719846E-01	9.7905078467532482E-07	1.3533413721443792E-03	5.6102891075077372E-05	1.0735785557645489E-03	7.1301469971446832E-02	8.6644842359537725E-11	7.5877260375610410E-08	1.8906402870570902E-07	4.1878146716879401E-04	6.4556854900888816E-01	0.0000000000000000E+00	0.0000000000000000E+00	0.0000000000000000E+00	
1.0760494492787074E-04	7.7310233800710553E-05	2.3334721549898559E-05	1.2075100016083099E-04	1.7672298704300296E-01	5.9961180869279234E-05	5.0064681849257076E-01	7.2544415014868607E-02	1.2909094917626388E-11	3.2190034708866088E-11	7.1255051781336792E-08	1.0984254173724047E-04	2.4932537572010899E-01	0.0000000000000000E+00	0.0000000000000000E+00	
4.0960909153701028E-02	6.5588320289126159E-02	9.5401290719195706E-03	3.2965543602510505E-01	1.4570911513201422E-04	1.5295072302145887E-01	1.3192473455602745E-04	1.8797393986496957E-05	4.7009068305776961E-15	-1.2213836478238123E-15	1.8457926042502606E-11	2.8461931954270036E-08	6.4604109303409904E-05	3.7969242543464415E-01	0.0000000000000000E+00	

beta_opt
0.0000000000000000E+00	0.0000000000000000E+00	0.0000000000000000E+00	0.0000000000000000E+00	0.0000000000000000E+00	0.0000000000000000E+00	0.0000000000000000E+00	0.0000000000000000E+00	0.0000000000000000E+00	0.0000000000000000E+00	0.0000000000000000E+00	0.0000000000000000E+00	0.0000000000000000E+00	0.0000000000000000E+00	0.0000000000000000E+00	
2.4412391410622394E-01	0.0000000000000000E+00	0.0000000000000000E+00	0.0000000000000000E+00	0.0000000000000000E+00	0.0000000000000000E+00	0.0000000000000000E+00	0.0000000000000000E+00	0.0000000000000000E+00	0.0000000000000000E+00	0.0000000000000000E+00	0.0000000000000000E+00	0.0000000000000000E+00	0.0000000000000000E+00	0.0000000000000000E+00	
1.6648525481605114E-04	2.4412391410622394E-01	0.0000000000000000E+00	0.0000000000000000E+00	0.0000000000000000E+00	0.0000000000000000E+00	0.0000000000000000E+00	0.0000000000000000E+00	0.0000000000000000E+00	0.0000000000000000E+00	0.0000000000000000E+00	0.0000000000000000E+00	0.0000000000000000E+00	0.0000000000000000E+00	0.0000000000000000E+00	
1.1353799636570905E-07	1.6648525481605114E-04	2.4412391410622394E-01	0.0000000000000000E+00	0.0000000000000000E+00	0.0000000000000000E+00	0.0000000000000000E+00	0.0000000000000000E+00	0.0000000000000000E+00	0.0000000000000000E+00	0.0000000000000000E+00	0.0000000000000000E+00	0.0000000000000000E+00	0.0000000000000000E+00	0.0000000000000000E+00	
7.7429539532434741E-11	1.1353799635993567E-07	1.6648525481605114E-04	2.4412391410622394E-01	0.0000000000000000E+00	0.0000000000000000E+00	0.0000000000000000E+00	0.0000000000000000E+00	0.0000000000000000E+00	0.0000000000000000E+00	0.0000000000000000E+00	0.0000000000000000E+00	0.0000000000000000E+00	0.0000000000000000E+00	0.0000000000000000E+00	
5.0720957965432798E-14	7.4170651340846707E-11	1.0875907482943425E-07	1.5947773296426382E-04	2.3384850764713727E-01	0.0000000000000000E+00	0.0000000000000000E+00	0.0000000000000000E+00	0.0000000000000000E+00	0.0000000000000000E+00	0.0000000000000000E+00	0.0000000000000000E+00	0.0000000000000000E+00	0.0000000000000000E+00	0.0000000000000000E+00	
4.4695802462331895E-02	8.7148049138436232E-15	1.2890785661134885E-11	1.8902361029195881E-08	2.7717279629892178E-05	4.2428812248064045E-02	0.0000000000000000E+00	0.0000000000000000E+00	0.0000000000000000E+00	0.0000000000000000E+00	0.0000000000000000E+00	0.0000000000000000E+00	0.0000000000000000E+00	0.0000000000000000E+00	0.0000000000000000E+00	
4.5215960649117176E-02	1.0828320222933097E-01	3.0692260707780583E-09	4.5005275825181070E-06	6.0200471040029491E-10	9.2153138076369115E-07	7.7748877645162258E-03	0.0000000000000000E+00	0.0000000000000000E+00	0.0000000000000000E+00	0.0000000000000000E+00	0.0000000000000000E+00	0.0000000000000000E+00	0.0000000000000000E+00	0.0000000000000000E+00	
4.2390404583422197E-05	7.8199960528515844E-05	4.6477328009078079E-05	1.8998399179499646E-04	2.3333490556317615E-04	6.2720925930819159E-10	5.2916957298003095E-06	2.4363832768020005E-01	0.0000000000000000E+00	0.0000000000000000E+00	0.0000000000000000E+00	0.0000000000000000E+00	0.0000000000000000E+00	0.0000000000000000E+00	0.0000000000000000E+00	
2.8994287233255521E-03	3.1223210696531827E-02	7.5945289551099249E-05	6.7675790669838962E-02	1.2210775008926061E-03	2.8140438481462051E-02	1.4492964665237945E-06	6.6727980132146342E-02	4.6306937078503432E-02	0.0000000000000000E+00	0.0000000000000000E+00	0.0000000000000000E+00	0.0000000000000000E+00	0.0000000000000000E+00	0.0000000000000000E+00	
1.3399683826679809E-06	4.8289190969000485E-05	1.7326500407338630E-05	7.9489926175645154E-05	1.7152062486511032E-02	1.2704330877421313E-05	1.6127732143524602E-09	7.4254718015295818E-05	6.4858837080637569E-02	1.6160909780896687E-01	0.0000000000000000E+00	0.0000000000000000E+00	0.0000000000000000E+00	0.0000000000000000E+00	0.0000000000000000E+00	
5.4343370326012597E-05	5.2538600262045071E-08	3.1117174780118106E-05	4.3713254635311012E-06	1.9101716569962534E-03	3.4101792950506002E-05	1.0464539800244095E-12	4.8169170217958089E-08	4.2074043095966849E-05	1.0483610949083011E-04	2.3221483642418270E-01	0.0000000000000000E+00	0.0000000000000000E+00	0.0000000000000000E+00	0.0000000000000000E+00	
1.4792933270710296E-04	4.2297086758993199E-02	2.3917281841839833E-07	3.3060845803349614E-04	1.3705404040196406E-05	2.6226505610831181E-04	1.7418272675304595E-02	2.1166512986781072E-11	1.8536094860410746E-08	4.6186548557924922E-08	1.0230433943972383E-04	1.5770627199888818E-01	0.0000000000000000E+00	0.0000000000000000E+00	0.0000000000000000E+00	
2.6286867195239594E-05	1.8886156673510179E-05	5.7004510975889461E-06	2.9498323771717100E-05	4.3171749159477871E-02	1.4647947633234046E-05	1.2230326810961219E-01	1.7721912357563721E-02	3.1535694194895214E-12	7.8637200917608396E-12	1.7406933151831172E-08	2.6833490867635146E-05	6.0907823932728700E-02	0.0000000000000000E+00	0.0000000000000000E+00	
1.0006361509142206E-02	1.6022604408698841E-02	2.3305630248414318E-03	8.0531695572070877E-02	3.5595354480954383E-05	3.7364410587041624E-02	3.2227961078983014E-05	4.5920250195830709E-06	1.1483869410966463E-15	-2.9837243786801082E-16	4.5090962214056063E-12	6.9529799574113982E-09	1.5782171002121093E-05	9.2755257382727815E-02	0.0000000000000000E+00	

==============================================================

