#stage		 order
9	 		3


A
0.0000000000000000E+00	0.0000000000000000E+00	0.0000000000000000E+00	0.0000000000000000E+00	0.0000000000000000E+00	0.0000000000000000E+00	0.0000000000000000E+00	0.0000000000000000E+00	0.0000000000000000E+00	
4.4742746384409476E-01	0.0000000000000000E+00	0.0000000000000000E+00	0.0000000000000000E+00	0.0000000000000000E+00	0.0000000000000000E+00	0.0000000000000000E+00	0.0000000000000000E+00	0.0000000000000000E+00	
1.8276032970804118E-01	1.8276032970804121E-01	0.0000000000000000E+00	0.0000000000000000E+00	0.0000000000000000E+00	0.0000000000000000E+00	0.0000000000000000E+00	0.0000000000000000E+00	0.0000000000000000E+00	
1.2790353324059697E-01	1.1675212495194935E-01	2.8582847956725449E-01	0.0000000000000000E+00	0.0000000000000000E+00	0.0000000000000000E+00	0.0000000000000000E+00	0.0000000000000000E+00	0.0000000000000000E+00	
2.2889088507915345E-01	2.2583208817008441E-01	7.8401870615235403E-02	1.2272797372437351E-01	0.0000000000000000E+00	0.0000000000000000E+00	0.0000000000000000E+00	0.0000000000000000E+00	0.0000000000000000E+00	
2.4308960228211726E-01	2.4182570291812627E-01	2.2469275106961711E-01	5.0711378540444926E-02	1.8487768354545081E-01	0.0000000000000000E+00	0.0000000000000000E+00	0.0000000000000000E+00	0.0000000000000000E+00	
2.3502116531506498E-01	2.3306467575172438E-01	2.2897512458859018E-01	7.8500144618871101E-02	1.7192755903201309E-01	4.1608651854234235E-01	0.0000000000000000E+00	0.0000000000000000E+00	0.0000000000000000E+00	
1.5282002715085563E-01	8.9209748723871468E-02	5.7603525664645633E-02	3.6189597769965692E-02	6.3829835140700633E-02	8.0237252958082830E-02	8.6280975222701797E-02	0.0000000000000000E+00	0.0000000000000000E+00	
1.2961757557212991E-01	1.1341451403084601E-01	9.9201148777518192E-02	2.8037883523967879E-02	8.5378461649460877E-02	1.8776073304091978E-01	2.1332465596137856E-02	1.1062381891935323E-01	0.0000000000000000E+00	

b
1.8114873544119975E-01	
1.6400982714492415E-01	
1.1226382131029221E-01	
8.0065100828548522E-02	
1.9246965300709659E-01	
6.6093737230999400E-02	
7.5092504847283133E-03	
3.8940738570465351E-02	
1.5749913598174575E-01	

c
0.0000000000000000E+00	
4.4742746384409476E-01	
3.6552065941608242E-01	
5.3048413775980086E-01	
6.5585281758884684E-01	
9.4519711835575637E-01	
1.3635751878486062E+00	
5.6617096263082367E-01	
7.7536660111033373E-01	

r
2.2349991469197072E+00	

errcoeff
1.1121314343030618E-02	

v_opt
1.0000000000000000E+00	
3.1166180747277394E-12	
5.9153081901176352E-01	
3.3625020399100380E-01	
2.9254384320387961E-01	
6.4509909162524526E-04	
7.5162098767123098E-14	
5.1324437733810235E-01	
3.7509205482557140E-01	
8.3897561316265801E-02	

alpha_opt
0.0000000000000000E+00	0.0000000000000000E+00	0.0000000000000000E+00	0.0000000000000000E+00	0.0000000000000000E+00	0.0000000000000000E+00	0.0000000000000000E+00	0.0000000000000000E+00	0.0000000000000000E+00	0.0000000000000000E+00	
9.9999999999688338E-01	0.0000000000000000E+00	0.0000000000000000E+00	0.0000000000000000E+00	0.0000000000000000E+00	0.0000000000000000E+00	0.0000000000000000E+00	0.0000000000000000E+00	0.0000000000000000E+00	0.0000000000000000E+00	
1.2729933078158387E-12	4.0846918098696350E-01	0.0000000000000000E+00	0.0000000000000000E+00	0.0000000000000000E+00	0.0000000000000000E+00	0.0000000000000000E+00	0.0000000000000000E+00	0.0000000000000000E+00	0.0000000000000000E+00	
2.4923388012003143E-02	8.1326164735956563E-13	6.3882640799617985E-01	0.0000000000000000E+00	0.0000000000000000E+00	0.0000000000000000E+00	0.0000000000000000E+00	0.0000000000000000E+00	0.0000000000000000E+00	0.0000000000000000E+00	
1.3713167030152981E-12	4.3315924021789887E-01	5.4608255390589292E-13	2.7429691657630417E-01	0.0000000000000000E+00	0.0000000000000000E+00	0.0000000000000000E+00	0.0000000000000000E+00	0.0000000000000000E+00	0.0000000000000000E+00	
4.8727461784968635E-13	1.5636984233345827E-01	4.2978359356678958E-01	3.5321981846417747E-13	4.1320146500728638E-01	0.0000000000000000E+00	0.0000000000000000E+00	0.0000000000000000E+00	0.0000000000000000E+00	0.0000000000000000E+00	
5.6450655933057611E-15	4.5321812323485785E-13	1.3850881817120047E-12	7.0046986012855569E-02	1.1974983097352445E-12	9.2995301398402785E-01	0.0000000000000000E+00	0.0000000000000000E+00	0.0000000000000000E+00	0.0000000000000000E+00	
1.4015302167838706E-01	5.6959655689127815E-02	5.6256800644485589E-14	2.8244910207464044E-02	6.8560129068765754E-02	5.5889251044134303E-13	1.9283790601753792E-01	0.0000000000000000E+00	0.0000000000000000E+00	0.0000000000000000E+00	
1.0969106849302456E-13	5.5924506020433164E-04	1.3260826142489062E-03	2.2165412080256658E-14	4.7173765570979089E-04	3.7530673893100108E-01	1.4859394496902515E-13	2.4724414091298408E-01	0.0000000000000000E+00	0.0000000000000000E+00	
2.1647648675554413E-02	4.9488040369343358E-02	7.2640287874375861E-02	5.7317425769407258E-02	3.6299860143567469E-01	4.1174860292518054E-13	-1.9385527444688349E-18	2.7124230000607938E-13	3.5201043455869568E-01	0.0000000000000000E+00	

beta_opt
0.0000000000000000E+00	0.0000000000000000E+00	0.0000000000000000E+00	0.0000000000000000E+00	0.0000000000000000E+00	0.0000000000000000E+00	0.0000000000000000E+00	0.0000000000000000E+00	0.0000000000000000E+00	0.0000000000000000E+00	
4.4742746384409476E-01	0.0000000000000000E+00	0.0000000000000000E+00	0.0000000000000000E+00	0.0000000000000000E+00	0.0000000000000000E+00	0.0000000000000000E+00	0.0000000000000000E+00	0.0000000000000000E+00	0.0000000000000000E+00	
5.6957216720832093E-13	1.8276032970804121E-01	0.0000000000000000E+00	0.0000000000000000E+00	0.0000000000000000E+00	0.0000000000000000E+00	0.0000000000000000E+00	0.0000000000000000E+00	0.0000000000000000E+00	0.0000000000000000E+00	
1.1151408288647635E-02	3.6387559632089506E-13	2.8582847956725449E-01	0.0000000000000000E+00	0.0000000000000000E+00	0.0000000000000000E+00	0.0000000000000000E+00	0.0000000000000000E+00	0.0000000000000000E+00	0.0000000000000000E+00	
6.1356475455909276E-13	1.9380734029193353E-01	2.4433233214438133E-13	1.2272797372437351E-01	0.0000000000000000E+00	0.0000000000000000E+00	0.0000000000000000E+00	0.0000000000000000E+00	0.0000000000000000E+00	0.0000000000000000E+00	
2.1802004646076512E-13	6.9964161977178252E-02	1.9229698327198919E-01	1.5804024755539103E-13	1.8487768354545081E-01	0.0000000000000000E+00	0.0000000000000000E+00	0.0000000000000000E+00	0.0000000000000000E+00	0.0000000000000000E+00	
2.5257573816542286E-15	2.0278223544778484E-13	6.1972649234576238E-13	3.1340945301752424E-02	5.3579363168410055E-13	4.1608651854234235E-01	0.0000000000000000E+00	0.0000000000000000E+00	0.0000000000000000E+00	0.0000000000000000E+00	
6.2708311039842590E-02	2.5485314286498750E-02	2.5170837636423471E-14	1.2637548540669208E-02	3.0675684670157265E-02	2.5006385850900870E-13	8.6280975222701797E-02	0.0000000000000000E+00	0.0000000000000000E+00	0.0000000000000000E+00	
4.9078796582335826E-14	2.5022159895534204E-04	5.9332578094298434E-04	9.9174141121594062E-15	2.1106838289464830E-04	1.6792254236401896E-01	6.6485011940287109E-14	1.1062381891935323E-01	0.0000000000000000E+00	0.0000000000000000E+00	
9.6857525451214746E-03	2.2142308393138486E-02	3.2501259776638237E-02	2.5645390446157979E-02	1.6241554361982349E-01	1.8422763314873691E-13	-8.6736173798840355E-19	1.2136125437933742E-13	1.5749913598174575E-01	0.0000000000000000E+00	

==============================================================

