#stage		 order
6	 		3


A
0.0000000000000000E+00	0.0000000000000000E+00	0.0000000000000000E+00	0.0000000000000000E+00	0.0000000000000000E+00	0.0000000000000000E+00	
6.0907803527951565E-01	0.0000000000000000E+00	0.0000000000000000E+00	0.0000000000000000E+00	0.0000000000000000E+00	0.0000000000000000E+00	
5.0692355858049520E-01	5.0692355858049520E-01	0.0000000000000000E+00	0.0000000000000000E+00	0.0000000000000000E+00	0.0000000000000000E+00	
3.3942263231862285E-01	3.3682625084889867E-01	4.0470297271661698E-01	0.0000000000000000E+00	0.0000000000000000E+00	0.0000000000000000E+00	
1.6055913911935796E-01	7.8590281390161762E-02	2.0343878003896632E-02	3.0617539479394950E-02	0.0000000000000000E+00	0.0000000000000000E+00	
1.1869869051428245E-01	7.4711194692709676E-02	5.0010798607484482E-02	1.6430494790669957E-02	3.2685361580104799E-01	0.0000000000000000E+00	

b
1.3027094797628647E-01	
8.5195075823081751E-02	
7.4301077786239622E-02	
4.9592590912951019E-02	
2.3071414777079174E-01	
4.2992615973064952E-01	

c
0.0000000000000000E+00	
6.0907803527951565E-01	
1.0138471171609904E+00	
1.0809518558841384E+00	
2.9011083799281129E-01	
5.8670479440619461E-01	

r
1.6418257465828396E+00	

errcoeff
1.8754031841274336E-02	

v_opt
1.0000000000000000E+00	
2.7611579689335031E-11	
1.6771984997314859E-01	
3.3128543373349684E-01	
7.1413456725658153E-01	
3.9917855838078276E-01	
1.8640922738743448E-01	

alpha_opt
0.0000000000000000E+00	0.0000000000000000E+00	0.0000000000000000E+00	0.0000000000000000E+00	0.0000000000000000E+00	0.0000000000000000E+00	0.0000000000000000E+00	
9.9999999997238842E-01	0.0000000000000000E+00	0.0000000000000000E+00	0.0000000000000000E+00	0.0000000000000000E+00	0.0000000000000000E+00	0.0000000000000000E+00	
2.2980494989524374E-11	8.3228015000387090E-01	0.0000000000000000E+00	0.0000000000000000E+00	0.0000000000000000E+00	0.0000000000000000E+00	0.0000000000000000E+00	
4.2628059448260583E-03	1.5269352555880064E-11	6.6445176030640773E-01	0.0000000000000000E+00	0.0000000000000000E+00	0.0000000000000000E+00	0.0000000000000000E+00	
1.3436429547450907E-01	1.0123247265508788E-01	9.2225338240888546E-13	5.0268664612899187E-02	0.0000000000000000E+00	0.0000000000000000E+00	0.0000000000000000E+00	
1.9909225921585613E-12	2.9750483958472345E-12	6.4184759842467548E-02	7.4484438215488166E-13	5.3663668177103885E-01	0.0000000000000000E+00	0.0000000000000000E+00	
2.2763461883272180E-02	5.1893770239654044E-13	2.2582469480717633E-02	6.2381003081820922E-02	1.0459048068402168E-11	7.0586383815577680E-01	0.0000000000000000E+00	

beta_opt
0.0000000000000000E+00	0.0000000000000000E+00	0.0000000000000000E+00	0.0000000000000000E+00	0.0000000000000000E+00	0.0000000000000000E+00	0.0000000000000000E+00	
6.0907803527951565E-01	0.0000000000000000E+00	0.0000000000000000E+00	0.0000000000000000E+00	0.0000000000000000E+00	0.0000000000000000E+00	0.0000000000000000E+00	
1.3996914738356736E-11	5.0692355858049520E-01	0.0000000000000000E+00	0.0000000000000000E+00	0.0000000000000000E+00	0.0000000000000000E+00	0.0000000000000000E+00	
2.5963814697241849E-03	9.3002272549824738E-12	4.0470297271661698E-01	0.0000000000000000E+00	0.0000000000000000E+00	0.0000000000000000E+00	0.0000000000000000E+00	
8.1838341101589981E-02	6.1658475552950703E-02	5.6172427820300186E-13	3.0617539479394950E-02	0.0000000000000000E+00	0.0000000000000000E+00	0.0000000000000000E+00	
1.2126272208590194E-12	1.8120366318541414E-12	3.9093527420817127E-02	4.5366835288440654E-13	3.2685361580104799E-01	0.0000000000000000E+00	0.0000000000000000E+00	
1.3864724640406390E-02	3.1607355621687816E-13	1.3754486143454904E-02	3.7994898796889998E-02	6.3703764485723013E-12	4.2992615973064952E-01	0.0000000000000000E+00	

==============================================================

