#stage		 order
4	 		2


A
0.0000000000000000E+00	0.0000000000000000E+00	0.0000000000000000E+00	0.0000000000000000E+00	
7.5735706211677212E-01	0.0000000000000000E+00	0.0000000000000000E+00	0.0000000000000000E+00	
1.5883046231016079E-01	1.5883046231016079E-01	0.0000000000000000E+00	0.0000000000000000E+00	
1.4548089561977326E-01	1.3769367497792220E-01	6.5656975139755414E-01	0.0000000000000000E+00	

b
2.4281867753637382E-01	
6.7336455946341370E-02	
3.2033572613731570E-01	
3.6950914037996918E-01	

c
0.0000000000000000E+00	
7.5735706211677212E-01	
3.1766092462032158E-01	
9.3974432199524960E-01	

r
1.3203811650016888E+00	

errcoeff
3.4336429019087893E-02	

v_opt
1.0000000000000000E+00	
1.0868195232660582E-11	
7.9028324913715309E-01	
1.2279556728917351E-01	
2.8521334574185930E-01	

alpha_opt
0.0000000000000000E+00	0.0000000000000000E+00	0.0000000000000000E+00	0.0000000000000000E+00	0.0000000000000000E+00	
9.9999999998913180E-01	0.0000000000000000E+00	0.0000000000000000E+00	0.0000000000000000E+00	0.0000000000000000E+00	
2.2792452867864009E-12	2.0971675086056771E-01	0.0000000000000000E+00	0.0000000000000000E+00	0.0000000000000000E+00	
1.0282099463100748E-02	1.9759102934795812E-12	8.6692233324574985E-01	0.0000000000000000E+00	0.0000000000000000E+00	
2.2668685675738218E-01	2.0688824778782811E-04	4.5968976139238405E-12	4.8789290924837381E-01	0.0000000000000000E+00	

beta_opt
0.0000000000000000E+00	0.0000000000000000E+00	0.0000000000000000E+00	0.0000000000000000E+00	0.0000000000000000E+00	
7.5735706211677212E-01	0.0000000000000000E+00	0.0000000000000000E+00	0.0000000000000000E+00	0.0000000000000000E+00	
1.7262025142628090E-12	1.5883046231016079E-01	0.0000000000000000E+00	0.0000000000000000E+00	0.0000000000000000E+00	
7.7872206418510559E-03	1.4964696148922485E-12	6.5656975139755414E-01	0.0000000000000000E+00	0.0000000000000000E+00	
1.7168289185612240E-01	1.5668827553277920E-04	3.4814928717707971E-12	3.6950914037996918E-01	0.0000000000000000E+00	

==============================================================

