#stage		 order
3	 		2


A
0.0000000000000000E+00	0.0000000000000000E+00	0.0000000000000000E+00	
1.0959624681011095E+00	0.0000000000000000E+00	0.0000000000000000E+00	
1.0689291175713527E+00	1.0689291175713527E+00	0.0000000000000000E+00	

b
6.9200737806444601E-01	
1.5207333418582963E-01	
1.5591928774972436E-01	

c
0.0000000000000000E+00	
1.0959624681011095E+00	
2.1378582351427053E+00	

r
9.1244000511497769E-01	

errcoeff
2.8142807997652652E-01	

v_opt
1.0000000000000000E+00	
7.1678774027361669E-11	
2.4666310495646382E-02	
3.6507558256532713E-01	

alpha_opt
0.0000000000000000E+00	0.0000000000000000E+00	0.0000000000000000E+00	0.0000000000000000E+00	
9.9999999992832123E-01	0.0000000000000000E+00	0.0000000000000000E+00	0.0000000000000000E+00	
6.9910787803812233E-11	9.7533368943444287E-01	0.0000000000000000E+00	0.0000000000000000E+00	
4.9265742172304228E-01	9.9460041087273587E-12	1.4226699570168463E-01	0.0000000000000000E+00	

beta_opt
0.0000000000000000E+00	0.0000000000000000E+00	0.0000000000000000E+00	0.0000000000000000E+00	
1.0959624681011095E+00	0.0000000000000000E+00	0.0000000000000000E+00	0.0000000000000000E+00	
7.6619599553851003E-11	1.0689291175713527E+00	0.0000000000000000E+00	0.0000000000000000E+00	
5.3993404387861643E-01	1.0900447211525943E-11	1.5591928774972436E-01	0.0000000000000000E+00	

==============================================================

