-1.8271186440677978e-01 +9.3461515881088775e-01 -1.6000000000000000e+01
-2.3409349716197100e-01 +8.7857142857142867e-01 -1.6000000000000000e+01
-2.3840321125542921e-01 +8.1795918367346943e-01 -1.6000000000000000e+01
-2.0361937205013880e-01 +7.5734693877551029e-01 -1.6000000000000000e+01
-1.8271186440677978e-01 +7.4167987006720537e-01 -1.6000000000000000e+01
-1.8196795977905450e-01 +7.5734693877551029e-01 -1.6000000000000000e+01
-1.7833149919872709e-01 +8.1795918367346943e-01 -1.6000000000000000e+01
-1.8026320147801941e-01 +8.7857142857142867e-01 -1.6000000000000000e+01
-1.8271186440677978e-01 +9.3461515881088775e-01 -1.6000000000000000e+01
-1.8271186440677978e-01 -7.4167987006720537e-01 -1.6000000000000000e+01
-2.0361937205013880e-01 -7.5734693877551029e-01 -1.6000000000000000e+01
-2.3840321125542921e-01 -8.1795918367346943e-01 -1.6000000000000000e+01
-2.3409349716197100e-01 -8.7857142857142867e-01 -1.6000000000000000e+01
-1.8271186440677978e-01 -9.3461515881088775e-01 -1.6000000000000000e+01
-1.8026320147801941e-01 -8.7857142857142867e-01 -1.6000000000000000e+01
-1.7833149919872709e-01 -8.1795918367346943e-01 -1.6000000000000000e+01
-1.8196795977905450e-01 -7.5734693877551029e-01 -1.6000000000000000e+01
-1.8271186440677978e-01 -7.4167987006720537e-01 -1.6000000000000000e+01
-6.6677966101694919e-01 +3.0527185287000425e-01 -1.6000000000000000e+01
-6.6910602759319748e-01 +2.7244897959183678e-01 -1.6000000000000000e+01
-6.7411560288337113e-01 +2.1183673469387757e-01 -1.6000000000000000e+01
-6.7917597355064918e-01 +1.5122448979591838e-01 -1.6000000000000000e+01
-6.8300948219715030e-01 +9.0612244897959188e-02 -1.6000000000000000e+01
-6.8468242746725805e-01 +2.9999999999999999e-02 -1.6000000000000000e+01
-6.8468242746725805e-01 -2.9999999999999999e-02 -1.6000000000000000e+01
-6.8300948219715030e-01 -9.0612244897959188e-02 -1.6000000000000000e+01
-6.7917597355064918e-01 -1.5122448979591838e-01 -1.6000000000000000e+01
-6.7411560288337113e-01 -2.1183673469387757e-01 -1.6000000000000000e+01
-6.6910602759319748e-01 -2.7244897959183678e-01 -1.6000000000000000e+01
-6.6677966101694919e-01 -3.0527185287000425e-01 -1.6000000000000000e+01
-6.2259386858461985e-01 -3.3306122448979592e-01 -1.6000000000000000e+01
-6.0627118644067801e-01 -3.4947362585776243e-01 -1.6000000000000000e+01
-5.4576271186440684e-01 -3.3380463058787502e-01 -1.6000000000000000e+01
-5.4419210063259016e-01 -3.3306122448979592e-01 -1.6000000000000000e+01
-4.8525423728813588e-01 -3.1092852223207185e-01 -1.6000000000000000e+01
-4.2474576271186448e-01 -2.7633216369092717e-01 -1.6000000000000000e+01
-4.1971967772004298e-01 -2.7244897959183678e-01 -1.6000000000000000e+01
-3.6423728813559308e-01 -2.3813962995658108e-01 -1.6000000000000000e+01
-3.3295497886094627e-01 -2.1183673469387757e-01 -1.6000000000000000e+01
-3.0372881355932213e-01 -1.8956826148876288e-01 -1.6000000000000000e+01
-2.6530901463157208e-01 -1.5122448979591838e-01 -1.6000000000000000e+01
-2.4322033898305095e-01 -1.2001363946570970e-01 -1.6000000000000000e+01
-2.2636415510288385e-01 -9.0612244897959188e-02 -1.6000000000000000e+01
-2.2031081485755388e-01 -2.9999999999999999e-02 -1.6000000000000000e+01
-2.2031081485755388e-01 +2.9999999999999999e-02 -1.6000000000000000e+01
-2.2636415510288385e-01 +9.0612244897959188e-02 -1.6000000000000000e+01
-2.4322033898305095e-01 +1.2001363946570970e-01 -1.6000000000000000e+01
-2.6530901463157208e-01 +1.5122448979591838e-01 -1.6000000000000000e+01
-3.0372881355932213e-01 +1.8956826148876288e-01 -1.6000000000000000e+01
-3.3295497886094627e-01 +2.1183673469387757e-01 -1.6000000000000000e+01
-3.6423728813559308e-01 +2.3813962995658108e-01 -1.6000000000000000e+01
-4.1971967772004298e-01 +2.7244897959183678e-01 -1.6000000000000000e+01
-4.2474576271186448e-01 +2.7633216369092717e-01 -1.6000000000000000e+01
-4.8525423728813588e-01 +3.1092852223207185e-01 -1.6000000000000000e+01
-5.4419210063259016e-01 +3.3306122448979592e-01 -1.6000000000000000e+01
-5.4576271186440684e-01 +3.3380463058787502e-01 -1.6000000000000000e+01
-6.0627118644067801e-01 +3.4947362585776243e-01 -1.6000000000000000e+01
-6.2259386858461985e-01 +3.3306122448979592e-01 -1.6000000000000000e+01
-6.6677966101694919e-01 +3.0527185287000425e-01 -1.6000000000000000e+01
-2.4322033898305095e-01 +1.4245218330784737e+00 -1.6000000000000000e+01
-3.0104961330274965e-01 +1.4846938775510206e+00 -1.6000000000000000e+01
-3.0372881355932213e-01 +1.4859233939171070e+00 -1.6000000000000000e+01
-3.1018683358740595e-01 +1.4846938775510206e+00 -1.6000000000000000e+01
-3.6423728813559308e-01 +1.4263997799616190e+00 -1.6000000000000000e+01
-3.6656768614845359e-01 +1.4240816326530612e+00 -1.6000000000000000e+01
-4.2474576271186448e-01 +1.3724509212625120e+00 -1.6000000000000000e+01
-4.2960644627301275e-01 +1.3634693877551021e+00 -1.6000000000000000e+01
-4.2876335343166533e-01 +1.3028571428571429e+00 -1.6000000000000000e+01
-4.2474576271186448e-01 +1.2766669359828975e+00 -1.6000000000000000e+01
-3.9472585861612614e-01 +1.3028571428571429e+00 -1.6000000000000000e+01
-3.6423728813559308e-01 +1.3366483610397337e+00 -1.6000000000000000e+01
-3.3931488928501974e-01 +1.3634693877551021e+00 -1.6000000000000000e+01
-3.0372881355932213e-01 +1.3782446693688213e+00 -1.6000000000000000e+01
-2.4322033898305095e-01 +1.4163006502229321e+00 -1.6000000000000000e+01
-2.4294784493938318e-01 +1.4240816326530612e+00 -1.6000000000000000e+01
-2.4322033898305095e-01 +1.4245218330784737e+00 -1.6000000000000000e+01
-2.4322033898305095e-01 -1.4163006502229321e+00 -1.6000000000000000e+01
-3.0372881355932213e-01 -1.3782446693688217e+00 -1.6000000000000000e+01
-3.3931488928501974e-01 -1.3634693877551021e+00 -1.6000000000000000e+01
-3.6423728813559308e-01 -1.3366483610397337e+00 -1.6000000000000000e+01
-3.9472585861612614e-01 -1.3028571428571429e+00 -1.6000000000000000e+01
-4.2474576271186448e-01 -1.2766669359828970e+00 -1.6000000000000000e+01
-4.2876335343166533e-01 -1.3028571428571429e+00 -1.6000000000000000e+01
-4.2960644627301275e-01 -1.3634693877551021e+00 -1.6000000000000000e+01
-4.2474576271186448e-01 -1.3724509212625124e+00 -1.6000000000000000e+01
-3.6656768614845359e-01 -1.4240816326530612e+00 -1.6000000000000000e+01
-3.6423728813559308e-01 -1.4263997799616184e+00 -1.6000000000000000e+01
-3.1018683358740595e-01 -1.4846938775510206e+00 -1.6000000000000000e+01
-3.0372881355932213e-01 -1.4859233939171068e+00 -1.6000000000000000e+01
-3.0104961330274965e-01 -1.4846938775510206e+00 -1.6000000000000000e+01
-2.4322033898305095e-01 -1.4245218330784735e+00 -1.6000000000000000e+01
-2.4294784493938318e-01 -1.4240816326530612e+00 -1.6000000000000000e+01
-2.4322033898305095e-01 -1.4163006502229321e+00 -1.6000000000000000e+01
-6.0627118644067801e-01 +8.9542000164407187e-01 -1.6000000000000000e+01
-6.1088106350916216e-01 +8.7857142857142867e-01 -1.6000000000000000e+01
-6.1658078210723710e-01 +8.1795918367346943e-01 -1.6000000000000000e+01
-6.0991730941937106e-01 +7.5734693877551029e-01 -1.6000000000000000e+01
-6.0627118644067801e-01 +7.1028686285852438e-01 -1.6000000000000000e+01
-5.4576271186440684e-01 +6.9994907972478837e-01 -1.6000000000000000e+01
-4.8525423728813588e-01 +7.0662727519773527e-01 -1.6000000000000000e+01
-4.2474576271186448e-01 +7.4018639619394455e-01 -1.6000000000000000e+01
-4.0407680477891389e-01 +7.5734693877551029e-01 -1.6000000000000000e+01
-3.6423728813559308e-01 +8.1032038349568603e-01 -1.6000000000000000e+01
-3.5612315007992434e-01 +8.1795918367346943e-01 -1.6000000000000000e+01
-3.3861246157881558e-01 +8.7857142857142867e-01 -1.6000000000000000e+01
-3.6341473230037813e-01 +9.3918367346938791e-01 -1.6000000000000000e+01
-3.6423728813559308e-01 +9.4023854203241430e-01 -1.6000000000000000e+01
-4.0685984206225922e-01 +9.9979591836734705e-01 -1.6000000000000000e+01
-4.2474576271186448e-01 +1.0164509883212185e+00 -1.6000000000000000e+01
-4.8525423728813588e-01 +1.0489731196663150e+00 -1.6000000000000000e+01
-5.3499708673868240e-01 +1.0604081632653062e+00 -1.6000000000000000e+01
-5.4576271186440684e-01 +1.0626305467019075e+00 -1.6000000000000000e+01
-5.4587786503800295e-01 +1.0604081632653062e+00 -1.6000000000000000e+01
-5.4995139303068064e-01 +9.9979591836734705e-01 -1.6000000000000000e+01
-5.6813555712341157e-01 +9.3918367346938791e-01 -1.6000000000000000e+01
-6.0627118644067801e-01 +8.9542000164407187e-01 -1.6000000000000000e+01
-6.0627118644067801e-01 -7.1028686285852438e-01 -1.6000000000000000e+01
-6.0991730941937106e-01 -7.5734693877551029e-01 -1.6000000000000000e+01
-6.1658078210723710e-01 -8.1795918367346943e-01 -1.6000000000000000e+01
-6.1088106350916216e-01 -8.7857142857142867e-01 -1.6000000000000000e+01
-6.0627118644067801e-01 -8.9542000164407143e-01 -1.6000000000000000e+01
-5.6813555712341157e-01 -9.3918367346938791e-01 -1.6000000000000000e+01
-5.4995139303068064e-01 -9.9979591836734705e-01 -1.6000000000000000e+01
-5.4587786503800295e-01 -1.0604081632653062e+00 -1.6000000000000000e+01
-5.4576271186440684e-01 -1.0626305467019079e+00 -1.6000000000000000e+01
-5.3499708673868240e-01 -1.0604081632653062e+00 -1.6000000000000000e+01
-4.8525423728813588e-01 -1.0489731196663150e+00 -1.6000000000000000e+01
-4.2474576271186448e-01 -1.0164509883212189e+00 -1.6000000000000000e+01
-4.0685984206225922e-01 -9.9979591836734705e-01 -1.6000000000000000e+01
-3.6423728813559308e-01 -9.4023854203241430e-01 -1.6000000000000000e+01
-3.6341473230037813e-01 -9.3918367346938791e-01 -1.6000000000000000e+01
-3.3861246157881558e-01 -8.7857142857142867e-01 -1.6000000000000000e+01
-3.5612315007992434e-01 -8.1795918367346943e-01 -1.6000000000000000e+01
-3.6423728813559308e-01 -8.1032038349568603e-01 -1.6000000000000000e+01
-4.0407680477891389e-01 -7.5734693877551029e-01 -1.6000000000000000e+01
-4.2474576271186448e-01 -7.4018639619394455e-01 -1.6000000000000000e+01
-4.8525423728813588e-01 -7.0662727519773527e-01 -1.6000000000000000e+01
-5.4576271186440684e-01 -6.9994907972478837e-01 -1.6000000000000000e+01
-6.0627118644067801e-01 -7.1028686285852438e-01 -1.6000000000000000e+01
-7.2728813559322059e-01 +3.0961237246302764e-01 -1.4000000000000000e+01
-7.2988810777771695e-01 +2.7244897959183678e-01 -1.4000000000000000e+01
-7.3326581966424331e-01 +2.1183673469387757e-01 -1.4000000000000000e+01
-7.3579027433483046e-01 +1.5122448979591838e-01 -1.4000000000000000e+01
-7.3745662385293642e-01 +9.0612244897959188e-02 -1.4000000000000000e+01
-7.3827657899553578e-01 +2.9999999999999999e-02 -1.4000000000000000e+01
-7.3827657899553578e-01 -2.9999999999999999e-02 -1.4000000000000000e+01
-7.3745662385293642e-01 -9.0612244897959188e-02 -1.4000000000000000e+01
-7.3579027433483046e-01 -1.5122448979591838e-01 -1.4000000000000000e+01
-7.3326581966424331e-01 -2.1183673469387757e-01 -1.4000000000000000e+01
-7.2988810777771695e-01 -2.7244897959183678e-01 -1.4000000000000000e+01
-7.2728813559322059e-01 -3.0961237246302764e-01 -1.4000000000000000e+01
-7.2516864828453420e-01 -3.3306122448979592e-01 -1.4000000000000000e+01
-7.1890364713618404e-01 -3.9367346938775516e-01 -1.4000000000000000e+01
-7.1235785233133719e-01 -4.5428571428571429e-01 -1.4000000000000000e+01
-7.0569467182687518e-01 -5.1489795918367354e-01 -1.4000000000000000e+01
-6.9868859580946141e-01 -5.7551020408163267e-01 -1.4000000000000000e+01
-6.9077874904923897e-01 -6.3612244897959191e-01 -1.4000000000000000e+01
-6.8146204104600616e-01 -6.9673469387755105e-01 -1.4000000000000000e+01
-6.7063356059098811e-01 -7.5734693877551029e-01 -1.4000000000000000e+01
-6.6677966101694919e-01 -7.7617284132510500e-01 -1.4000000000000000e+01
-6.5827172270231804e-01 -8.1795918367346943e-01 -1.4000000000000000e+01
-6.4703858163814632e-01 -8.7857142857142867e-01 -1.4000000000000000e+01
-6.3142244224206712e-01 -9.3918367346938791e-01 -1.4000000000000000e+01
-6.1470229491459971e-01 -9.9979591836734705e-01 -1.4000000000000000e+01
-6.0627118644067801e-01 -1.0273969012494018e+00 -1.4000000000000000e+01
-5.9342258920977720e-01 -1.0604081632653062e+00 -1.4000000000000000e+01
-5.7737655714382408e-01 -1.1210204081632653e+00 -1.4000000000000000e+01
-5.5542036308156462e-01 -1.1816326530612247e+00 -1.4000000000000000e+01
-5.4576271186440684e-01 -1.2041439924088990e+00 -1.4000000000000000e+01
-5.2522884732178066e-01 -1.2422448979591838e+00 -1.4000000000000000e+01
-5.0327295797275240e-01 -1.3028571428571429e+00 -1.4000000000000000e+01
-4.8525423728813588e-01 -1.3339642063726647e+00 -1.4000000000000000e+01
-4.6437226855542513e-01 -1.3634693877551021e+00 -1.4000000000000000e+01
-4.2961550867024623e-01 -1.4240816326530612e+00 -1.4000000000000000e+01
-4.2474576271186448e-01 -1.4288341003222147e+00 -1.4000000000000000e+01
-3.6885080832145817e-01 -1.4846938775510206e+00 -1.4000000000000000e+01
-3.6423728813559308e-01 -1.4874518051515013e+00 -1.4000000000000000e+01
-3.0372881355932213e-01 -1.4986343296705242e+00 -1.4000000000000000e+01
-2.7335161490991045e-01 -1.4846938775510206e+00 -1.4000000000000000e+01
-2.4322033898305095e-01 -1.4533419282759454e+00 -1.4000000000000000e+01
-2.2510755259551241e-01 -1.4240816326530612e+00 -1.4000000000000000e+01
-2.1401849149023022e-01 -1.3634693877551021e+00 -1.4000000000000000e+01
-1.8971133348971864e-01 -1.3028571428571429e+00 -1.4000000000000000e+01
-1.8271186440677978e-01 -1.2898317530857253e+00 -1.4000000000000000e+01
-1.7478518606796201e-01 -1.2422448979591838e+00 -1.4000000000000000e+01
-1.6849286362691396e-01 -1.1816326530612247e+00 -1.4000000000000000e+01
-1.6545569496545884e-01 -1.1210204081632653e+00 -1.4000000000000000e+01
-1.6246953446550050e-01 -1.0604081632653062e+00 -1.4000000000000000e+01
-1.6056967005750816e-01 -9.9979591836734705e-01 -1.4000000000000000e+01
-1.5889524660900523e-01 -9.3918367346938791e-01 -1.4000000000000000e+01
-1.5661906639406564e-01 -8.7857142857142867e-01 -1.4000000000000000e+01
-1.5501814960422608e-01 -8.1795918367346943e-01 -1.4000000000000000e+01
-1.5682102898962880e-01 -7.5734693877551029e-01 -1.4000000000000000e+01
-1.5834801634802309e-01 -6.9673469387755105e-01 -1.4000000000000000e+01
-1.5940704634387362e-01 -6.3612244897959191e-01 -1.4000000000000000e+01
-1.6011869131178702e-01 -5.7551020408163267e-01 -1.4000000000000000e+01
-1.6058112572645417e-01 -5.1489795918367354e-01 -1.4000000000000000e+01
-1.6078689185510728e-01 -4.5428571428571429e-01 -1.4000000000000000e+01
-1.6068866781790922e-01 -3.9367346938775516e-01 -1.4000000000000000e+01
-1.6018113771962872e-01 -3.3306122448979592e-01 -1.4000000000000000e+01
-1.5912721261992388e-01 -2.7244897959183678e-01 -1.4000000000000000e+01
-1.5784084314951949e-01 -2.1183673469387757e-01 -1.4000000000000000e+01
-1.5732148278259223e-01 -1.5122448979591838e-01 -1.4000000000000000e+01
-1.5775162750054594e-01 -9.0612244897959188e-02 -1.4000000000000000e+01
-1.5821294321374019e-01 -2.9999999999999999e-02 -1.4000000000000000e+01
-1.5821294321374019e-01 +2.9999999999999999e-02 -1.4000000000000000e+01
-1.5775162750054594e-01 +9.0612244897959188e-02 -1.4000000000000000e+01
-1.5732148278259223e-01 +1.5122448979591838e-01 -1.4000000000000000e+01
-1.5784084314951949e-01 +2.1183673469387757e-01 -1.4000000000000000e+01
-1.5912721261992388e-01 +2.7244897959183678e-01 -1.4000000000000000e+01
-1.6018113771962872e-01 +3.3306122448979592e-01 -1.4000000000000000e+01
-1.6068866781790922e-01 +3.9367346938775516e-01 -1.4000000000000000e+01
-1.6078689185510728e-01 +4.5428571428571429e-01 -1.4000000000000000e+01
-1.6058112572645417e-01 +5.1489795918367354e-01 -1.4000000000000000e+01
-1.6011869131178702e-01 +5.7551020408163267e-01 -1.4000000000000000e+01
-1.5940704634387362e-01 +6.3612244897959191e-01 -1.4000000000000000e+01
-1.5834801634802309e-01 +6.9673469387755105e-01 -1.4000000000000000e+01
-1.5682102898962880e-01 +7.5734693877551029e-01 -1.4000000000000000e+01
-1.5501814960422608e-01 +8.1795918367346943e-01 -1.4000000000000000e+01
-1.5661906639406564e-01 +8.7857142857142867e-01 -1.4000000000000000e+01
-1.5889524660900523e-01 +9.3918367346938791e-01 -1.4000000000000000e+01
-1.6056967005750816e-01 +9.9979591836734705e-01 -1.4000000000000000e+01
-1.6246953446550050e-01 +1.0604081632653062e+00 -1.4000000000000000e+01
-1.6545569496545884e-01 +1.1210204081632653e+00 -1.4000000000000000e+01
-1.6849286362691396e-01 +1.1816326530612247e+00 -1.4000000000000000e+01
-1.7478518606796201e-01 +1.2422448979591838e+00 -1.4000000000000000e+01
-1.8271186440677978e-01 +1.2898317530857253e+00 -1.4000000000000000e+01
-1.8971133348971864e-01 +1.3028571428571429e+00 -1.4000000000000000e+01
-2.1401849149023022e-01 +1.3634693877551021e+00 -1.4000000000000000e+01
-2.2510755259551241e-01 +1.4240816326530612e+00 -1.4000000000000000e+01
-2.4322033898305095e-01 +1.4533419282759459e+00 -1.4000000000000000e+01
-2.7335161490991045e-01 +1.4846938775510206e+00 -1.4000000000000000e+01
-3.0372881355932213e-01 +1.4986343296705236e+00 -1.4000000000000000e+01
-3.6423728813559308e-01 +1.4874518051515013e+00 -1.4000000000000000e+01
-3.6885080832145817e-01 +1.4846938775510206e+00 -1.4000000000000000e+01
-4.2474576271186448e-01 +1.4288341003222149e+00 -1.4000000000000000e+01
-4.2961550867024623e-01 +1.4240816326530612e+00 -1.4000000000000000e+01
-4.6437226855542513e-01 +1.3634693877551021e+00 -1.4000000000000000e+01
-4.8525423728813588e-01 +1.3339642063726647e+00 -1.4000000000000000e+01
-5.0327295797275240e-01 +1.3028571428571429e+00 -1.4000000000000000e+01
-5.2522884732178066e-01 +1.2422448979591838e+00 -1.4000000000000000e+01
-5.4576271186440684e-01 +1.2041439924088992e+00 -1.4000000000000000e+01
-5.5542036308156462e-01 +1.1816326530612247e+00 -1.4000000000000000e+01
-5.7737655714382408e-01 +1.1210204081632653e+00 -1.4000000000000000e+01
-5.9342258920977720e-01 +1.0604081632653062e+00 -1.4000000000000000e+01
-6.0627118644067801e-01 +1.0273969012494022e+00 -1.4000000000000000e+01
-6.1470229491459971e-01 +9.9979591836734705e-01 -1.4000000000000000e+01
-6.3142244224206712e-01 +9.3918367346938791e-01 -1.4000000000000000e+01
-6.4703858163814632e-01 +8.7857142857142867e-01 -1.4000000000000000e+01
-6.5827172270231804e-01 +8.1795918367346943e-01 -1.4000000000000000e+01
-6.6677966101694919e-01 +7.7617284132510500e-01 -1.4000000000000000e+01
-6.7063356059098811e-01 +7.5734693877551029e-01 -1.4000000000000000e+01
-6.8146204104600616e-01 +6.9673469387755105e-01 -1.4000000000000000e+01
-6.9077874904923897e-01 +6.3612244897959191e-01 -1.4000000000000000e+01
-6.9868859580946141e-01 +5.7551020408163267e-01 -1.4000000000000000e+01
-7.0569467182687518e-01 +5.1489795918367354e-01 -1.4000000000000000e+01
-7.1235785233133719e-01 +4.5428571428571429e-01 -1.4000000000000000e+01
-7.1890364713618404e-01 +3.9367346938775516e-01 -1.4000000000000000e+01
-7.2516864828453420e-01 +3.3306122448979592e-01 -1.4000000000000000e+01
-7.2728813559322059e-01 +3.0961237246302764e-01 -1.4000000000000000e+01
-7.2728813559322059e-01 +6.7854226975067689e-01 -1.2000000000000000e+01
-7.3486521266869009e-01 +6.3612244897959191e-01 -1.2000000000000000e+01
-7.4444490879425196e-01 +5.7551020408163267e-01 -1.2000000000000000e+01
-7.5289771490961632e-01 +5.1489795918367354e-01 -1.2000000000000000e+01
-7.6029017938029864e-01 +4.5428571428571429e-01 -1.2000000000000000e+01
-7.6667475353190206e-01 +3.9367346938775516e-01 -1.2000000000000000e+01
-7.7209280773450173e-01 +3.3306122448979592e-01 -1.2000000000000000e+01
-7.7657392819354731e-01 +2.7244897959183678e-01 -1.2000000000000000e+01
-7.8013651711895504e-01 +2.1183673469387757e-01 -1.2000000000000000e+01
-7.8279290831156290e-01 +1.5122448979591838e-01 -1.2000000000000000e+01
-7.8455422880086290e-01 +9.0612244897959188e-02 -1.2000000000000000e+01
-7.8543009256787777e-01 +2.9999999999999999e-02 -1.2000000000000000e+01
-7.8543009256787777e-01 -2.9999999999999999e-02 -1.2000000000000000e+01
-7.8455422880086290e-01 -9.0612244897959188e-02 -1.2000000000000000e+01
-7.8279290831156290e-01 -1.5122448979591838e-01 -1.2000000000000000e+01
-7.8013651711895504e-01 -2.1183673469387757e-01 -1.2000000000000000e+01
-7.7657392819354731e-01 -2.7244897959183678e-01 -1.2000000000000000e+01
-7.7209280773450173e-01 -3.3306122448979592e-01 -1.2000000000000000e+01
-7.6667475353190206e-01 -3.9367346938775516e-01 -1.2000000000000000e+01
-7.6029017938029864e-01 -4.5428571428571429e-01 -1.2000000000000000e+01
-7.5289771490961632e-01 -5.1489795918367354e-01 -1.2000000000000000e+01
-7.4444490879425196e-01 -5.7551020408163267e-01 -1.2000000000000000e+01
-7.3486521266869009e-01 -6.3612244897959191e-01 -1.2000000000000000e+01
-7.2728813559322059e-01 -6.7854226975067689e-01 -1.2000000000000000e+01
-7.2417142355141650e-01 -6.9673469387755105e-01 -1.2000000000000000e+01
-7.1255115066371566e-01 -7.5734693877551029e-01 -1.2000000000000000e+01
-6.9963072061831832e-01 -8.1795918367346943e-01 -1.2000000000000000e+01
-6.8524417008594152e-01 -8.7857142857142867e-01 -1.2000000000000000e+01
-6.6917652155715224e-01 -9.3918367346938791e-01 -1.2000000000000000e+01
-6.6677966101694919e-01 -9.4713710271420293e-01 -1.2000000000000000e+01
-6.5201604287335335e-01 -9.9979591836734705e-01 -1.2000000000000000e+01
-6.3299198972593118e-01 -1.0604081632653062e+00 -1.2000000000000000e+01
-6.1147117732617928e-01 -1.1210204081632653e+00 -1.2000000000000000e+01
-6.0627118644067801e-01 -1.1335772992598661e+00 -1.2000000000000000e+01
-5.8819019703772479e-01 -1.1816326530612247e+00 -1.2000000000000000e+01
-5.6188882357933545e-01 -1.2422448979591838e+00 -1.2000000000000000e+01
-5.4576271186440684e-01 -1.2727923505107261e+00 -1.2000000000000000e+01
-5.3172702109773073e-01 -1.3028571428571429e+00 -1.2000000000000000e+01
-4.9666790742262867e-01 -1.3634693877551021e+00 -1.2000000000000000e+01
-4.8525423728813588e-01 -1.3782111948666107e+00 -1.2000000000000000e+01
-4.5442516591470994e-01 -1.4240816326530612e+00 -1.2000000000000000e+01
-4.2474576271186448e-01 -1.4530462655860206e+00 -1.2000000000000000e+01
-3.9307822096526501e-01 -1.4846938775510206e+00 -1.2000000000000000e+01
-3.6423728813559308e-01 -1.5019347698566969e+00 -1.2000000000000000e+01
-3.0372881355932213e-01 -1.5113452654239412e+00 -1.2000000000000000e+01
-2.4565361651707124e-01 -1.4846938775510206e+00 -1.2000000000000000e+01
-2.4322033898305095e-01 -1.4821620234734181e+00 -1.2000000000000000e+01
-2.0726726025164166e-01 -1.4240816326530612e+00 -1.2000000000000000e+01
-1.8271186440677978e-01 -1.3651439070999667e+00 -1.2000000000000000e+01
-1.8200526590068214e-01 -1.3634693877551021e+00 -1.2000000000000000e+01
-1.6640095515220876e-01 -1.3028571428571429e+00 -1.2000000000000000e+01
-1.5573834142865348e-01 -1.2422448979591838e+00 -1.2000000000000000e+01
-1.4849453607131724e-01 -1.1816326530612247e+00 -1.2000000000000000e+01
-1.4386515329501010e-01 -1.1210204081632653e+00 -1.2000000000000000e+01
-1.3991604833638510e-01 -1.0604081632653062e+00 -1.2000000000000000e+01
-1.3707688697077014e-01 -9.9979591836734705e-01 -1.2000000000000000e+01
-1.3487585325676713e-01 -9.3918367346938791e-01 -1.2000000000000000e+01
-1.3297493131011184e-01 -8.7857142857142867e-01 -1.2000000000000000e+01
-1.3170480000972548e-01 -8.1795918367346943e-01 -1.2000000000000000e+01
-1.3167409820020354e-01 -7.5734693877551029e-01 -1.2000000000000000e+01
-1.3172479371576876e-01 -6.9673469387755105e-01 -1.2000000000000000e+01
-1.3178351194370239e-01 -6.3612244897959191e-01 -1.2000000000000000e+01
-1.3185151680939727e-01 -5.7551020408163267e-01 -1.2000000000000000e+01
-1.3192187829480137e-01 -5.1489795918367354e-01 -1.2000000000000000e+01
-1.3196561938610657e-01 -4.5428571428571429e-01 -1.2000000000000000e+01
-1.3195071359064606e-01 -3.9367346938775516e-01 -1.2000000000000000e+01
-1.3183727948190788e-01 -3.3306122448979592e-01 -1.2000000000000000e+01
-1.3158325440552715e-01 -2.7244897959183678e-01 -1.2000000000000000e+01
-1.3126577132522690e-01 -2.1183673469387757e-01 -1.2000000000000000e+01
-1.3113898587829839e-01 -1.5122448979591838e-01 -1.2000000000000000e+01
-1.3125090782591742e-01 -9.0612244897959188e-02 -1.2000000000000000e+01
-1.3136923273978290e-01 -2.9999999999999999e-02 -1.2000000000000000e+01
-1.3136923273978290e-01 +2.9999999999999999e-02 -1.2000000000000000e+01
-1.3125090782591742e-01 +9.0612244897959188e-02 -1.2000000000000000e+01
-1.3113898587829839e-01 +1.5122448979591838e-01 -1.2000000000000000e+01
-1.3126577132522690e-01 +2.1183673469387757e-01 -1.2000000000000000e+01
-1.3158325440552715e-01 +2.7244897959183678e-01 -1.2000000000000000e+01
-1.3183727948190788e-01 +3.3306122448979592e-01 -1.2000000000000000e+01
-1.3195071359064606e-01 +3.9367346938775516e-01 -1.2000000000000000e+01
-1.3196561938610657e-01 +4.5428571428571429e-01 -1.2000000000000000e+01
-1.3192187829480137e-01 +5.1489795918367354e-01 -1.2000000000000000e+01
-1.3185151680939727e-01 +5.7551020408163267e-01 -1.2000000000000000e+01
-1.3178351194370239e-01 +6.3612244897959191e-01 -1.2000000000000000e+01
-1.3172479371576876e-01 +6.9673469387755105e-01 -1.2000000000000000e+01
-1.3167409820020354e-01 +7.5734693877551029e-01 -1.2000000000000000e+01
-1.3170480000972548e-01 +8.1795918367346943e-01 -1.2000000000000000e+01
-1.3297493131011184e-01 +8.7857142857142867e-01 -1.2000000000000000e+01
-1.3487585325676713e-01 +9.3918367346938791e-01 -1.2000000000000000e+01
-1.3707688697077014e-01 +9.9979591836734705e-01 -1.2000000000000000e+01
-1.3991604833638510e-01 +1.0604081632653062e+00 -1.2000000000000000e+01
-1.4386515329501010e-01 +1.1210204081632653e+00 -1.2000000000000000e+01
-1.4849453607131724e-01 +1.1816326530612247e+00 -1.2000000000000000e+01
-1.5573834142865348e-01 +1.2422448979591838e+00 -1.2000000000000000e+01
-1.6640095515220876e-01 +1.3028571428571429e+00 -1.2000000000000000e+01
-1.8200526590068214e-01 +1.3634693877551021e+00 -1.2000000000000000e+01
-1.8271186440677978e-01 +1.3651439070999669e+00 -1.2000000000000000e+01
-2.0726726025164166e-01 +1.4240816326530612e+00 -1.2000000000000000e+01
-2.4322033898305095e-01 +1.4821620234734187e+00 -1.2000000000000000e+01
-2.4565361651707124e-01 +1.4846938775510206e+00 -1.2000000000000000e+01
-3.0372881355932213e-01 +1.5113452654239412e+00 -1.2000000000000000e+01
-3.6423728813559308e-01 +1.5019347698566963e+00 -1.2000000000000000e+01
-3.9307822096526501e-01 +1.4846938775510206e+00 -1.2000000000000000e+01
-4.2474576271186448e-01 +1.4530462655860203e+00 -1.2000000000000000e+01
-4.5442516591470994e-01 +1.4240816326530612e+00 -1.2000000000000000e+01
-4.8525423728813588e-01 +1.3782111948666107e+00 -1.2000000000000000e+01
-4.9666790742262867e-01 +1.3634693877551021e+00 -1.2000000000000000e+01
-5.3172702109773073e-01 +1.3028571428571429e+00 -1.2000000000000000e+01
-5.4576271186440684e-01 +1.2727923505107261e+00 -1.2000000000000000e+01
-5.6188882357933545e-01 +1.2422448979591838e+00 -1.2000000000000000e+01
-5.8819019703772479e-01 +1.1816326530612247e+00 -1.2000000000000000e+01
-6.0627118644067801e-01 +1.1335772992598656e+00 -1.2000000000000000e+01
-6.1147117732617928e-01 +1.1210204081632653e+00 -1.2000000000000000e+01
-6.3299198972593118e-01 +1.0604081632653062e+00 -1.2000000000000000e+01
-6.5201604287335335e-01 +9.9979591836734705e-01 -1.2000000000000000e+01
-6.6677966101694919e-01 +9.4713710271420337e-01 -1.2000000000000000e+01
-6.6917652155715224e-01 +9.3918367346938791e-01 -1.2000000000000000e+01
-6.8524417008594152e-01 +8.7857142857142867e-01 -1.2000000000000000e+01
-6.9963072061831832e-01 +8.1795918367346943e-01 -1.2000000000000000e+01
-7.1255115066371566e-01 +7.5734693877551029e-01 -1.2000000000000000e+01
-7.2417142355141650e-01 +6.9673469387755105e-01 -1.2000000000000000e+01
-7.2728813559322059e-01 +6.7854226975067689e-01 -1.2000000000000000e+01
-7.8779661016949154e-01 +5.8519403374068357e-01 -1.0000000000000000e+01
-7.8947101755144489e-01 +5.7551020408163267e-01 -1.0000000000000000e+01
-7.9864141373910846e-01 +5.1489795918367354e-01 -1.0000000000000000e+01
-8.0664107068135826e-01 +4.5428571428571429e-01 -1.0000000000000000e+01
-8.1353486466833458e-01 +3.9367346938775516e-01 -1.0000000000000000e+01
-8.1937135547720596e-01 +3.3306122448979592e-01 -1.0000000000000000e+01
-8.2418713423424617e-01 +2.7244897959183678e-01 -1.0000000000000000e+01
-8.2800963066659294e-01 +2.1183673469387757e-01 -1.0000000000000000e+01
-8.3085900813760227e-01 +1.5122448979591838e-01 -1.0000000000000000e+01
-8.3274945977003156e-01 +9.0612244897959188e-02 -1.0000000000000000e+01
-8.3369007074201185e-01 +2.9999999999999999e-02 -1.0000000000000000e+01
-8.3369007074201185e-01 -2.9999999999999999e-02 -1.0000000000000000e+01
-8.3274945977003156e-01 -9.0612244897959188e-02 -1.0000000000000000e+01
-8.3085900813760227e-01 -1.5122448979591838e-01 -1.0000000000000000e+01
-8.2800963066659294e-01 -2.1183673469387757e-01 -1.0000000000000000e+01
-8.2418713423424617e-01 -2.7244897959183678e-01 -1.0000000000000000e+01
-8.1937135547720596e-01 -3.3306122448979592e-01 -1.0000000000000000e+01
-8.1353486466833458e-01 -3.9367346938775516e-01 -1.0000000000000000e+01
-8.0664107068135826e-01 -4.5428571428571429e-01 -1.0000000000000000e+01
-7.9864141373910846e-01 -5.1489795918367354e-01 -1.0000000000000000e+01
-7.8947101755144489e-01 -5.7551020408163267e-01 -1.0000000000000000e+01
-7.8779661016949154e-01 -5.8519403374068357e-01 -1.0000000000000000e+01
-7.7939494263967102e-01 -6.3612244897959191e-01 -1.0000000000000000e+01
-7.6815645586477443e-01 -6.9673469387755105e-01 -1.0000000000000000e+01
-7.5559055699902056e-01 -7.5734693877551029e-01 -1.0000000000000000e+01
-7.4155340248398049e-01 -8.1795918367346943e-01 -1.0000000000000000e+01
-7.2728813559322059e-01 -8.7293509213875220e-01 -1.0000000000000000e+01
-7.2591260198914676e-01 -8.7857142857142867e-01 -1.0000000000000000e+01
-7.0928493664480519e-01 -9.3918367346938791e-01 -1.0000000000000000e+01
-6.9073682721824603e-01 -9.9979591836734705e-01 -1.0000000000000000e+01
-6.6981931617859658e-01 -1.0604081632653062e+00 -1.0000000000000000e+01
-6.6677966101694919e-01 -1.0680742925711770e+00 -1.0000000000000000e+01
-6.4753853136341188e-01 -1.1210204081632653e+00 -1.0000000000000000e+01
-6.2233630467583356e-01 -1.1816326530612247e+00 -1.0000000000000000e+01
-6.0627118644067801e-01 -1.2144600218991939e+00 -1.0000000000000000e+01
-5.9406418049133602e-01 -1.2422448979591838e+00 -1.0000000000000000e+01
-5.6220136392761710e-01 -1.3028571428571429e+00 -1.0000000000000000e+01
-5.4576271186440684e-01 -1.3279396901841198e+00 -1.0000000000000000e+01
-5.2524827425416920e-01 -1.3634693877551021e+00 -1.0000000000000000e+01
-4.8525423728813588e-01 -1.4151253732195888e+00 -1.0000000000000000e+01
-4.7923482315917371e-01 -1.4240816326530612e+00 -1.0000000000000000e+01
-4.2474576271186448e-01 -1.4772584308498262e+00 -1.0000000000000000e+01
-4.1730563360907186e-01 -1.4846938775510206e+00 -1.0000000000000000e+01
-3.6423728813559308e-01 -1.5164177345618923e+00 -1.0000000000000000e+01
-3.0372881355932213e-01 -1.5240562011773582e+00 -1.0000000000000000e+01
-2.4322033898305095e-01 -1.4989547461301709e+00 -1.0000000000000000e+01
-2.2704337671392322e-01 -1.4846938775510206e+00 -1.0000000000000000e+01
-1.8942696790777092e-01 -1.4240816326530612e+00 -1.0000000000000000e+01
-1.8271186440677978e-01 -1.4079640782995300e+00 -1.0000000000000000e+01
-1.6393639790387687e-01 -1.3634693877551021e+00 -1.0000000000000000e+01
-1.4799316603213170e-01 -1.3028571428571429e+00 -1.0000000000000000e+01
-1.3669149678934495e-01 -1.2422448979591838e+00 -1.0000000000000000e+01
-1.2849620851572055e-01 -1.1816326530612247e+00 -1.0000000000000000e+01
-1.2227461162456138e-01 -1.1210204081632653e+00 -1.0000000000000000e+01
-1.2220338983050860e-01 -1.1201029633786437e+00 -1.0000000000000000e+01
-1.1736732399912725e-01 -1.0604081632653062e+00 -1.0000000000000000e+01
-1.1381758146228864e-01 -9.9979591836734705e-01 -1.0000000000000000e+01
-1.1126815901115929e-01 -9.3918367346938791e-01 -1.0000000000000000e+01
-1.0946622636056337e-01 -8.7857142857142867e-01 -1.0000000000000000e+01
-1.0822284248589384e-01 -8.1795918367346943e-01 -1.0000000000000000e+01
-1.0739241708537316e-01 -7.5734693877551029e-01 -1.0000000000000000e+01
-1.0686143266228521e-01 -6.9673469387755105e-01 -1.0000000000000000e+01
-1.0654148715610121e-01 -6.3612244897959191e-01 -1.0000000000000000e+01
-1.0636438830418547e-01 -5.7551020408163267e-01 -1.0000000000000000e+01
-1.0627872152855553e-01 -5.1489795918367354e-01 -1.0000000000000000e+01
-1.0624711919288800e-01 -4.5428571428571429e-01 -1.0000000000000000e+01
-1.0624374062966835e-01 -3.9367346938775516e-01 -1.0000000000000000e+01
-1.0625199349214730e-01 -3.3306122448979592e-01 -1.0000000000000000e+01
-1.0626249148734308e-01 -2.7244897959183678e-01 -1.0000000000000000e+01
-1.0627106334014295e-01 -2.1183673469387757e-01 -1.0000000000000000e+01
-1.0627633218797283e-01 -1.5122448979591838e-01 -1.0000000000000000e+01
-1.0627887440201859e-01 -9.0612244897959188e-02 -1.0000000000000000e+01
-1.0627982260984656e-01 -2.9999999999999999e-02 -1.0000000000000000e+01
-1.0627982260984656e-01 +2.9999999999999999e-02 -1.0000000000000000e+01
-1.0627887440201859e-01 +9.0612244897959188e-02 -1.0000000000000000e+01
-1.0627633218797283e-01 +1.5122448979591838e-01 -1.0000000000000000e+01
-1.0627106334014295e-01 +2.1183673469387757e-01 -1.0000000000000000e+01
-1.0626249148734308e-01 +2.7244897959183678e-01 -1.0000000000000000e+01
-1.0625199349214730e-01 +3.3306122448979592e-01 -1.0000000000000000e+01
-1.0624374062966835e-01 +3.9367346938775516e-01 -1.0000000000000000e+01
-1.0624711919288800e-01 +4.5428571428571429e-01 -1.0000000000000000e+01
-1.0627872152855553e-01 +5.1489795918367354e-01 -1.0000000000000000e+01
-1.0636438830418547e-01 +5.7551020408163267e-01 -1.0000000000000000e+01
-1.0654148715610121e-01 +6.3612244897959191e-01 -1.0000000000000000e+01
-1.0686143266228521e-01 +6.9673469387755105e-01 -1.0000000000000000e+01
-1.0739241708537316e-01 +7.5734693877551029e-01 -1.0000000000000000e+01
-1.0822284248589384e-01 +8.1795918367346943e-01 -1.0000000000000000e+01
-1.0946622636056337e-01 +8.7857142857142867e-01 -1.0000000000000000e+01
-1.1126815901115929e-01 +9.3918367346938791e-01 -1.0000000000000000e+01
-1.1381758146228864e-01 +9.9979591836734705e-01 -1.0000000000000000e+01
-1.1736732399912725e-01 +1.0604081632653062e+00 -1.0000000000000000e+01
-1.2220338983050860e-01 +1.1201029633786432e+00 -1.0000000000000000e+01
-1.2227461162456138e-01 +1.1210204081632653e+00 -1.0000000000000000e+01
-1.2849620851572055e-01 +1.1816326530612247e+00 -1.0000000000000000e+01
-1.3669149678934495e-01 +1.2422448979591838e+00 -1.0000000000000000e+01
-1.4799316603213170e-01 +1.3028571428571429e+00 -1.0000000000000000e+01
-1.6393639790387687e-01 +1.3634693877551021e+00 -1.0000000000000000e+01
-1.8271186440677978e-01 +1.4079640782995297e+00 -1.0000000000000000e+01
-1.8942696790777092e-01 +1.4240816326530612e+00 -1.0000000000000000e+01
-2.2704337671392322e-01 +1.4846938775510206e+00 -1.0000000000000000e+01
-2.4322033898305095e-01 +1.4989547461301709e+00 -1.0000000000000000e+01
-3.0372881355932213e-01 +1.5240562011773588e+00 -1.0000000000000000e+01
-3.6423728813559308e-01 +1.5164177345618923e+00 -1.0000000000000000e+01
-4.1730563360907186e-01 +1.4846938775510206e+00 -1.0000000000000000e+01
-4.2474576271186448e-01 +1.4772584308498264e+00 -1.0000000000000000e+01
-4.7923482315917371e-01 +1.4240816326530612e+00 -1.0000000000000000e+01
-4.8525423728813588e-01 +1.4151253732195881e+00 -1.0000000000000000e+01
-5.2524827425416920e-01 +1.3634693877551021e+00 -1.0000000000000000e+01
-5.4576271186440684e-01 +1.3279396901841203e+00 -1.0000000000000000e+01
-5.6220136392761710e-01 +1.3028571428571429e+00 -1.0000000000000000e+01
-5.9406418049133602e-01 +1.2422448979591838e+00 -1.0000000000000000e+01
-6.0627118644067801e-01 +1.2144600218991941e+00 -1.0000000000000000e+01
-6.2233630467583356e-01 +1.1816326530612247e+00 -1.0000000000000000e+01
-6.4753853136341188e-01 +1.1210204081632653e+00 -1.0000000000000000e+01
-6.6677966101694919e-01 +1.0680742925711770e+00 -1.0000000000000000e+01
-6.6981931617859658e-01 +1.0604081632653062e+00 -1.0000000000000000e+01
-6.9073682721824603e-01 +9.9979591836734705e-01 -1.0000000000000000e+01
-7.0928493664480519e-01 +9.3918367346938791e-01 -1.0000000000000000e+01
-7.2591260198914676e-01 +8.7857142857142867e-01 -1.0000000000000000e+01
-7.2728813559322059e-01 +8.7293509213875220e-01 -1.0000000000000000e+01
-7.4155340248398049e-01 +8.1795918367346943e-01 -1.0000000000000000e+01
-7.5559055699902056e-01 +7.5734693877551029e-01 -1.0000000000000000e+01
-7.6815645586477443e-01 +6.9673469387755105e-01 -1.0000000000000000e+01
-7.7939494263967102e-01 +6.3612244897959191e-01 -1.0000000000000000e+01
-7.8779661016949154e-01 +5.8519403374068357e-01 -1.0000000000000000e+01
-8.4830508474576272e-01 +4.9495071147700881e-01 -8.0000000000000000e+00
-8.5410914335576404e-01 +4.5428571428571429e-01 -8.0000000000000000e+00
-8.6152921620889389e-01 +3.9367346938775516e-01 -8.0000000000000000e+00
-8.6779314628512116e-01 +3.3306122448979592e-01 -8.0000000000000000e+00
-8.7295103384123740e-01 +2.7244897959183678e-01 -8.0000000000000000e+00
-8.7703911940236223e-01 +2.1183673469387757e-01 -8.0000000000000000e+00
-8.8008339990828743e-01 +1.5122448979591838e-01 -8.0000000000000000e+00
-8.8210185154712506e-01 +9.0612244897959188e-02 -8.0000000000000000e+00
-8.8310579829962599e-01 +2.9999999999999999e-02 -8.0000000000000000e+00
-8.8310579829962599e-01 -2.9999999999999999e-02 -8.0000000000000000e+00
-8.8210185154712506e-01 -9.0612244897959188e-02 -8.0000000000000000e+00
-8.8008339990828743e-01 -1.5122448979591838e-01 -8.0000000000000000e+00
-8.7703911940236223e-01 -2.1183673469387757e-01 -8.0000000000000000e+00
-8.7295103384123740e-01 -2.7244897959183678e-01 -8.0000000000000000e+00
-8.6779314628512116e-01 -3.3306122448979592e-01 -8.0000000000000000e+00
-8.6152921620889389e-01 -3.9367346938775516e-01 -8.0000000000000000e+00
-8.5410914335576404e-01 -4.5428571428571429e-01 -8.0000000000000000e+00
-8.4830508474576272e-01 -4.9495071147700881e-01 -8.0000000000000000e+00
-8.4559322299865214e-01 -5.1489795918367354e-01 -8.0000000000000000e+00
-8.3614326568078057e-01 -5.7551020408163267e-01 -8.0000000000000000e+00
-8.2544350849487635e-01 -6.3612244897959191e-01 -8.0000000000000000e+00
-8.1339439334322938e-01 -6.9673469387755105e-01 -8.0000000000000000e+00
-7.9985355965581273e-01 -7.5734693877551029e-01 -8.0000000000000000e+00
-7.8779661016949154e-01 -8.0526516948704030e-01 -8.0000000000000000e+00
-7.8479389354881823e-01 -8.1795918367346943e-01 -8.0000000000000000e+00
-7.6873885638237549e-01 -8.7857142857142867e-01 -8.0000000000000000e+00
-7.5081805247752764e-01 -9.3918367346938791e-01 -8.0000000000000000e+00
-7.3061933059139139e-01 -9.9979591836734705e-01 -8.0000000000000000e+00
-7.2728813559322059e-01 -1.0085739224458066e+00 -8.0000000000000000e+00
-7.0917124257354380e-01 -1.0604081632653062e+00 -8.0000000000000000e+00
-6.8515537326589093e-01 -1.1210204081632653e+00 -8.0000000000000000e+00
-6.6677966101694919e-01 -1.1610407891270971e+00 -8.0000000000000000e+00
-6.5817651355987261e-01 -1.1816326530612247e+00 -8.0000000000000000e+00
-6.2873401739586021e-01 -1.2422448979591838e+00 -8.0000000000000000e+00
-6.0627118644067801e-01 -1.2806655874009687e+00 -8.0000000000000000e+00
-5.9464236571841889e-01 -1.3028571428571429e+00 -8.0000000000000000e+00
-5.5539568520569427e-01 -1.3634693877551021e+00 -8.0000000000000000e+00
-5.4576271186440684e-01 -1.3751780412688452e+00 -8.0000000000000000e+00
-5.0892405836208132e-01 -1.4240816326530612e+00 -8.0000000000000000e+00
-4.8525423728813588e-01 -1.4470444856087870e+00 -8.0000000000000000e+00
-4.4641681596686644e-01 -1.4846938775510206e+00 -8.0000000000000000e+00
-4.2474576271186448e-01 -1.4996443845162994e+00 -8.0000000000000000e+00
-3.6423728813559308e-01 -1.5309006992670879e+00 -8.0000000000000000e+00
-3.0372881355932213e-01 -1.5367671369307756e+00 -8.0000000000000000e+00
-2.4322033898305095e-01 -1.5145890971761640e+00 -8.0000000000000000e+00
-2.0930839054743636e-01 -1.4846938775510206e+00 -8.0000000000000000e+00
-1.8271186440677978e-01 -1.4418833512078508e+00 -8.0000000000000000e+00
-1.7055963836095145e-01 -1.4240816326530612e+00 -8.0000000000000000e+00
-1.4586752990707202e-01 -1.3634693877551021e+00 -8.0000000000000000e+00
-1.2958537691205418e-01 -1.3028571428571429e+00 -8.0000000000000000e+00
-1.2220338983050860e-01 -1.2648992618729220e+00 -8.0000000000000000e+00
-1.1690595819041387e-01 -1.2422448979591838e+00 -8.0000000000000000e+00
-1.0714710712644948e-01 -1.1816326530612247e+00 -8.0000000000000000e+00
-1.0007158464707297e-01 -1.1210204081632653e+00 -8.0000000000000000e+00
-9.4836023127365027e-02 -1.0604081632653062e+00 -8.0000000000000000e+00
-9.0961166415276143e-02 -9.9979591836734705e-01 -8.0000000000000000e+00
-8.8120258022884992e-02 -9.3918367346938791e-01 -8.0000000000000000e+00
-8.6070846771480580e-02 -8.7857142857142867e-01 -8.0000000000000000e+00
-8.4624897406088764e-02 -8.1795918367346943e-01 -8.0000000000000000e+00
-8.3633472068287085e-02 -7.5734693877551029e-01 -8.0000000000000000e+00
-8.2977871074666740e-02 -6.9673469387755105e-01 -8.0000000000000000e+00
-8.2563921249076244e-02 -6.3612244897959191e-01 -8.0000000000000000e+00
-8.2317840298812367e-02 -5.7551020408163267e-01 -8.0000000000000000e+00
-8.2183118500231397e-02 -5.1489795918367354e-01 -8.0000000000000000e+00
-8.2117889528759369e-02 -4.5428571428571429e-01 -8.0000000000000000e+00
-8.2092479879748520e-02 -3.9367346938775516e-01 -8.0000000000000000e+00
-8.2087115051958759e-02 -3.3306122448979592e-01 -8.0000000000000000e+00
-8.2089777638730418e-02 -2.7244897959183678e-01 -8.0000000000000000e+00
-8.2094154319229673e-02 -2.1183673469387757e-01 -8.0000000000000000e+00
-8.2097487484812576e-02 -1.5122448979591838e-01 -8.0000000000000000e+00
-8.2099292507472943e-02 -9.0612244897959188e-02 -8.0000000000000000e+00
-8.2100004166246507e-02 -2.9999999999999999e-02 -8.0000000000000000e+00
-8.2100004166246507e-02 +2.9999999999999999e-02 -8.0000000000000000e+00
-8.2099292507472943e-02 +9.0612244897959188e-02 -8.0000000000000000e+00
-8.2097487484812576e-02 +1.5122448979591838e-01 -8.0000000000000000e+00
-8.2094154319229673e-02 +2.1183673469387757e-01 -8.0000000000000000e+00
-8.2089777638730418e-02 +2.7244897959183678e-01 -8.0000000000000000e+00
-8.2087115051958759e-02 +3.3306122448979592e-01 -8.0000000000000000e+00
-8.2092479879748520e-02 +3.9367346938775516e-01 -8.0000000000000000e+00
-8.2117889528759369e-02 +4.5428571428571429e-01 -8.0000000000000000e+00
-8.2183118500231397e-02 +5.1489795918367354e-01 -8.0000000000000000e+00
-8.2317840298812367e-02 +5.7551020408163267e-01 -8.0000000000000000e+00
-8.2563921249076244e-02 +6.3612244897959191e-01 -8.0000000000000000e+00
-8.2977871074666740e-02 +6.9673469387755105e-01 -8.0000000000000000e+00
-8.3633472068287085e-02 +7.5734693877551029e-01 -8.0000000000000000e+00
-8.4624897406088764e-02 +8.1795918367346943e-01 -8.0000000000000000e+00
-8.6070846771480580e-02 +8.7857142857142867e-01 -8.0000000000000000e+00
-8.8120258022884992e-02 +9.3918367346938791e-01 -8.0000000000000000e+00
-9.0961166415276143e-02 +9.9979591836734705e-01 -8.0000000000000000e+00
-9.4836023127365027e-02 +1.0604081632653062e+00 -8.0000000000000000e+00
-1.0007158464707297e-01 +1.1210204081632653e+00 -8.0000000000000000e+00
-1.0714710712644948e-01 +1.1816326530612247e+00 -8.0000000000000000e+00
-1.1690595819041387e-01 +1.2422448979591838e+00 -8.0000000000000000e+00
-1.2220338983050860e-01 +1.2648992618729222e+00 -8.0000000000000000e+00
-1.2958537691205418e-01 +1.3028571428571429e+00 -8.0000000000000000e+00
-1.4586752990707202e-01 +1.3634693877551021e+00 -8.0000000000000000e+00
-1.7055963836095145e-01 +1.4240816326530612e+00 -8.0000000000000000e+00
-1.8271186440677978e-01 +1.4418833512078508e+00 -8.0000000000000000e+00
-2.0930839054743636e-01 +1.4846938775510206e+00 -8.0000000000000000e+00
-2.4322033898305095e-01 +1.5145890971761640e+00 -8.0000000000000000e+00
-3.0372881355932213e-01 +1.5367671369307754e+00 -8.0000000000000000e+00
-3.6423728813559308e-01 +1.5309006992670873e+00 -8.0000000000000000e+00
-4.2474576271186448e-01 +1.4996443845162992e+00 -8.0000000000000000e+00
-4.4641681596686644e-01 +1.4846938775510206e+00 -8.0000000000000000e+00
-4.8525423728813588e-01 +1.4470444856087870e+00 -8.0000000000000000e+00
-5.0892405836208132e-01 +1.4240816326530612e+00 -8.0000000000000000e+00
-5.4576271186440684e-01 +1.3751780412688455e+00 -8.0000000000000000e+00
-5.5539568520569427e-01 +1.3634693877551021e+00 -8.0000000000000000e+00
-5.9464236571841889e-01 +1.3028571428571429e+00 -8.0000000000000000e+00
-6.0627118644067801e-01 +1.2806655874009685e+00 -8.0000000000000000e+00
-6.2873401739586021e-01 +1.2422448979591838e+00 -8.0000000000000000e+00
-6.5817651355987261e-01 +1.1816326530612247e+00 -8.0000000000000000e+00
-6.6677966101694919e-01 +1.1610407891270971e+00 -8.0000000000000000e+00
-6.8515537326589093e-01 +1.1210204081632653e+00 -8.0000000000000000e+00
-7.0917124257354380e-01 +1.0604081632653062e+00 -8.0000000000000000e+00
-7.2728813559322059e-01 +1.0085739224458061e+00 -8.0000000000000000e+00
-7.3061933059139139e-01 +9.9979591836734705e-01 -8.0000000000000000e+00
-7.5081805247752764e-01 +9.3918367346938791e-01 -8.0000000000000000e+00
-7.6873885638237549e-01 +8.7857142857142867e-01 -8.0000000000000000e+00
-7.8479389354881823e-01 +8.1795918367346943e-01 -8.0000000000000000e+00
-7.8779661016949154e-01 +8.0526516948704030e-01 -8.0000000000000000e+00
-7.9985355965581273e-01 +7.5734693877551029e-01 -8.0000000000000000e+00
-8.1339439334322938e-01 +6.9673469387755105e-01 -8.0000000000000000e+00
-8.2544350849487635e-01 +6.3612244897959191e-01 -8.0000000000000000e+00
-8.3614326568078057e-01 +5.7551020408163267e-01 -8.0000000000000000e+00
-8.4559322299865214e-01 +5.1489795918367354e-01 -8.0000000000000000e+00
-8.4830508474576272e-01 +4.9495071147700881e-01 -8.0000000000000000e+00
-9.0881355932203411e-01 +4.1069599415829500e-01 -6.0000000000000000e+00
-9.1107809044810717e-01 +3.9367346938775516e-01 -6.0000000000000000e+00
-9.1784403708888918e-01 +3.3306122448979592e-01 -6.0000000000000000e+00
-9.2337847485443603e-01 +2.7244897959183678e-01 -6.0000000000000000e+00
-9.2774661467536568e-01 +2.1183673469387757e-01 -6.0000000000000000e+00
-9.3099070735889766e-01 +1.5122448979591838e-01 -6.0000000000000000e+00
-9.3313805760393698e-01 +9.0612244897959188e-02 -6.0000000000000000e+00
-9.3420514393816112e-01 +2.9999999999999999e-02 -6.0000000000000000e+00
-9.3420514393816112e-01 -2.9999999999999999e-02 -6.0000000000000000e+00
-9.3313805760393698e-01 -9.0612244897959188e-02 -6.0000000000000000e+00
-9.3099070735889766e-01 -1.5122448979591838e-01 -6.0000000000000000e+00
-9.2774661467536568e-01 -2.1183673469387757e-01 -6.0000000000000000e+00
-9.2337847485443603e-01 -2.7244897959183678e-01 -6.0000000000000000e+00
-9.1784403708888918e-01 -3.3306122448979592e-01 -6.0000000000000000e+00
-9.1107809044810717e-01 -3.9367346938775516e-01 -6.0000000000000000e+00
-9.0881355932203411e-01 -4.1069599415829500e-01 -6.0000000000000000e+00
-9.0340141244268823e-01 -4.5428571428571429e-01 -6.0000000000000000e+00
-8.9467143222440804e-01 -5.1489795918367354e-01 -6.0000000000000000e+00
-8.8467064571780518e-01 -5.7551020408163267e-01 -6.0000000000000000e+00
-8.7329478500315905e-01 -6.3612244897959191e-01 -6.0000000000000000e+00
-8.6037892952347206e-01 -6.9673469387755105e-01 -6.0000000000000000e+00
-8.4830508474576272e-01 -7.4645417099146949e-01 -6.0000000000000000e+00
-8.4584869658125494e-01 -7.5734693877551029e-01 -6.0000000000000000e+00
-8.3056202388134870e-01 -8.1795918367346943e-01 -6.0000000000000000e+00
-8.1345342019770961e-01 -8.7857142857142867e-01 -6.0000000000000000e+00
-7.9407096278704603e-01 -9.3918367346938791e-01 -6.0000000000000000e+00
-7.8779661016949154e-01 -9.5637118107194052e-01 -6.0000000000000000e+00
-7.7334641876969124e-01 -9.9979591836734705e-01 -6.0000000000000000e+00
-7.5062298226187574e-01 -1.0604081632653062e+00 -6.0000000000000000e+00
-7.2728813559322059e-01 -1.1140899750645537e+00 -6.0000000000000000e+00
-7.2454408604278198e-01 -1.1210204081632653e+00 -6.0000000000000000e+00
-6.9724240377072610e-01 -1.1816326530612247e+00 -6.0000000000000000e+00
-6.6677966101694919e-01 -1.2384234950188251e+00 -6.0000000000000000e+00
-6.6492877401790118e-01 -1.2422448979591838e+00 -6.0000000000000000e+00
-6.3054021921245984e-01 -1.3028571428571429e+00 -6.0000000000000000e+00
-6.0627118644067801e-01 -1.3372064713907492e+00 -6.0000000000000000e+00
-5.8952862937353034e-01 -1.3634693877551021e+00 -6.0000000000000000e+00
-5.4576271186440684e-01 -1.4166658355879891e+00 -6.0000000000000000e+00
-5.4017645591078123e-01 -1.4240816326530612e+00 -6.0000000000000000e+00
-4.8525423728813588e-01 -1.4773634393170862e+00 -6.0000000000000000e+00
-4.7769248652738894e-01 -1.4846938775510206e+00 -6.0000000000000000e+00
-4.2474576271186448e-01 -1.5212209606548379e+00 -6.0000000000000000e+00
-3.6452612191225464e-01 -1.5453061224489797e+00 -6.0000000000000000e+00
-3.6423728813559308e-01 -1.5454538953991170e+00 -6.0000000000000000e+00
-3.0372881355932213e-01 -1.5532130193793503e+00 -6.0000000000000000e+00
-2.8836841850523476e-01 -1.5453061224489797e+00 -6.0000000000000000e+00
-2.4322033898305095e-01 -1.5302234482221568e+00 -6.0000000000000000e+00
-1.9157340438094908e-01 -1.4846938775510206e+00 -6.0000000000000000e+00
-1.8271186440677978e-01 -1.4704300902992973e+00 -6.0000000000000000e+00
-1.5107239474214940e-01 -1.4240816326530612e+00 -6.0000000000000000e+00
-1.2779866191026673e-01 -1.3634693877551021e+00 -6.0000000000000000e+00
-1.2220338983050860e-01 -1.3428127561138585e+00 -6.0000000000000000e+00
-1.0776212930875639e-01 -1.3028571428571429e+00 -6.0000000000000000e+00
-9.4772779115765080e-02 -1.2422448979591838e+00 -6.0000000000000000e+00
-8.5177804407885360e-02 -1.1816326530612247e+00 -6.0000000000000000e+00
-7.7866530546857465e-02 -1.1210204081632653e+00 -6.0000000000000000e+00
-7.2304722255602819e-02 -1.0604081632653062e+00 -6.0000000000000000e+00
-6.8104751368264077e-02 -9.9979591836734705e-01 -6.0000000000000000e+00
-6.4972357034610712e-02 -9.3918367346938791e-01 -6.0000000000000000e+00
-6.2675467182397346e-02 -8.7857142857142867e-01 -6.0000000000000000e+00
-6.1694915254237426e-02 -8.4239286788857348e-01 -6.0000000000000000e+00
-6.0848312764920115e-02 -8.1795918367346943e-01 -6.0000000000000000e+00
-5.9430658607439575e-02 -7.5734693877551029e-01 -6.0000000000000000e+00
-5.8500463434379223e-02 -6.9673469387755105e-01 -6.0000000000000000e+00
-5.7907821887985864e-02 -6.3612244897959191e-01 -6.0000000000000000e+00
-5.7546005960601665e-02 -5.7551020408163267e-01 -6.0000000000000000e+00
-5.7337688257074276e-02 -5.1489795918367354e-01 -6.0000000000000000e+00
-5.7227087145219069e-02 -4.5428571428571429e-01 -6.0000000000000000e+00
-5.7174916512135639e-02 -3.9367346938775516e-01 -6.0000000000000000e+00
-5.7154688772100337e-02 -3.3306122448979592e-01 -6.0000000000000000e+00
-5.7149703637150967e-02 -2.7244897959183678e-01 -6.0000000000000000e+00
-5.7150443274622417e-02 -2.1183673469387757e-01 -6.0000000000000000e+00
-5.7152293333080639e-02 -1.5122448979591838e-01 -6.0000000000000000e+00
-5.7153608415354058e-02 -9.0612244897959188e-02 -6.0000000000000000e+00
-5.7154180932247264e-02 -2.9999999999999999e-02 -6.0000000000000000e+00
-5.7154180932247264e-02 +2.9999999999999999e-02 -6.0000000000000000e+00
-5.7153608415354058e-02 +9.0612244897959188e-02 -6.0000000000000000e+00
-5.7152293333080639e-02 +1.5122448979591838e-01 -6.0000000000000000e+00
-5.7150443274622417e-02 +2.1183673469387757e-01 -6.0000000000000000e+00
-5.7149703637150967e-02 +2.7244897959183678e-01 -6.0000000000000000e+00
-5.7154688772100337e-02 +3.3306122448979592e-01 -6.0000000000000000e+00
-5.7174916512135639e-02 +3.9367346938775516e-01 -6.0000000000000000e+00
-5.7227087145219069e-02 +4.5428571428571429e-01 -6.0000000000000000e+00
-5.7337688257074276e-02 +5.1489795918367354e-01 -6.0000000000000000e+00
-5.7546005960601665e-02 +5.7551020408163267e-01 -6.0000000000000000e+00
-5.7907821887985864e-02 +6.3612244897959191e-01 -6.0000000000000000e+00
-5.8500463434379223e-02 +6.9673469387755105e-01 -6.0000000000000000e+00
-5.9430658607439575e-02 +7.5734693877551029e-01 -6.0000000000000000e+00
-6.0848312764920115e-02 +8.1795918367346943e-01 -6.0000000000000000e+00
-6.1694915254237426e-02 +8.4239286788857393e-01 -6.0000000000000000e+00
-6.2675467182397346e-02 +8.7857142857142867e-01 -6.0000000000000000e+00
-6.4972357034610712e-02 +9.3918367346938791e-01 -6.0000000000000000e+00
-6.8104751368264077e-02 +9.9979591836734705e-01 -6.0000000000000000e+00
-7.2304722255602819e-02 +1.0604081632653062e+00 -6.0000000000000000e+00
-7.7866530546857465e-02 +1.1210204081632653e+00 -6.0000000000000000e+00
-8.5177804407885360e-02 +1.1816326530612247e+00 -6.0000000000000000e+00
-9.4772779115765080e-02 +1.2422448979591838e+00 -6.0000000000000000e+00
-1.0776212930875639e-01 +1.3028571428571429e+00 -6.0000000000000000e+00
-1.2220338983050860e-01 +1.3428127561138588e+00 -6.0000000000000000e+00
-1.2779866191026673e-01 +1.3634693877551021e+00 -6.0000000000000000e+00
-1.5107239474214940e-01 +1.4240816326530612e+00 -6.0000000000000000e+00
-1.8271186440677978e-01 +1.4704300902992968e+00 -6.0000000000000000e+00
-1.9157340438094908e-01 +1.4846938775510206e+00 -6.0000000000000000e+00
-2.4322033898305095e-01 +1.5302234482221566e+00 -6.0000000000000000e+00
-2.8836841850523476e-01 +1.5453061224489797e+00 -6.0000000000000000e+00
-3.0372881355932213e-01 +1.5532130193793501e+00 -6.0000000000000000e+00
-3.6423728813559308e-01 +1.5454538953991168e+00 -6.0000000000000000e+00
-3.6452612191225464e-01 +1.5453061224489797e+00 -6.0000000000000000e+00
-4.2474576271186448e-01 +1.5212209606548379e+00 -6.0000000000000000e+00
-4.7769248652738894e-01 +1.4846938775510206e+00 -6.0000000000000000e+00
-4.8525423728813588e-01 +1.4773634393170867e+00 -6.0000000000000000e+00
-5.4017645591078123e-01 +1.4240816326530612e+00 -6.0000000000000000e+00
-5.4576271186440684e-01 +1.4166658355879891e+00 -6.0000000000000000e+00
-5.8952862937353034e-01 +1.3634693877551021e+00 -6.0000000000000000e+00
-6.0627118644067801e-01 +1.3372064713907488e+00 -6.0000000000000000e+00
-6.3054021921245984e-01 +1.3028571428571429e+00 -6.0000000000000000e+00
-6.6492877401790118e-01 +1.2422448979591838e+00 -6.0000000000000000e+00
-6.6677966101694919e-01 +1.2384234950188251e+00 -6.0000000000000000e+00
-6.9724240377072610e-01 +1.1816326530612247e+00 -6.0000000000000000e+00
-7.2454408604278198e-01 +1.1210204081632653e+00 -6.0000000000000000e+00
-7.2728813559322059e-01 +1.1140899750645537e+00 -6.0000000000000000e+00
-7.5062298226187574e-01 +1.0604081632653062e+00 -6.0000000000000000e+00
-7.7334641876969124e-01 +9.9979591836734705e-01 -6.0000000000000000e+00
-7.8779661016949154e-01 +9.5637118107194052e-01 -6.0000000000000000e+00
-7.9407096278704603e-01 +9.3918367346938791e-01 -6.0000000000000000e+00
-8.1345342019770961e-01 +8.7857142857142867e-01 -6.0000000000000000e+00
-8.3056202388134870e-01 +8.1795918367346943e-01 -6.0000000000000000e+00
-8.4584869658125494e-01 +7.5734693877551029e-01 -6.0000000000000000e+00
-8.4830508474576272e-01 +7.4645417099146949e-01 -6.0000000000000000e+00
-8.6037892952347206e-01 +6.9673469387755105e-01 -6.0000000000000000e+00
-8.7329478500315905e-01 +6.3612244897959191e-01 -6.0000000000000000e+00
-8.8467064571780518e-01 +5.7551020408163267e-01 -6.0000000000000000e+00
-8.9467143222440804e-01 +5.1489795918367354e-01 -6.0000000000000000e+00
-9.0340141244268823e-01 +4.5428571428571429e-01 -6.0000000000000000e+00
-9.0881355932203411e-01 +4.1069599415829500e-01 -6.0000000000000000e+00
-9.6932203389830529e-01 +3.4355626284660967e-01 -4.0000000000000000e+00
-9.7069117333674959e-01 +3.3306122448979592e-01 -4.0000000000000000e+00
-9.7701352503446159e-01 +2.7244897959183678e-01 -4.0000000000000000e+00
-9.8182699508957572e-01 +2.1183673469387757e-01 -4.0000000000000000e+00
-9.8533068750144737e-01 +1.5122448979591838e-01 -4.0000000000000000e+00
-9.8762460377734684e-01 +9.0612244897959188e-02 -4.0000000000000000e+00
-9.8875833613470576e-01 +2.9999999999999999e-02 -4.0000000000000000e+00
-9.8875833613470576e-01 -2.9999999999999999e-02 -4.0000000000000000e+00
-9.8762460377734684e-01 -9.0612244897959188e-02 -4.0000000000000000e+00
-9.8533068750144737e-01 -1.5122448979591838e-01 -4.0000000000000000e+00
-9.8182699508957572e-01 -2.1183673469387757e-01 -4.0000000000000000e+00
-9.7701352503446159e-01 -2.7244897959183678e-01 -4.0000000000000000e+00
-9.7069117333674959e-01 -3.3306122448979592e-01 -4.0000000000000000e+00
-9.6932203389830529e-01 -3.4355626284660967e-01 -4.0000000000000000e+00
-9.6389191720694234e-01 -3.9367346938775516e-01 -4.0000000000000000e+00
-9.5614426118387819e-01 -4.5428571428571429e-01 -4.0000000000000000e+00
-9.4714573308295424e-01 -5.1489795918367354e-01 -4.0000000000000000e+00
-9.3677502535359869e-01 -5.7551020408163267e-01 -4.0000000000000000e+00
-9.2474313150048437e-01 -6.3612244897959191e-01 -4.0000000000000000e+00
-9.1017604938966534e-01 -6.9673469387755105e-01 -4.0000000000000000e+00
-9.0881355932203411e-01 -7.0149997025612021e-01 -4.0000000000000000e+00
-8.9580323826761088e-01 -7.5734693877551029e-01 -4.0000000000000000e+00
-8.8001960351422293e-01 -8.1795918367346943e-01 -4.0000000000000000e+00
-8.6187357090890249e-01 -8.7857142857142867e-01 -4.0000000000000000e+00
-8.4830508474576272e-01 -9.1550994852514267e-01 -4.0000000000000000e+00
-8.4094398068005027e-01 -9.3918367346938791e-01 -4.0000000000000000e+00
-8.2013804024231529e-01 -9.9979591836734705e-01 -4.0000000000000000e+00
-7.9557211803300343e-01 -1.0604081632653062e+00 -4.0000000000000000e+00
-7.8779661016949154e-01 -1.0757200456440936e+00 -4.0000000000000000e+00
-7.6912342940840028e-01 -1.1210204081632653e+00 -4.0000000000000000e+00
-7.4022500852827644e-01 -1.1816326530612247e+00 -4.0000000000000000e+00
-7.2728813559322059e-01 -1.2026589789430913e+00 -4.0000000000000000e+00
-7.0720165390311041e-01 -1.2422448979591838e+00 -4.0000000000000000e+00
-6.6911122083383545e-01 -1.3028571428571429e+00 -4.0000000000000000e+00
-6.6677966101694919e-01 -1.3057597752880445e+00 -4.0000000000000000e+00
-6.2919022255193058e-01 -1.3634693877551021e+00 -4.0000000000000000e+00
-6.0627118644067801e-01 -1.3897211674917840e+00 -4.0000000000000000e+00
-5.7915582337764548e-01 -1.4240816326530612e+00 -4.0000000000000000e+00
-5.4576271186440684e-01 -1.4568785583107662e+00 -4.0000000000000000e+00
-5.1679189024630157e-01 -1.4846938775510206e+00 -4.0000000000000000e+00
-4.8525423728813588e-01 -1.5108777762238075e+00 -4.0000000000000000e+00
-4.2474576271186448e-01 -1.5427975367933766e+00 -4.0000000000000000e+00
-4.1847359695326736e-01 -1.5453061224489797e+00 -4.0000000000000000e+00
-3.6423728813559308e-01 -1.5730544677123866e+00 -4.0000000000000000e+00
-3.0372881355932213e-01 -1.5773034454929067e+00 -4.0000000000000000e+00
-2.4322033898305095e-01 -1.5469211569823935e+00 -4.0000000000000000e+00
-2.4137403593008089e-01 -1.5453061224489797e+00 -4.0000000000000000e+00
-1.8271186440677978e-01 -1.5033968776698123e+00 -4.0000000000000000e+00
-1.6456726111293862e-01 -1.4846938775510206e+00 -4.0000000000000000e+00
-1.3158515112334690e-01 -1.4240816326530612e+00 -4.0000000000000000e+00
-1.2220338983050860e-01 -1.3991785570974011e+00 -4.0000000000000000e+00
-9.9713021283060949e-02 -1.3634693877551021e+00 -4.0000000000000000e+00
-8.3652166388732796e-02 -1.3028571428571429e+00 -4.0000000000000000e+00
-7.2639600041116720e-02 -1.2422448979591838e+00 -4.0000000000000000e+00
-6.3208501689321669e-02 -1.1816326530612247e+00 -4.0000000000000000e+00
-6.1694915254237426e-02 -1.1693725618756381e+00 -4.0000000000000000e+00
-5.0657252812146690e-02 -1.1210204081632653e+00 -4.0000000000000000e+00
-4.2770779931703203e-02 -1.0604081632653062e+00 -4.0000000000000000e+00
-3.7911868531544067e-02 -9.9979591836734705e-01 -4.0000000000000000e+00
-3.4691983020796908e-02 -9.3918367346938791e-01 -4.0000000000000000e+00
-3.2478072705459403e-02 -8.7857142857142867e-01 -4.0000000000000000e+00
-3.0939348941836611e-02 -8.1795918367346943e-01 -4.0000000000000000e+00
-2.9878528415586709e-02 -7.5734693877551029e-01 -4.0000000000000000e+00
-2.9163111444757032e-02 -6.9673469387755105e-01 -4.0000000000000000e+00
-2.8696456062482799e-02 -6.3612244897959191e-01 -4.0000000000000000e+00
-2.8405254294391169e-02 -5.7551020408163267e-01 -4.0000000000000000e+00
-2.8233619297983473e-02 -5.1489795918367354e-01 -4.0000000000000000e+00
-2.8139709398757526e-02 -4.5428571428571429e-01 -4.0000000000000000e+00
-2.8093268826280878e-02 -3.9367346938775516e-01 -4.0000000000000000e+00
-2.8073489065140088e-02 -3.3306122448979592e-01 -4.0000000000000000e+00
-2.8067009189071034e-02 -2.7244897959183678e-01 -4.0000000000000000e+00
-2.8066037574480115e-02 -2.1183673469387757e-01 -4.0000000000000000e+00
-2.8066640543399909e-02 -1.5122448979591838e-01 -4.0000000000000000e+00
-2.8067264481182630e-02 -9.0612244897959188e-02 -4.0000000000000000e+00
-2.8067558808073573e-02 -2.9999999999999999e-02 -4.0000000000000000e+00
-2.8067558808073573e-02 +2.9999999999999999e-02 -4.0000000000000000e+00
-2.8067264481182630e-02 +9.0612244897959188e-02 -4.0000000000000000e+00
-2.8066640543399909e-02 +1.5122448979591838e-01 -4.0000000000000000e+00
-2.8066037574480115e-02 +2.1183673469387757e-01 -4.0000000000000000e+00
-2.8067009189071034e-02 +2.7244897959183678e-01 -4.0000000000000000e+00
-2.8073489065140088e-02 +3.3306122448979592e-01 -4.0000000000000000e+00
-2.8093268826280878e-02 +3.9367346938775516e-01 -4.0000000000000000e+00
-2.8139709398757526e-02 +4.5428571428571429e-01 -4.0000000000000000e+00
-2.8233619297983473e-02 +5.1489795918367354e-01 -4.0000000000000000e+00
-2.8405254294391169e-02 +5.7551020408163267e-01 -4.0000000000000000e+00
-2.8696456062482799e-02 +6.3612244897959191e-01 -4.0000000000000000e+00
-2.9163111444757032e-02 +6.9673469387755105e-01 -4.0000000000000000e+00
-2.9878528415586709e-02 +7.5734693877551029e-01 -4.0000000000000000e+00
-3.0939348941836611e-02 +8.1795918367346943e-01 -4.0000000000000000e+00
-3.2478072705459403e-02 +8.7857142857142867e-01 -4.0000000000000000e+00
-3.4691983020796908e-02 +9.3918367346938791e-01 -4.0000000000000000e+00
-3.7911868531544067e-02 +9.9979591836734705e-01 -4.0000000000000000e+00
-4.2770779931703203e-02 +1.0604081632653062e+00 -4.0000000000000000e+00
-5.0657252812146690e-02 +1.1210204081632653e+00 -4.0000000000000000e+00
-6.1694915254237426e-02 +1.1693725618756381e+00 -4.0000000000000000e+00
-6.3208501689321669e-02 +1.1816326530612247e+00 -4.0000000000000000e+00
-7.2639600041116720e-02 +1.2422448979591838e+00 -4.0000000000000000e+00
-8.3652166388732796e-02 +1.3028571428571429e+00 -4.0000000000000000e+00
-9.9713021283060949e-02 +1.3634693877551021e+00 -4.0000000000000000e+00
-1.2220338983050860e-01 +1.3991785570974016e+00 -4.0000000000000000e+00
-1.3158515112334690e-01 +1.4240816326530612e+00 -4.0000000000000000e+00
-1.6456726111293862e-01 +1.4846938775510206e+00 -4.0000000000000000e+00
-1.8271186440677978e-01 +1.5033968776698126e+00 -4.0000000000000000e+00
-2.4137403593008089e-01 +1.5453061224489797e+00 -4.0000000000000000e+00
-2.4322033898305095e-01 +1.5469211569823937e+00 -4.0000000000000000e+00
-3.0372881355932213e-01 +1.5773034454929071e+00 -4.0000000000000000e+00
-3.6423728813559308e-01 +1.5730544677123870e+00 -4.0000000000000000e+00
-4.1847359695326736e-01 +1.5453061224489797e+00 -4.0000000000000000e+00
-4.2474576271186448e-01 +1.5427975367933766e+00 -4.0000000000000000e+00
-4.8525423728813588e-01 +1.5108777762238075e+00 -4.0000000000000000e+00
-5.1679189024630157e-01 +1.4846938775510206e+00 -4.0000000000000000e+00
-5.4576271186440684e-01 +1.4568785583107662e+00 -4.0000000000000000e+00
-5.7915582337764548e-01 +1.4240816326530612e+00 -4.0000000000000000e+00
-6.0627118644067801e-01 +1.3897211674917838e+00 -4.0000000000000000e+00
-6.2919022255193058e-01 +1.3634693877551021e+00 -4.0000000000000000e+00
-6.6677966101694919e-01 +1.3057597752880443e+00 -4.0000000000000000e+00
-6.6911122083383545e-01 +1.3028571428571429e+00 -4.0000000000000000e+00
-7.0720165390311041e-01 +1.2422448979591838e+00 -4.0000000000000000e+00
-7.2728813559322059e-01 +1.2026589789430908e+00 -4.0000000000000000e+00
-7.4022500852827644e-01 +1.1816326530612247e+00 -4.0000000000000000e+00
-7.6912342940840028e-01 +1.1210204081632653e+00 -4.0000000000000000e+00
-7.8779661016949154e-01 +1.0757200456440936e+00 -4.0000000000000000e+00
-7.9557211803300343e-01 +1.0604081632653062e+00 -4.0000000000000000e+00
-8.2013804024231529e-01 +9.9979591836734705e-01 -4.0000000000000000e+00
-8.4094398068005027e-01 +9.3918367346938791e-01 -4.0000000000000000e+00
-8.4830508474576272e-01 +9.1550994852514234e-01 -4.0000000000000000e+00
-8.6187357090890249e-01 +8.7857142857142867e-01 -4.0000000000000000e+00
-8.8001960351422293e-01 +8.1795918367346943e-01 -4.0000000000000000e+00
-8.9580323826761088e-01 +7.5734693877551029e-01 -4.0000000000000000e+00
-9.0881355932203411e-01 +7.0149997025612021e-01 -4.0000000000000000e+00
-9.1017604938966534e-01 +6.9673469387755105e-01 -4.0000000000000000e+00
-9.2474313150048437e-01 +6.3612244897959191e-01 -4.0000000000000000e+00
-9.3677502535359869e-01 +5.7551020408163267e-01 -4.0000000000000000e+00
-9.4714573308295424e-01 +5.1489795918367354e-01 -4.0000000000000000e+00
-9.5614426118387819e-01 +4.5428571428571429e-01 -4.0000000000000000e+00
-9.6389191720694234e-01 +3.9367346938775516e-01 -4.0000000000000000e+00
-9.6932203389830529e-01 +3.4355626284660967e-01 -4.0000000000000000e+00
