-2.2205882352941186e-01 +1.2569068180232414e+00 -1.6000000000000000e+01
-2.2846697335690030e-01 +1.2522448979591836e+00 -1.6000000000000000e+01
-2.8924685667971367e-01 +1.1714285714285715e+00 -1.6000000000000000e+01
-2.3357176294662091e-01 +1.0906122448979592e+00 -1.6000000000000000e+01
-2.2205882352941186e-01 +1.0816433902953158e+00 -1.6000000000000000e+01
-2.2185928970091628e-01 +1.0906122448979592e+00 -1.6000000000000000e+01
-2.1692552657889488e-01 +1.1714285714285715e+00 -1.6000000000000000e+01
-2.2181712791831501e-01 +1.2522448979591836e+00 -1.6000000000000000e+01
-2.2205882352941186e-01 +1.2569068180232414e+00 -1.6000000000000000e+01
-2.2205882352941186e-01 +9.7297658658708630e-01 -1.6000000000000000e+01
-3.0294117647058849e-01 +9.7120724817439608e-01 -1.6000000000000000e+01
-3.8174100403707234e-01 +9.2897959183673473e-01 -1.6000000000000000e+01
-3.8382352941176467e-01 +9.2754774107442584e-01 -1.6000000000000000e+01
-4.6470588235294130e-01 +8.8507072637877293e-01 -1.6000000000000000e+01
-5.4558823529411793e-01 +8.7635308205880857e-01 -1.6000000000000000e+01
-6.2647058823529411e-01 +9.0354061027419874e-01 -1.6000000000000000e+01
-6.6969018726877150e-01 +9.2897959183673473e-01 -1.6000000000000000e+01
-7.0735294117647074e-01 +9.4502229267935978e-01 -1.6000000000000000e+01
-7.8823529411764737e-01 +9.8273689097591155e-01 -1.6000000000000000e+01
-8.6911764705882355e-01 +1.0094840706376083e+00 -1.6000000000000000e+01
-8.7081366558811590e-01 +1.0097959183673468e+00 -1.6000000000000000e+01
-9.5000000000000018e-01 +1.0249080545292057e+00 -1.6000000000000000e+01
-1.0308823529411768e+00 +1.0251195007738017e+00 -1.6000000000000000e+01
-1.1016872797222710e+00 +1.0097959183673468e+00 -1.6000000000000000e+01
-1.1117647058823530e+00 +1.0078610600382183e+00 -1.6000000000000000e+01
-1.1926470588235296e+00 +9.7214309444962654e-01 -1.6000000000000000e+01
-1.2483987701731427e+00 +9.2897959183673473e-01 -1.6000000000000000e+01
-1.2735294117647062e+00 +9.0121823376290577e-01 -1.6000000000000000e+01
-1.3140064867680596e+00 +8.4816326530612252e-01 -1.6000000000000000e+01
-1.3465672240204218e+00 +7.6734693877551030e-01 -1.6000000000000000e+01
-1.3544117647058824e+00 +7.1624557560886126e-01 -1.6000000000000000e+01
-1.3603505110375456e+00 +6.8653061224489798e-01 -1.6000000000000000e+01
-1.3570289212588000e+00 +6.0571428571428576e-01 -1.6000000000000000e+01
-1.3544117647058824e+00 +5.9352486881100974e-01 -1.6000000000000000e+01
-1.3398811391078953e+00 +5.2489795918367343e-01 -1.6000000000000000e+01
-1.3069052761453210e+00 +4.4408163265306122e-01 -1.6000000000000000e+01
-1.2735294117647062e+00 +3.8441164939176486e-01 -1.6000000000000000e+01
-1.2582503538891496e+00 +3.6326530612244895e-01 -1.6000000000000000e+01
-1.1962563844611918e+00 +2.8244897959183674e-01 -1.6000000000000000e+01
-1.1926470588235296e+00 +2.7710727089894788e-01 -1.6000000000000000e+01
-1.1224482461766718e+00 +2.0163265306122449e-01 -1.6000000000000000e+01
-1.1117647058823530e+00 +1.8571781324143841e-01 -1.6000000000000000e+01
-1.0515027117631721e+00 +1.2081632653061225e-01 -1.6000000000000000e+01
-1.0308823529411768e+00 +7.5886829333958142e-02 -1.6000000000000000e+01
-1.0086362814054584e+00 +4.0000000000000001e-02 -1.6000000000000000e+01
-1.0086362814054584e+00 -4.0000000000000001e-02 -1.6000000000000000e+01
-1.0308823529411768e+00 -7.5886829333958142e-02 -1.6000000000000000e+01
-1.0515027117631721e+00 -1.2081632653061225e-01 -1.6000000000000000e+01
-1.1117647058823530e+00 -1.8571781324143841e-01 -1.6000000000000000e+01
-1.1224482461766718e+00 -2.0163265306122449e-01 -1.6000000000000000e+01
-1.1926470588235296e+00 -2.7710727089894788e-01 -1.6000000000000000e+01
-1.1962563844611918e+00 -2.8244897959183674e-01 -1.6000000000000000e+01
-1.2582503538891496e+00 -3.6326530612244895e-01 -1.6000000000000000e+01
-1.2735294117647062e+00 -3.8441164939176486e-01 -1.6000000000000000e+01
-1.3069052761453210e+00 -4.4408163265306122e-01 -1.6000000000000000e+01
-1.3398811391078953e+00 -5.2489795918367343e-01 -1.6000000000000000e+01
-1.3544117647058824e+00 -5.9352486881100974e-01 -1.6000000000000000e+01
-1.3570289212588000e+00 -6.0571428571428576e-01 -1.6000000000000000e+01
-1.3603505110375456e+00 -6.8653061224489798e-01 -1.6000000000000000e+01
-1.3544117647058824e+00 -7.1624557560886126e-01 -1.6000000000000000e+01
-1.3465672240204218e+00 -7.6734693877551030e-01 -1.6000000000000000e+01
-1.3140064867680596e+00 -8.4816326530612252e-01 -1.6000000000000000e+01
-1.2735294117647062e+00 -9.0121823376290577e-01 -1.6000000000000000e+01
-1.2483987701731427e+00 -9.2897959183673473e-01 -1.6000000000000000e+01
-1.1926470588235296e+00 -9.7214309444962654e-01 -1.6000000000000000e+01
-1.1117647058823530e+00 -1.0078610600382183e+00 -1.6000000000000000e+01
-1.1016872797222710e+00 -1.0097959183673468e+00 -1.6000000000000000e+01
-1.0308823529411768e+00 -1.0251195007738017e+00 -1.6000000000000000e+01
-9.5000000000000018e-01 -1.0249080545292057e+00 -1.6000000000000000e+01
-8.7081366558811590e-01 -1.0097959183673468e+00 -1.6000000000000000e+01
-8.6911764705882355e-01 -1.0094840706376083e+00 -1.6000000000000000e+01
-7.8823529411764737e-01 -9.8273689097591155e-01 -1.6000000000000000e+01
-7.0735294117647074e-01 -9.4502229267935978e-01 -1.6000000000000000e+01
-6.6969018726877150e-01 -9.2897959183673473e-01 -1.6000000000000000e+01
-6.2647058823529411e-01 -9.0354061027419874e-01 -1.6000000000000000e+01
-5.4558823529411793e-01 -8.7635308205880857e-01 -1.6000000000000000e+01
-4.6470588235294130e-01 -8.8507072637877293e-01 -1.6000000000000000e+01
-3.8382352941176467e-01 -9.2754774107442584e-01 -1.6000000000000000e+01
-3.8174100403707234e-01 -9.2897959183673473e-01 -1.6000000000000000e+01
-3.0294117647058849e-01 -9.7120724817439608e-01 -1.6000000000000000e+01
-2.2205882352941186e-01 -9.7297658658708630e-01 -1.6000000000000000e+01
-2.2011248324391888e-01 -9.2897959183673473e-01 -1.6000000000000000e+01
-2.1375660116224543e-01 -8.4816326530612252e-01 -1.6000000000000000e+01
-2.1263893199206443e-01 -7.6734693877551030e-01 -1.6000000000000000e+01
-2.1436584062011607e-01 -6.8653061224489798e-01 -1.6000000000000000e+01
-2.1616278929463645e-01 -6.0571428571428576e-01 -1.6000000000000000e+01
-2.1975777663395646e-01 -5.2489795918367343e-01 -1.6000000000000000e+01
-2.2187622024713202e-01 -4.4408163265306122e-01 -1.6000000000000000e+01
-2.2205882352941186e-01 -4.1624667105084223e-01 -1.6000000000000000e+01
-3.0294117647058849e-01 -3.7989188775468274e-01 -1.6000000000000000e+01
-3.2042516812583199e-01 -3.6326530612244895e-01 -1.6000000000000000e+01
-3.0294117647058849e-01 -3.2791333809114154e-01 -1.6000000000000000e+01
-2.8803793779898113e-01 -2.8244897959183674e-01 -1.6000000000000000e+01
-2.3646068794144359e-01 -2.0163265306122449e-01 -1.6000000000000000e+01
-2.2205882352941186e-01 -1.9227991971565855e-01 -1.6000000000000000e+01
-2.1962259539569665e-01 -1.2081632653061225e-01 -1.6000000000000000e+01
-2.1295796755916313e-01 -4.0000000000000001e-02 -1.6000000000000000e+01
-2.1295796755916313e-01 +4.0000000000000001e-02 -1.6000000000000000e+01
-2.1962259539569665e-01 +1.2081632653061225e-01 -1.6000000000000000e+01
-2.2205882352941186e-01 +1.9227991971565855e-01 -1.6000000000000000e+01
-2.3646068794144359e-01 +2.0163265306122449e-01 -1.6000000000000000e+01
-2.8803793779898113e-01 +2.8244897959183674e-01 -1.6000000000000000e+01
-3.0294117647058849e-01 +3.2791333809114154e-01 -1.6000000000000000e+01
-3.2042516812583199e-01 +3.6326530612244895e-01 -1.6000000000000000e+01
-3.0294117647058849e-01 +3.7989188775468274e-01 -1.6000000000000000e+01
-2.2205882352941186e-01 +4.1624667105084223e-01 -1.6000000000000000e+01
-2.2187622024713202e-01 +4.4408163265306122e-01 -1.6000000000000000e+01
-2.1975777663395646e-01 +5.2489795918367343e-01 -1.6000000000000000e+01
-2.1616278929463645e-01 +6.0571428571428576e-01 -1.6000000000000000e+01
-2.1436584062011607e-01 +6.8653061224489798e-01 -1.6000000000000000e+01
-2.1263893199206443e-01 +7.6734693877551030e-01 -1.6000000000000000e+01
-2.1375660116224543e-01 +8.4816326530612252e-01 -1.6000000000000000e+01
-2.2011248324391888e-01 +9.2897959183673473e-01 -1.6000000000000000e+01
-2.2205882352941186e-01 +9.7297658658708630e-01 -1.6000000000000000e+01
-2.2205882352941186e-01 -1.0816433902953158e+00 -1.6000000000000000e+01
-2.3357176294662091e-01 -1.0906122448979592e+00 -1.6000000000000000e+01
-2.8924685667971367e-01 -1.1714285714285715e+00 -1.6000000000000000e+01
-2.2846697335690030e-01 -1.2522448979591836e+00 -1.6000000000000000e+01
-2.2205882352941186e-01 -1.2569068180232414e+00 -1.6000000000000000e+01
-2.2181712791831501e-01 -1.2522448979591836e+00 -1.6000000000000000e+01
-2.1692552657889488e-01 -1.1714285714285715e+00 -1.6000000000000000e+01
-2.2185928970091628e-01 -1.0906122448979592e+00 -1.6000000000000000e+01
-2.2205882352941186e-01 -1.0816433902953158e+00 -1.6000000000000000e+01
-1.5970588235294119e+00 +4.8726847418322561e-01 -1.6000000000000000e+01
-1.6221967356506013e+00 +4.4408163265306122e-01 -1.6000000000000000e+01
-1.5970588235294119e+00 +3.9176724208986680e-01 -1.6000000000000000e+01
-1.5300491991356384e+00 +4.4408163265306122e-01 -1.6000000000000000e+01
-1.5970588235294119e+00 +4.8726847418322561e-01 -1.6000000000000000e+01
-1.5970588235294119e+00 -3.9176724208986680e-01 -1.6000000000000000e+01
-1.6221967356506013e+00 -4.4408163265306122e-01 -1.6000000000000000e+01
-1.5970588235294119e+00 -4.8726847418322561e-01 -1.6000000000000000e+01
-1.5300491991356384e+00 -4.4408163265306122e-01 -1.6000000000000000e+01
-1.5970588235294119e+00 -3.9176724208986680e-01 -1.6000000000000000e+01
-1.6779411764705885e+00 +5.3252483070287004e-01 -1.4000000000000000e+01
-1.6795855087982074e+00 +5.2489795918367343e-01 -1.4000000000000000e+01
-1.6957369872115440e+00 +4.4408163265306122e-01 -1.4000000000000000e+01
-1.7069785885012521e+00 +3.6326530612244895e-01 -1.4000000000000000e+01
-1.7181643313132322e+00 +2.8244897959183674e-01 -1.4000000000000000e+01
-1.7242455726470023e+00 +2.0163265306122449e-01 -1.4000000000000000e+01
-1.7299781435452672e+00 +1.2081632653061225e-01 -1.4000000000000000e+01
-1.7319162886266359e+00 +4.0000000000000001e-02 -1.4000000000000000e+01
-1.7319162886266359e+00 -4.0000000000000001e-02 -1.4000000000000000e+01
-1.7299781435452672e+00 -1.2081632653061225e-01 -1.4000000000000000e+01
-1.7242455726470023e+00 -2.0163265306122449e-01 -1.4000000000000000e+01
-1.7181643313132322e+00 -2.8244897959183674e-01 -1.4000000000000000e+01
-1.7069785885012521e+00 -3.6326530612244895e-01 -1.4000000000000000e+01
-1.6957369872115440e+00 -4.4408163265306122e-01 -1.4000000000000000e+01
-1.6795855087982074e+00 -5.2489795918367343e-01 -1.4000000000000000e+01
-1.6779411764705885e+00 -5.3252483070287004e-01 -1.4000000000000000e+01
-1.6638484566449345e+00 -6.0571428571428576e-01 -1.4000000000000000e+01
-1.6413849462010224e+00 -6.8653061224489798e-01 -1.4000000000000000e+01
-1.6196440932959333e+00 -7.6734693877551030e-01 -1.4000000000000000e+01
-1.5970588235294119e+00 -8.3467027619155221e-01 -1.4000000000000000e+01
-1.5929055354225217e+00 -8.4816326530612252e-01 -1.4000000000000000e+01
-1.5630280756951083e+00 -9.2897959183673473e-01 -1.4000000000000000e+01
-1.5321342223663168e+00 -1.0097959183673468e+00 -1.4000000000000000e+01
-1.5161764705882357e+00 -1.0445658654905641e+00 -1.4000000000000000e+01
-1.4956157685754357e+00 -1.0906122448979592e+00 -1.4000000000000000e+01
-1.4559497625183084e+00 -1.1714285714285715e+00 -1.4000000000000000e+01
-1.4352941176470591e+00 -1.2094803265698126e+00 -1.4000000000000000e+01
-1.4130463954611328e+00 -1.2522448979591836e+00 -1.4000000000000000e+01
-1.3654082311777562e+00 -1.3330612244897959e+00 -1.4000000000000000e+01
-1.3544117647058824e+00 -1.3494997984144024e+00 -1.4000000000000000e+01
-1.3135478400594356e+00 -1.4138775510204080e+00 -1.4000000000000000e+01
-1.2735294117647062e+00 -1.4681381910985067e+00 -1.4000000000000000e+01
-1.2565988571331588e+00 -1.4946938775510206e+00 -1.4000000000000000e+01
-1.1926470588235296e+00 -1.5715555673658730e+00 -1.4000000000000000e+01
-1.1891120411545901e+00 -1.5755102040816327e+00 -1.4000000000000000e+01
-1.1172393769882554e+00 -1.6563265306122450e+00 -1.4000000000000000e+01
-1.1117647058823530e+00 -1.6616053711263068e+00 -1.4000000000000000e+01
-1.0354997845228318e+00 -1.7371428571428571e+00 -1.4000000000000000e+01
-1.0308823529411768e+00 -1.7410062167186873e+00 -1.4000000000000000e+01
-9.5000000000000018e-01 -1.8045118023561790e+00 -1.4000000000000000e+01
-9.3440102393875968e-01 -1.8179591836734694e+00 -1.4000000000000000e+01
-8.6911764705882355e-01 -1.8597057072660756e+00 -1.4000000000000000e+01
-8.1904771069273852e-01 -1.8987755102040815e+00 -1.4000000000000000e+01
-7.8823529411764737e-01 -1.9152112467227316e+00 -1.4000000000000000e+01
-7.0735294117647074e-01 -1.9404312084118169e+00 -1.4000000000000000e+01
-6.3003493646822317e-01 -1.9795918367346939e+00 -1.4000000000000000e+01
-6.2647058823529411e-01 -1.9806229925785785e+00 -1.4000000000000000e+01
-5.4558823529411793e-01 -1.9965651099730366e+00 -1.4000000000000000e+01
-4.6470588235294130e-01 -1.9938343368460856e+00 -1.4000000000000000e+01
-4.2140840856789330e-01 -1.9795918367346939e+00 -1.4000000000000000e+01
-3.8382352941176467e-01 -1.9480129287267087e+00 -1.4000000000000000e+01
-3.0294117647058849e-01 -1.9068225275373549e+00 -1.4000000000000000e+01
-2.9585300325230529e-01 -1.8987755102040815e+00 -1.4000000000000000e+01
-2.7087500813455723e-01 -1.8179591836734694e+00 -1.4000000000000000e+01
-2.2205882352941186e-01 -1.7546657213206798e+00 -1.4000000000000000e+01
-2.1527938115484138e-01 -1.7371428571428571e+00 -1.4000000000000000e+01
-2.0088314353811032e-01 -1.6563265306122450e+00 -1.4000000000000000e+01
-1.9588501175415085e-01 -1.5755102040816327e+00 -1.4000000000000000e+01
-1.9190839184375857e-01 -1.4946938775510206e+00 -1.4000000000000000e+01
-1.8723201692571706e-01 -1.4138775510204080e+00 -1.4000000000000000e+01
-1.8235312848046595e-01 -1.3330612244897959e+00 -1.4000000000000000e+01
-1.7715995273382962e-01 -1.2522448979591836e+00 -1.4000000000000000e+01
-1.7267796989481549e-01 -1.1714285714285715e+00 -1.4000000000000000e+01
-1.7296003072988053e-01 -1.0906122448979592e+00 -1.4000000000000000e+01
-1.7244673073852054e-01 -1.0097959183673468e+00 -1.4000000000000000e+01
-1.7028340012709126e-01 -9.2897959183673473e-01 -1.4000000000000000e+01
-1.6748657420089144e-01 -8.4816326530612252e-01 -1.4000000000000000e+01
-1.6681133565944783e-01 -7.6734693877551030e-01 -1.4000000000000000e+01
-1.6727084916705864e-01 -6.8653061224489798e-01 -1.4000000000000000e+01
-1.6782192453756803e-01 -6.0571428571428576e-01 -1.4000000000000000e+01
-1.6905405184637662e-01 -5.2489795918367343e-01 -1.4000000000000000e+01
-1.6976777873603682e-01 -4.4408163265306122e-01 -1.4000000000000000e+01
-1.6994724646176540e-01 -3.6326530612244895e-01 -1.4000000000000000e+01
-1.7001216707665356e-01 -2.8244897959183674e-01 -1.4000000000000000e+01
-1.6991962183276471e-01 -2.0163265306122449e-01 -1.4000000000000000e+01
-1.6891939999125671e-01 -1.2081632653061225e-01 -1.4000000000000000e+01
-1.6656652283571138e-01 -4.0000000000000001e-02 -1.4000000000000000e+01
-1.6656652283571138e-01 +4.0000000000000001e-02 -1.4000000000000000e+01
-1.6891939999125671e-01 +1.2081632653061225e-01 -1.4000000000000000e+01
-1.6991962183276471e-01 +2.0163265306122449e-01 -1.4000000000000000e+01
-1.7001216707665356e-01 +2.8244897959183674e-01 -1.4000000000000000e+01
-1.6994724646176540e-01 +3.6326530612244895e-01 -1.4000000000000000e+01
-1.6976777873603682e-01 +4.4408163265306122e-01 -1.4000000000000000e+01
-1.6905405184637662e-01 +5.2489795918367343e-01 -1.4000000000000000e+01
-1.6782192453756803e-01 +6.0571428571428576e-01 -1.4000000000000000e+01
-1.6727084916705864e-01 +6.8653061224489798e-01 -1.4000000000000000e+01
-1.6681133565944783e-01 +7.6734693877551030e-01 -1.4000000000000000e+01
-1.6748657420089144e-01 +8.4816326530612252e-01 -1.4000000000000000e+01
-1.7028340012709126e-01 +9.2897959183673473e-01 -1.4000000000000000e+01
-1.7244673073852054e-01 +1.0097959183673468e+00 -1.4000000000000000e+01
-1.7296003072988053e-01 +1.0906122448979592e+00 -1.4000000000000000e+01
-1.7267796989481549e-01 +1.1714285714285715e+00 -1.4000000000000000e+01
-1.7715995273382962e-01 +1.2522448979591836e+00 -1.4000000000000000e+01
-1.8235312848046595e-01 +1.3330612244897959e+00 -1.4000000000000000e+01
-1.8723201692571706e-01 +1.4138775510204080e+00 -1.4000000000000000e+01
-1.9190839184375857e-01 +1.4946938775510206e+00 -1.4000000000000000e+01
-1.9588501175415085e-01 +1.5755102040816327e+00 -1.4000000000000000e+01
-2.0088314353811032e-01 +1.6563265306122450e+00 -1.4000000000000000e+01
-2.1527938115484138e-01 +1.7371428571428571e+00 -1.4000000000000000e+01
-2.2205882352941186e-01 +1.7546657213206791e+00 -1.4000000000000000e+01
-2.7087500813455723e-01 +1.8179591836734694e+00 -1.4000000000000000e+01
-2.9585300325230529e-01 +1.8987755102040815e+00 -1.4000000000000000e+01
-3.0294117647058849e-01 +1.9068225275373551e+00 -1.4000000000000000e+01
-3.8382352941176467e-01 +1.9480129287267087e+00 -1.4000000000000000e+01
-4.2140840856789330e-01 +1.9795918367346939e+00 -1.4000000000000000e+01
-4.6470588235294130e-01 +1.9938343368460849e+00 -1.4000000000000000e+01
-5.4558823529411793e-01 +1.9965651099730364e+00 -1.4000000000000000e+01
-6.2647058823529411e-01 +1.9806229925785788e+00 -1.4000000000000000e+01
-6.3003493646822317e-01 +1.9795918367346939e+00 -1.4000000000000000e+01
-7.0735294117647074e-01 +1.9404312084118165e+00 -1.4000000000000000e+01
-7.8823529411764737e-01 +1.9152112467227318e+00 -1.4000000000000000e+01
-8.1904771069273852e-01 +1.8987755102040815e+00 -1.4000000000000000e+01
-8.6911764705882355e-01 +1.8597057072660763e+00 -1.4000000000000000e+01
-9.3440102393875968e-01 +1.8179591836734694e+00 -1.4000000000000000e+01
-9.5000000000000018e-01 +1.8045118023561793e+00 -1.4000000000000000e+01
-1.0308823529411768e+00 +1.7410062167186873e+00 -1.4000000000000000e+01
-1.0354997845228318e+00 +1.7371428571428571e+00 -1.4000000000000000e+01
-1.1117647058823530e+00 +1.6616053711263066e+00 -1.4000000000000000e+01
-1.1172393769882554e+00 +1.6563265306122450e+00 -1.4000000000000000e+01
-1.1891120411545901e+00 +1.5755102040816327e+00 -1.4000000000000000e+01
-1.1926470588235296e+00 +1.5715555673658730e+00 -1.4000000000000000e+01
-1.2565988571331588e+00 +1.4946938775510206e+00 -1.4000000000000000e+01
-1.2735294117647062e+00 +1.4681381910985072e+00 -1.4000000000000000e+01
-1.3135478400594356e+00 +1.4138775510204080e+00 -1.4000000000000000e+01
-1.3544117647058824e+00 +1.3494997984144028e+00 -1.4000000000000000e+01
-1.3654082311777562e+00 +1.3330612244897959e+00 -1.4000000000000000e+01
-1.4130463954611328e+00 +1.2522448979591836e+00 -1.4000000000000000e+01
-1.4352941176470591e+00 +1.2094803265698126e+00 -1.4000000000000000e+01
-1.4559497625183084e+00 +1.1714285714285715e+00 -1.4000000000000000e+01
-1.4956157685754357e+00 +1.0906122448979592e+00 -1.4000000000000000e+01
-1.5161764705882357e+00 +1.0445658654905641e+00 -1.4000000000000000e+01
-1.5321342223663168e+00 +1.0097959183673468e+00 -1.4000000000000000e+01
-1.5630280756951083e+00 +9.2897959183673473e-01 -1.4000000000000000e+01
-1.5929055354225217e+00 +8.4816326530612252e-01 -1.4000000000000000e+01
-1.5970588235294119e+00 +8.3467027619155221e-01 -1.4000000000000000e+01
-1.6196440932959333e+00 +7.6734693877551030e-01 -1.4000000000000000e+01
-1.6413849462010224e+00 +6.8653061224489798e-01 -1.4000000000000000e+01
-1.6638484566449345e+00 +6.0571428571428576e-01 -1.4000000000000000e+01
-1.6779411764705885e+00 +5.3252483070287004e-01 -1.4000000000000000e+01
-1.8397058823529413e+00 +1.9194866331779253e-01 -1.2000000000000000e+01
-1.8442041499466577e+00 +1.2081632653061225e-01 -1.2000000000000000e+01
-1.8467448624008245e+00 +4.0000000000000001e-02 -1.2000000000000000e+01
-1.8467448624008245e+00 -4.0000000000000001e-02 -1.2000000000000000e+01
-1.8442041499466577e+00 -1.2081632653061225e-01 -1.2000000000000000e+01
-1.8397058823529413e+00 -1.9194866331779253e-01 -1.2000000000000000e+01
-1.8391144370922357e+00 -2.0163265306122449e-01 -1.2000000000000000e+01
-1.8316716523736642e+00 -2.8244897959183674e-01 -1.2000000000000000e+01
-1.8216577757909009e+00 -3.6326530612244895e-01 -1.2000000000000000e+01
-1.8090172196459609e+00 -4.4408163265306122e-01 -1.2000000000000000e+01
-1.7936219299414171e+00 -5.2489795918367343e-01 -1.2000000000000000e+01
-1.7753695653463759e+00 -6.0571428571428576e-01 -1.2000000000000000e+01
-1.7588235294117649e+00 -6.6856228746046620e-01 -1.2000000000000000e+01
-1.7542478489777624e+00 -6.8653061224489798e-01 -1.2000000000000000e+01
-1.7307281526393317e+00 -7.6734693877551030e-01 -1.2000000000000000e+01
-1.7038467400918513e+00 -8.4816326530612252e-01 -1.2000000000000000e+01
-1.6779411764705885e+00 -9.1694090617828561e-01 -1.2000000000000000e+01
-1.6735650960086350e+00 -9.2897959183673473e-01 -1.2000000000000000e+01
-1.6406130347248591e+00 -1.0097959183673468e+00 -1.2000000000000000e+01
-1.6034276194867363e+00 -1.0906122448979592e+00 -1.2000000000000000e+01
-1.5970588235294119e+00 -1.1030341717782370e+00 -1.2000000000000000e+01
-1.5631933850494404e+00 -1.1714285714285715e+00 -1.2000000000000000e+01
-1.5179958510604208e+00 -1.2522448979591836e+00 -1.2000000000000000e+01
-1.5161764705882357e+00 -1.2551736941180129e+00 -1.2000000000000000e+01
-1.4693477641822406e+00 -1.3330612244897959e+00 -1.2000000000000000e+01
-1.4352941176470591e+00 -1.3831739920926205e+00 -1.2000000000000000e+01
-1.4151011748124507e+00 -1.4138775510204080e+00 -1.2000000000000000e+01
-1.3548540226539674e+00 -1.4946938775510206e+00 -1.2000000000000000e+01
-1.3544117647058824e+00 -1.4952231072777351e+00 -1.2000000000000000e+01
-1.2889551208362933e+00 -1.5755102040816327e+00 -1.2000000000000000e+01
-1.2735294117647062e+00 -1.5920970371029766e+00 -1.2000000000000000e+01
-1.2149154510931881e+00 -1.6563265306122450e+00 -1.2000000000000000e+01
-1.1926470588235296e+00 -1.6775806212905524e+00 -1.2000000000000000e+01
-1.1307016656899302e+00 -1.7371428571428571e+00 -1.2000000000000000e+01
-1.1117647058823530e+00 -1.7528944138528675e+00 -1.2000000000000000e+01
-1.0324096489058614e+00 -1.8179591836734694e+00 -1.2000000000000000e+01
-1.0308823529411768e+00 -1.8190361641401556e+00 -1.2000000000000000e+01
-9.5000000000000018e-01 -1.8753607930451857e+00 -1.2000000000000000e+01
-9.1447927807967799e-01 -1.8987755102040815e+00 -1.2000000000000000e+01
-8.6911764705882355e-01 -1.9238896535254737e+00 -1.2000000000000000e+01
-7.8823529411764737e-01 -1.9635453188012582e+00 -1.2000000000000000e+01
-7.4910826275835496e-01 -1.9795918367346939e+00 -1.2000000000000000e+01
-7.0735294117647074e-01 -1.9942470632448950e+00 -1.2000000000000000e+01
-6.2647058823529411e-01 -2.0152638955620010e+00 -1.2000000000000000e+01
-5.4558823529411793e-01 -2.0251524692403668e+00 -1.2000000000000000e+01
-4.6470588235294130e-01 -2.0195341196372913e+00 -1.2000000000000000e+01
-3.8382352941176467e-01 -1.9932440056491010e+00 -1.2000000000000000e+01
-3.6378573209813936e-01 -1.9795918367346939e+00 -1.2000000000000000e+01
-3.0294117647058849e-01 -1.9350744620805993e+00 -1.2000000000000000e+01
-2.7096743416497659e-01 -1.8987755102040815e+00 -1.2000000000000000e+01
-2.2708888642933139e-01 -1.8179591836734694e+00 -1.2000000000000000e+01
-2.2205882352941186e-01 -1.8114373692514008e+00 -1.2000000000000000e+01
-1.9331492878278986e-01 -1.7371428571428571e+00 -1.2000000000000000e+01
-1.7708522814360333e-01 -1.6563265306122450e+00 -1.2000000000000000e+01
-1.6688289353175526e-01 -1.5755102040816327e+00 -1.2000000000000000e+01
-1.5695013220473933e-01 -1.4946938775510206e+00 -1.2000000000000000e+01
-1.4721772055451382e-01 -1.4138775510204080e+00 -1.2000000000000000e+01
-1.4117647058823568e-01 -1.3545370609729590e+00 -1.2000000000000000e+01
-1.3987792414139644e-01 -1.3330612244897959e+00 -1.2000000000000000e+01
-1.3654850651907108e-01 -1.2522448979591836e+00 -1.2000000000000000e+01
-1.3429357705813255e-01 -1.1714285714285715e+00 -1.2000000000000000e+01
-1.3279212258470793e-01 -1.0906122448979592e+00 -1.2000000000000000e+01
-1.3180827197403203e-01 -1.0097959183673468e+00 -1.2000000000000000e+01
-1.3117973869242314e-01 -9.2897959183673473e-01 -1.2000000000000000e+01
-1.3079483918775478e-01 -8.4816326530612252e-01 -1.2000000000000000e+01
-1.3056413410730711e-01 -7.6734693877551030e-01 -1.2000000000000000e+01
-1.3043126378358508e-01 -6.8653061224489798e-01 -1.2000000000000000e+01
-1.3035856726659895e-01 -6.0571428571428576e-01 -1.2000000000000000e+01
-1.3032289254578161e-01 -5.2489795918367343e-01 -1.2000000000000000e+01
-1.3029595281716283e-01 -4.4408163265306122e-01 -1.2000000000000000e+01
-1.3028852562954521e-01 -3.6326530612244895e-01 -1.2000000000000000e+01
-1.3027310291065108e-01 -2.8244897959183674e-01 -1.2000000000000000e+01
-1.3027440329904019e-01 -2.0163265306122449e-01 -1.2000000000000000e+01
-1.3026057717095207e-01 -1.2081632653061225e-01 -1.2000000000000000e+01
-1.3026327151930478e-01 -4.0000000000000001e-02 -1.2000000000000000e+01
-1.3026327151930478e-01 +4.0000000000000001e-02 -1.2000000000000000e+01
-1.3026057717095207e-01 +1.2081632653061225e-01 -1.2000000000000000e+01
-1.3027440329904019e-01 +2.0163265306122449e-01 -1.2000000000000000e+01
-1.3027310291065108e-01 +2.8244897959183674e-01 -1.2000000000000000e+01
-1.3028852562954521e-01 +3.6326530612244895e-01 -1.2000000000000000e+01
-1.3029595281716283e-01 +4.4408163265306122e-01 -1.2000000000000000e+01
-1.3032289254578161e-01 +5.2489795918367343e-01 -1.2000000000000000e+01
-1.3035856726659895e-01 +6.0571428571428576e-01 -1.2000000000000000e+01
-1.3043126378358508e-01 +6.8653061224489798e-01 -1.2000000000000000e+01
-1.3056413410730711e-01 +7.6734693877551030e-01 -1.2000000000000000e+01
-1.3079483918775478e-01 +8.4816326530612252e-01 -1.2000000000000000e+01
-1.3117973869242314e-01 +9.2897959183673473e-01 -1.2000000000000000e+01
-1.3180827197403203e-01 +1.0097959183673468e+00 -1.2000000000000000e+01
-1.3279212258470793e-01 +1.0906122448979592e+00 -1.2000000000000000e+01
-1.3429357705813255e-01 +1.1714285714285715e+00 -1.2000000000000000e+01
-1.3654850651907108e-01 +1.2522448979591836e+00 -1.2000000000000000e+01
-1.3987792414139644e-01 +1.3330612244897959e+00 -1.2000000000000000e+01
-1.4117647058823568e-01 +1.3545370609729590e+00 -1.2000000000000000e+01
-1.4721772055451382e-01 +1.4138775510204080e+00 -1.2000000000000000e+01
-1.5695013220473933e-01 +1.4946938775510206e+00 -1.2000000000000000e+01
-1.6688289353175526e-01 +1.5755102040816327e+00 -1.2000000000000000e+01
-1.7708522814360333e-01 +1.6563265306122450e+00 -1.2000000000000000e+01
-1.9331492878278986e-01 +1.7371428571428571e+00 -1.2000000000000000e+01
-2.2205882352941186e-01 +1.8114373692514001e+00 -1.2000000000000000e+01
-2.2708888642933139e-01 +1.8179591836734694e+00 -1.2000000000000000e+01
-2.7096743416497659e-01 +1.8987755102040815e+00 -1.2000000000000000e+01
-3.0294117647058849e-01 +1.9350744620805997e+00 -1.2000000000000000e+01
-3.6378573209813936e-01 +1.9795918367346939e+00 -1.2000000000000000e+01
-3.8382352941176467e-01 +1.9932440056491016e+00 -1.2000000000000000e+01
-4.6470588235294130e-01 +2.0195341196372909e+00 -1.2000000000000000e+01
-5.4558823529411793e-01 +2.0251524692403677e+00 -1.2000000000000000e+01
-6.2647058823529411e-01 +2.0152638955620010e+00 -1.2000000000000000e+01
-7.0735294117647074e-01 +1.9942470632448954e+00 -1.2000000000000000e+01
-7.4910826275835496e-01 +1.9795918367346939e+00 -1.2000000000000000e+01
-7.8823529411764737e-01 +1.9635453188012577e+00 -1.2000000000000000e+01
-8.6911764705882355e-01 +1.9238896535254737e+00 -1.2000000000000000e+01
-9.1447927807967799e-01 +1.8987755102040815e+00 -1.2000000000000000e+01
-9.5000000000000018e-01 +1.8753607930451857e+00 -1.2000000000000000e+01
-1.0308823529411768e+00 +1.8190361641401560e+00 -1.2000000000000000e+01
-1.0324096489058614e+00 +1.8179591836734694e+00 -1.2000000000000000e+01
-1.1117647058823530e+00 +1.7528944138528679e+00 -1.2000000000000000e+01
-1.1307016656899302e+00 +1.7371428571428571e+00 -1.2000000000000000e+01
-1.1926470588235296e+00 +1.6775806212905520e+00 -1.2000000000000000e+01
-1.2149154510931881e+00 +1.6563265306122450e+00 -1.2000000000000000e+01
-1.2735294117647062e+00 +1.5920970371029766e+00 -1.2000000000000000e+01
-1.2889551208362933e+00 +1.5755102040816327e+00 -1.2000000000000000e+01
-1.3544117647058824e+00 +1.4952231072777351e+00 -1.2000000000000000e+01
-1.3548540226539674e+00 +1.4946938775510206e+00 -1.2000000000000000e+01
-1.4151011748124507e+00 +1.4138775510204080e+00 -1.2000000000000000e+01
-1.4352941176470591e+00 +1.3831739920926205e+00 -1.2000000000000000e+01
-1.4693477641822406e+00 +1.3330612244897959e+00 -1.2000000000000000e+01
-1.5161764705882357e+00 +1.2551736941180134e+00 -1.2000000000000000e+01
-1.5179958510604208e+00 +1.2522448979591836e+00 -1.2000000000000000e+01
-1.5631933850494404e+00 +1.1714285714285715e+00 -1.2000000000000000e+01
-1.5970588235294119e+00 +1.1030341717782370e+00 -1.2000000000000000e+01
-1.6034276194867363e+00 +1.0906122448979592e+00 -1.2000000000000000e+01
-1.6406130347248591e+00 +1.0097959183673468e+00 -1.2000000000000000e+01
-1.6735650960086350e+00 +9.2897959183673473e-01 -1.2000000000000000e+01
-1.6779411764705885e+00 +9.1694090617828561e-01 -1.2000000000000000e+01
-1.7038467400918513e+00 +8.4816326530612252e-01 -1.2000000000000000e+01
-1.7307281526393317e+00 +7.6734693877551030e-01 -1.2000000000000000e+01
-1.7542478489777624e+00 +6.8653061224489798e-01 -1.2000000000000000e+01
-1.7588235294117649e+00 +6.6856228746046620e-01 -1.2000000000000000e+01
-1.7753695653463759e+00 +6.0571428571428576e-01 -1.2000000000000000e+01
-1.7936219299414171e+00 +5.2489795918367343e-01 -1.2000000000000000e+01
-1.8090172196459609e+00 +4.4408163265306122e-01 -1.2000000000000000e+01
-1.8216577757909009e+00 +3.6326530612244895e-01 -1.2000000000000000e+01
-1.8316716523736642e+00 +2.8244897959183674e-01 -1.2000000000000000e+01
-1.8391144370922357e+00 +2.0163265306122449e-01 -1.2000000000000000e+01
-1.8397058823529413e+00 +1.9194866331779253e-01 -1.2000000000000000e+01
-1.9205882352941179e+00 +4.8620576255554071e-01 -1.0000000000000000e+01
-1.9289417632246075e+00 +4.4408163265306122e-01 -1.0000000000000000e+01
-1.9421335349249707e+00 +3.6326530612244895e-01 -1.0000000000000000e+01
-1.9525598478499120e+00 +2.8244897959183674e-01 -1.0000000000000000e+01
-1.9603069702284519e+00 +2.0163265306122449e-01 -1.0000000000000000e+01
-1.9654351411244351e+00 +1.2081632653061225e-01 -1.0000000000000000e+01
-1.9679834326848009e+00 +4.0000000000000001e-02 -1.0000000000000000e+01
-1.9679834326848009e+00 -4.0000000000000001e-02 -1.0000000000000000e+01
-1.9654351411244351e+00 -1.2081632653061225e-01 -1.0000000000000000e+01
-1.9603069702284519e+00 -2.0163265306122449e-01 -1.0000000000000000e+01
-1.9525598478499120e+00 -2.8244897959183674e-01 -1.0000000000000000e+01
-1.9421335349249707e+00 -3.6326530612244895e-01 -1.0000000000000000e+01
-1.9289417632246075e+00 -4.4408163265306122e-01 -1.0000000000000000e+01
-1.9205882352941179e+00 -4.8620576255554071e-01 -1.0000000000000000e+01
-1.9131781572119275e+00 -5.2489795918367343e-01 -1.0000000000000000e+01
-1.8948673047387845e+00 -6.0571428571428576e-01 -1.0000000000000000e+01
-1.8735155599181912e+00 -6.8653061224489798e-01 -1.0000000000000000e+01
-1.8489052369917298e+00 -7.6734693877551030e-01 -1.0000000000000000e+01
-1.8397058823529413e+00 -7.9396778351421549e-01 -1.0000000000000000e+01
-1.8215927715837950e+00 -8.4816326530612252e-01 -1.0000000000000000e+01
-1.7910489344848439e+00 -9.2897959183673473e-01 -1.0000000000000000e+01
-1.7588235294117649e+00 -1.0043809683153113e+00 -1.0000000000000000e+01
-1.7565839743836942e+00 -1.0097959183673468e+00 -1.0000000000000000e+01
-1.7193679194356073e+00 -1.0906122448979592e+00 -1.0000000000000000e+01
-1.6779411764705885e+00 -1.1702704316246373e+00 -1.0000000000000000e+01
-1.6773577400828881e+00 -1.1714285714285715e+00 -1.0000000000000000e+01
-1.6322051535743642e+00 -1.2522448979591836e+00 -1.0000000000000000e+01
-1.5970588235294119e+00 -1.3080899829431198e+00 -1.0000000000000000e+01
-1.5817952170880141e+00 -1.3330612244897959e+00 -1.0000000000000000e+01
-1.5264232688890862e+00 -1.4138775510204080e+00 -1.0000000000000000e+01
-1.5161764705882357e+00 -1.4272801565825826e+00 -1.0000000000000000e+01
-1.4657937694039900e+00 -1.4946938775510206e+00 -1.0000000000000000e+01
-1.4352941176470591e+00 -1.5308449443235803e+00 -1.0000000000000000e+01
-1.3983243911432943e+00 -1.5755102040816327e+00 -1.0000000000000000e+01
-1.3544117647058824e+00 -1.6223439080116417e+00 -1.0000000000000000e+01
-1.3229541295666976e+00 -1.6563265306122450e+00 -1.0000000000000000e+01
-1.2735294117647062e+00 -1.7032568184040124e+00 -1.0000000000000000e+01
-1.2379003452013488e+00 -1.7371428571428571e+00 -1.0000000000000000e+01
-1.1926470588235296e+00 -1.7748085405326153e+00 -1.0000000000000000e+01
-1.1398357651565774e+00 -1.8179591836734694e+00 -1.0000000000000000e+01
-1.1117647058823530e+00 -1.8379749839617288e+00 -1.0000000000000000e+01
-1.0308823529411768e+00 -1.8931254123530787e+00 -1.0000000000000000e+01
-1.0223850857655465e+00 -1.8987755102040815e+00 -1.0000000000000000e+01
-9.5000000000000018e-01 -1.9402070120412120e+00 -1.0000000000000000e+01
-8.7010314154122126e-01 -1.9795918367346939e+00 -1.0000000000000000e+01
-8.6911764705882355e-01 -1.9800168651480845e+00 -1.0000000000000000e+01
-7.8823529411764737e-01 -2.0119689710818189e+00 -1.0000000000000000e+01
-7.0735294117647074e-01 -2.0356117919644743e+00 -1.0000000000000000e+01
-6.2647058823529411e-01 -2.0499047985454233e+00 -1.0000000000000000e+01
-5.4558823529411793e-01 -2.0537398285076973e+00 -1.0000000000000000e+01
-4.6470588235294130e-01 -2.0452339024284978e+00 -1.0000000000000000e+01
-3.8382352941176467e-01 -2.0195522607364436e+00 -1.0000000000000000e+01
-3.2517212524780253e-01 -1.9795918367346939e+00 -1.0000000000000000e+01
-3.0294117647058849e-01 -1.9633263966238437e+00 -1.0000000000000000e+01
-2.4608186507764790e-01 -1.8987755102040815e+00 -1.0000000000000000e+01
-2.2205882352941186e-01 -1.8566156370495537e+00 -1.0000000000000000e+01
-2.0089561885710810e-01 -1.8179591836734694e+00 -1.0000000000000000e+01
-1.7135047641073781e-01 -1.7371428571428571e+00 -1.0000000000000000e+01
-1.5328731274909574e-01 -1.6563265306122450e+00 -1.0000000000000000e+01
-1.4117647058823568e-01 -1.5902621488757855e+00 -1.0000000000000000e+01
-1.3842728544927360e-01 -1.5755102040816327e+00 -1.0000000000000000e+01
-1.2810432439792280e-01 -1.4946938775510206e+00 -1.0000000000000000e+01
-1.2102127531355031e-01 -1.4138775510204080e+00 -1.0000000000000000e+01
-1.1611242681795886e-01 -1.3330612244897959e+00 -1.0000000000000000e+01
-1.1272107784970101e-01 -1.2522448979591836e+00 -1.0000000000000000e+01
-1.1039981818008548e-01 -1.1714285714285715e+00 -1.0000000000000000e+01
-1.0883818366497394e-01 -1.0906122448979592e+00 -1.0000000000000000e+01
-1.0780620433710682e-01 -1.0097959183673468e+00 -1.0000000000000000e+01
-1.0714131128386482e-01 -9.2897959183673473e-01 -1.0000000000000000e+01
-1.0672869642702063e-01 -8.4816326530612252e-01 -1.0000000000000000e+01
-1.0647933517159065e-01 -7.6734693877551030e-01 -1.0000000000000000e+01
-1.0633456595591298e-01 -6.8653061224489798e-01 -1.0000000000000000e+01
-1.0625453872062528e-01 -6.0571428571428576e-01 -1.0000000000000000e+01
-1.0621383385545252e-01 -5.2489795918367343e-01 -1.0000000000000000e+01
-1.0618728212478437e-01 -4.4408163265306122e-01 -1.0000000000000000e+01
-1.0617791139305696e-01 -3.6326530612244895e-01 -1.0000000000000000e+01
-1.0616542102553808e-01 -2.8244897959183674e-01 -1.0000000000000000e+01
-1.0616489095459335e-01 -2.0163265306122449e-01 -1.0000000000000000e+01
-1.0615499072363643e-01 -1.2081632653061225e-01 -1.0000000000000000e+01
-1.0615634280295985e-01 -4.0000000000000001e-02 -1.0000000000000000e+01
-1.0615634280295985e-01 +4.0000000000000001e-02 -1.0000000000000000e+01
-1.0615499072363643e-01 +1.2081632653061225e-01 -1.0000000000000000e+01
-1.0616489095459335e-01 +2.0163265306122449e-01 -1.0000000000000000e+01
-1.0616542102553808e-01 +2.8244897959183674e-01 -1.0000000000000000e+01
-1.0617791139305696e-01 +3.6326530612244895e-01 -1.0000000000000000e+01
-1.0618728212478437e-01 +4.4408163265306122e-01 -1.0000000000000000e+01
-1.0621383385545252e-01 +5.2489795918367343e-01 -1.0000000000000000e+01
-1.0625453872062528e-01 +6.0571428571428576e-01 -1.0000000000000000e+01
-1.0633456595591298e-01 +6.8653061224489798e-01 -1.0000000000000000e+01
-1.0647933517159065e-01 +7.6734693877551030e-01 -1.0000000000000000e+01
-1.0672869642702063e-01 +8.4816326530612252e-01 -1.0000000000000000e+01
-1.0714131128386482e-01 +9.2897959183673473e-01 -1.0000000000000000e+01
-1.0780620433710682e-01 +1.0097959183673468e+00 -1.0000000000000000e+01
-1.0883818366497394e-01 +1.0906122448979592e+00 -1.0000000000000000e+01
-1.1039981818008548e-01 +1.1714285714285715e+00 -1.0000000000000000e+01
-1.1272107784970101e-01 +1.2522448979591836e+00 -1.0000000000000000e+01
-1.1611242681795886e-01 +1.3330612244897959e+00 -1.0000000000000000e+01
-1.2102127531355031e-01 +1.4138775510204080e+00 -1.0000000000000000e+01
-1.2810432439792280e-01 +1.4946938775510206e+00 -1.0000000000000000e+01
-1.3842728544927360e-01 +1.5755102040816327e+00 -1.0000000000000000e+01
-1.4117647058823568e-01 +1.5902621488757855e+00 -1.0000000000000000e+01
-1.5328731274909574e-01 +1.6563265306122450e+00 -1.0000000000000000e+01
-1.7135047641073781e-01 +1.7371428571428571e+00 -1.0000000000000000e+01
-2.0089561885710810e-01 +1.8179591836734694e+00 -1.0000000000000000e+01
-2.2205882352941186e-01 +1.8566156370495532e+00 -1.0000000000000000e+01
-2.4608186507764790e-01 +1.8987755102040815e+00 -1.0000000000000000e+01
-3.0294117647058849e-01 +1.9633263966238441e+00 -1.0000000000000000e+01
-3.2517212524780253e-01 +1.9795918367346939e+00 -1.0000000000000000e+01
-3.8382352941176467e-01 +2.0195522607364431e+00 -1.0000000000000000e+01
-4.6470588235294130e-01 +2.0452339024284969e+00 -1.0000000000000000e+01
-5.4558823529411793e-01 +2.0537398285076978e+00 -1.0000000000000000e+01
-6.2647058823529411e-01 +2.0499047985454233e+00 -1.0000000000000000e+01
-7.0735294117647074e-01 +2.0356117919644747e+00 -1.0000000000000000e+01
-7.8823529411764737e-01 +2.0119689710818185e+00 -1.0000000000000000e+01
-8.6911764705882355e-01 +1.9800168651480841e+00 -1.0000000000000000e+01
-8.7010314154122126e-01 +1.9795918367346939e+00 -1.0000000000000000e+01
-9.5000000000000018e-01 +1.9402070120412120e+00 -1.0000000000000000e+01
-1.0223850857655465e+00 +1.8987755102040815e+00 -1.0000000000000000e+01
-1.0308823529411768e+00 +1.8931254123530783e+00 -1.0000000000000000e+01
-1.1117647058823530e+00 +1.8379749839617283e+00 -1.0000000000000000e+01
-1.1398357651565774e+00 +1.8179591836734694e+00 -1.0000000000000000e+01
-1.1926470588235296e+00 +1.7748085405326153e+00 -1.0000000000000000e+01
-1.2379003452013488e+00 +1.7371428571428571e+00 -1.0000000000000000e+01
-1.2735294117647062e+00 +1.7032568184040122e+00 -1.0000000000000000e+01
-1.3229541295666976e+00 +1.6563265306122450e+00 -1.0000000000000000e+01
-1.3544117647058824e+00 +1.6223439080116417e+00 -1.0000000000000000e+01
-1.3983243911432943e+00 +1.5755102040816327e+00 -1.0000000000000000e+01
-1.4352941176470591e+00 +1.5308449443235805e+00 -1.0000000000000000e+01
-1.4657937694039900e+00 +1.4946938775510206e+00 -1.0000000000000000e+01
-1.5161764705882357e+00 +1.4272801565825821e+00 -1.0000000000000000e+01
-1.5264232688890862e+00 +1.4138775510204080e+00 -1.0000000000000000e+01
-1.5817952170880141e+00 +1.3330612244897959e+00 -1.0000000000000000e+01
-1.5970588235294119e+00 +1.3080899829431205e+00 -1.0000000000000000e+01
-1.6322051535743642e+00 +1.2522448979591836e+00 -1.0000000000000000e+01
-1.6773577400828881e+00 +1.1714285714285715e+00 -1.0000000000000000e+01
-1.6779411764705885e+00 +1.1702704316246380e+00 -1.0000000000000000e+01
-1.7193679194356073e+00 +1.0906122448979592e+00 -1.0000000000000000e+01
-1.7565839743836942e+00 +1.0097959183673468e+00 -1.0000000000000000e+01
-1.7588235294117649e+00 +1.0043809683153113e+00 -1.0000000000000000e+01
-1.7910489344848439e+00 +9.2897959183673473e-01 -1.0000000000000000e+01
-1.8215927715837950e+00 +8.4816326530612252e-01 -1.0000000000000000e+01
-1.8397058823529413e+00 +7.9396778351421549e-01 -1.0000000000000000e+01
-1.8489052369917298e+00 +7.6734693877551030e-01 -1.0000000000000000e+01
-1.8735155599181912e+00 +6.8653061224489798e-01 -1.0000000000000000e+01
-1.8948673047387845e+00 +6.0571428571428576e-01 -1.0000000000000000e+01
-1.9131781572119275e+00 +5.2489795918367343e-01 -1.0000000000000000e+01
-1.9205882352941179e+00 +4.8620576255554071e-01 -1.0000000000000000e+01
-2.0823529411764707e+00 +2.6133127765929642e-01 -8.0000000000000000e+00
-2.0882700653992949e+00 +2.0163265306122449e-01 -8.0000000000000000e+00
-2.0935737621215424e+00 +1.2081632653061225e-01 -8.0000000000000000e+00
-2.0962080636294562e+00 +4.0000000000000001e-02 -8.0000000000000000e+00
-2.0962080636294562e+00 -4.0000000000000001e-02 -8.0000000000000000e+00
-2.0935737621215424e+00 -1.2081632653061225e-01 -8.0000000000000000e+00
-2.0882700653992949e+00 -2.0163265306122449e-01 -8.0000000000000000e+00
-2.0823529411764707e+00 -2.6133127765929642e-01 -8.0000000000000000e+00
-2.0803396992727992e+00 -2.8244897959183674e-01 -8.0000000000000000e+00
-2.0699965934396456e+00 -3.6326530612244895e-01 -8.0000000000000000e+00
-2.0569147199910334e+00 -4.4408163265306122e-01 -8.0000000000000000e+00
-2.0409824571881572e+00 -5.2489795918367343e-01 -8.0000000000000000e+00
-2.0220528155917523e+00 -6.0571428571428576e-01 -8.0000000000000000e+00
-2.0014705882352946e+00 -6.8097284735662689e-01 -8.0000000000000000e+00
-2.0000025917355502e+00 -6.8653061224489798e-01 -8.0000000000000000e+00
-1.9756254692735193e+00 -7.6734693877551030e-01 -8.0000000000000000e+00
-1.9477669817136687e+00 -8.4816326530612252e-01 -8.0000000000000000e+00
-1.9205882352941179e+00 -9.1763260135664015e-01 -8.0000000000000000e+00
-1.9162901781572050e+00 -9.2897959183673473e-01 -8.0000000000000000e+00
-1.8821042619101314e+00 -1.0097959183673468e+00 -8.0000000000000000e+00
-1.8434565365305433e+00 -1.0906122448979592e+00 -8.0000000000000000e+00
-1.8397058823529413e+00 -1.0976965960717753e+00 -8.0000000000000000e+00
-1.8017682506087218e+00 -1.1714285714285715e+00 -8.0000000000000000e+00
-1.7588235294117649e+00 -1.2454670604603999e+00 -8.0000000000000000e+00
-1.7549984091406328e+00 -1.2522448979591836e+00 -8.0000000000000000e+00
-1.7044853283308454e+00 -1.3330612244897959e+00 -8.0000000000000000e+00
-1.6779411764705885e+00 -1.3709693179767175e+00 -8.0000000000000000e+00
-1.6485499505486112e+00 -1.4138775510204080e+00 -8.0000000000000000e+00
-1.5970588235294119e+00 -1.4808212124205085e+00 -8.0000000000000000e+00
-1.5865902563892034e+00 -1.4946938775510206e+00 -8.0000000000000000e+00
-1.5181358053017868e+00 -1.5755102040816327e+00 -8.0000000000000000e+00
-1.5161764705882357e+00 -1.5775908061526223e+00 -8.0000000000000000e+00
-1.4423611178229074e+00 -1.6563265306122450e+00 -8.0000000000000000e+00
-1.4352941176470591e+00 -1.6630459728825764e+00 -8.0000000000000000e+00
-1.3568685695802885e+00 -1.7371428571428571e+00 -8.0000000000000000e+00
-1.3544117647058824e+00 -1.7392106889119465e+00 -8.0000000000000000e+00
-1.2735294117647062e+00 -1.8066523038749209e+00 -8.0000000000000000e+00
-1.2597094128748481e+00 -1.8179591836734694e+00 -8.0000000000000000e+00
-1.1926470588235296e+00 -1.8664026848821376e+00 -8.0000000000000000e+00
-1.1453932304890013e+00 -1.8987755102040815e+00 -8.0000000000000000e+00
-1.1117647058823530e+00 -1.9191826490124670e+00 -8.0000000000000000e+00
-1.0308823529411768e+00 -1.9648415632131588e+00 -8.0000000000000000e+00
-1.0025465564435219e+00 -1.9795918367346939e+00 -8.0000000000000000e+00
-9.5000000000000018e-01 -2.0038319968180329e+00 -8.0000000000000000e+00
-8.6911764705882355e-01 -2.0358156355397861e+00 -8.0000000000000000e+00
-7.8834487468421710e-01 -2.0604081632653060e+00 -8.0000000000000000e+00
-7.8823529411764737e-01 -2.0604387940692801e+00 -8.0000000000000000e+00
-7.0735294117647074e-01 -2.0783515880946837e+00 -8.0000000000000000e+00
-6.2647058823529411e-01 -2.0877564818156293e+00 -8.0000000000000000e+00
-5.4558823529411793e-01 -2.0873318539930565e+00 -8.0000000000000000e+00
-4.6470588235294130e-01 -2.0741082954398555e+00 -8.0000000000000000e+00
-4.3029026208012222e-01 -2.0604081632653060e+00 -8.0000000000000000e+00
-3.8382352941176467e-01 -2.0458605158237861e+00 -8.0000000000000000e+00
-3.0294117647058849e-01 -1.9935536409064867e+00 -8.0000000000000000e+00
-2.8848046120026688e-01 -1.9795918367346939e+00 -8.0000000000000000e+00
-2.2205882352941186e-01 -1.9001877372276481e+00 -8.0000000000000000e+00
-2.2103693582714576e-01 -1.8987755102040815e+00 -8.0000000000000000e+00
-1.7698568879664395e-01 -1.8179591836734694e+00 -8.0000000000000000e+00
-1.4938602403868573e-01 -1.7371428571428571e+00 -8.0000000000000000e+00
-1.4117647058823568e-01 -1.7022166468946911e+00 -8.0000000000000000e+00
-1.2866525741067147e-01 -1.6563265306122450e+00 -8.0000000000000000e+00
-1.1423445641969346e-01 -1.5755102040816327e+00 -8.0000000000000000e+00
-1.0428420160859671e-01 -1.4946938775510206e+00 -8.0000000000000000e+00
-9.7281986598370798e-02 -1.4138775510204080e+00 -8.0000000000000000e+00
-9.2346929494521307e-02 -1.3330612244897959e+00 -8.0000000000000000e+00
-8.8893649180331491e-02 -1.2522448979591836e+00 -8.0000000000000000e+00
-8.6506059302039015e-02 -1.1714285714285715e+00 -8.0000000000000000e+00
-8.4884244745239396e-02 -1.0906122448979592e+00 -8.0000000000000000e+00
-8.3804136700181608e-02 -1.0097959183673468e+00 -8.0000000000000000e+00
-8.3102883875307065e-02 -9.2897959183673473e-01 -8.0000000000000000e+00
-8.2662553666285887e-02 -8.4816326530612252e-01 -8.0000000000000000e+00
-8.2394536235874227e-02 -7.6734693877551030e-01 -8.0000000000000000e+00
-8.2237868128240299e-02 -6.8653061224489798e-01 -8.0000000000000000e+00
-8.2150510174652192e-02 -6.0571428571428576e-01 -8.0000000000000000e+00
-8.2104775165123420e-02 -5.2489795918367343e-01 -8.0000000000000000e+00
-8.2078611432406495e-02 -4.4408163265306122e-01 -8.0000000000000000e+00
-8.2067297156568686e-02 -3.6326530612244895e-01 -8.0000000000000000e+00
-8.2057739140425079e-02 -2.8244897959183674e-01 -8.0000000000000000e+00
-8.2055378610147056e-02 -2.0163265306122449e-01 -8.0000000000000000e+00
-8.2049404276320764e-02 -1.2081632653061225e-01 -8.0000000000000000e+00
-8.2049414086614925e-02 -4.0000000000000001e-02 -8.0000000000000000e+00
-8.2049414086614925e-02 +4.0000000000000001e-02 -8.0000000000000000e+00
-8.2049404276320764e-02 +1.2081632653061225e-01 -8.0000000000000000e+00
-8.2055378610147056e-02 +2.0163265306122449e-01 -8.0000000000000000e+00
-8.2057739140425079e-02 +2.8244897959183674e-01 -8.0000000000000000e+00
-8.2067297156568686e-02 +3.6326530612244895e-01 -8.0000000000000000e+00
-8.2078611432406495e-02 +4.4408163265306122e-01 -8.0000000000000000e+00
-8.2104775165123420e-02 +5.2489795918367343e-01 -8.0000000000000000e+00
-8.2150510174652192e-02 +6.0571428571428576e-01 -8.0000000000000000e+00
-8.2237868128240299e-02 +6.8653061224489798e-01 -8.0000000000000000e+00
-8.2394536235874227e-02 +7.6734693877551030e-01 -8.0000000000000000e+00
-8.2662553666285887e-02 +8.4816326530612252e-01 -8.0000000000000000e+00
-8.3102883875307065e-02 +9.2897959183673473e-01 -8.0000000000000000e+00
-8.3804136700181608e-02 +1.0097959183673468e+00 -8.0000000000000000e+00
-8.4884244745239396e-02 +1.0906122448979592e+00 -8.0000000000000000e+00
-8.6506059302039015e-02 +1.1714285714285715e+00 -8.0000000000000000e+00
-8.8893649180331491e-02 +1.2522448979591836e+00 -8.0000000000000000e+00
-9.2346929494521307e-02 +1.3330612244897959e+00 -8.0000000000000000e+00
-9.7281986598370798e-02 +1.4138775510204080e+00 -8.0000000000000000e+00
-1.0428420160859671e-01 +1.4946938775510206e+00 -8.0000000000000000e+00
-1.1423445641969346e-01 +1.5755102040816327e+00 -8.0000000000000000e+00
-1.2866525741067147e-01 +1.6563265306122450e+00 -8.0000000000000000e+00
-1.4117647058823568e-01 +1.7022166468946909e+00 -8.0000000000000000e+00
-1.4938602403868573e-01 +1.7371428571428571e+00 -8.0000000000000000e+00
-1.7698568879664395e-01 +1.8179591836734694e+00 -8.0000000000000000e+00
-2.2103693582714576e-01 +1.8987755102040815e+00 -8.0000000000000000e+00
-2.2205882352941186e-01 +1.9001877372276483e+00 -8.0000000000000000e+00
-2.8848046120026688e-01 +1.9795918367346939e+00 -8.0000000000000000e+00
-3.0294117647058849e-01 +1.9935536409064867e+00 -8.0000000000000000e+00
-3.8382352941176467e-01 +2.0458605158237861e+00 -8.0000000000000000e+00
-4.3029026208012222e-01 +2.0604081632653060e+00 -8.0000000000000000e+00
-4.6470588235294130e-01 +2.0741082954398546e+00 -8.0000000000000000e+00
-5.4558823529411793e-01 +2.0873318539930565e+00 -8.0000000000000000e+00
-6.2647058823529411e-01 +2.0877564818156293e+00 -8.0000000000000000e+00
-7.0735294117647074e-01 +2.0783515880946837e+00 -8.0000000000000000e+00
-7.8823529411764737e-01 +2.0604387940692801e+00 -8.0000000000000000e+00
-7.8834487468421710e-01 +2.0604081632653060e+00 -8.0000000000000000e+00
-8.6911764705882355e-01 +2.0358156355397856e+00 -8.0000000000000000e+00
-9.5000000000000018e-01 +2.0038319968180334e+00 -8.0000000000000000e+00
-1.0025465564435219e+00 +1.9795918367346939e+00 -8.0000000000000000e+00
-1.0308823529411768e+00 +1.9648415632131586e+00 -8.0000000000000000e+00
-1.1117647058823530e+00 +1.9191826490124668e+00 -8.0000000000000000e+00
-1.1453932304890013e+00 +1.8987755102040815e+00 -8.0000000000000000e+00
-1.1926470588235296e+00 +1.8664026848821380e+00 -8.0000000000000000e+00
-1.2597094128748481e+00 +1.8179591836734694e+00 -8.0000000000000000e+00
-1.2735294117647062e+00 +1.8066523038749212e+00 -8.0000000000000000e+00
-1.3544117647058824e+00 +1.7392106889119465e+00 -8.0000000000000000e+00
-1.3568685695802885e+00 +1.7371428571428571e+00 -8.0000000000000000e+00
-1.4352941176470591e+00 +1.6630459728825757e+00 -8.0000000000000000e+00
-1.4423611178229074e+00 +1.6563265306122450e+00 -8.0000000000000000e+00
-1.5161764705882357e+00 +1.5775908061526223e+00 -8.0000000000000000e+00
-1.5181358053017868e+00 +1.5755102040816327e+00 -8.0000000000000000e+00
-1.5865902563892034e+00 +1.4946938775510206e+00 -8.0000000000000000e+00
-1.5970588235294119e+00 +1.4808212124205085e+00 -8.0000000000000000e+00
-1.6485499505486112e+00 +1.4138775510204080e+00 -8.0000000000000000e+00
-1.6779411764705885e+00 +1.3709693179767179e+00 -8.0000000000000000e+00
-1.7044853283308454e+00 +1.3330612244897959e+00 -8.0000000000000000e+00
-1.7549984091406328e+00 +1.2522448979591836e+00 -8.0000000000000000e+00
-1.7588235294117649e+00 +1.2454670604603992e+00 -8.0000000000000000e+00
-1.8017682506087218e+00 +1.1714285714285715e+00 -8.0000000000000000e+00
-1.8397058823529413e+00 +1.0976965960717753e+00 -8.0000000000000000e+00
-1.8434565365305433e+00 +1.0906122448979592e+00 -8.0000000000000000e+00
-1.8821042619101314e+00 +1.0097959183673468e+00 -8.0000000000000000e+00
-1.9162901781572050e+00 +9.2897959183673473e-01 -8.0000000000000000e+00
-1.9205882352941179e+00 +9.1763260135664015e-01 -8.0000000000000000e+00
-1.9477669817136687e+00 +8.4816326530612252e-01 -8.0000000000000000e+00
-1.9756254692735193e+00 +7.6734693877551030e-01 -8.0000000000000000e+00
-2.0000025917355502e+00 +6.8653061224489798e-01 -8.0000000000000000e+00
-2.0014705882352946e+00 +6.8097284735662689e-01 -8.0000000000000000e+00
-2.0220528155917523e+00 +6.0571428571428576e-01 -8.0000000000000000e+00
-2.0409824571881572e+00 +5.2489795918367343e-01 -8.0000000000000000e+00
-2.0569147199910334e+00 +4.4408163265306122e-01 -8.0000000000000000e+00
-2.0699965934396456e+00 +3.6326530612244895e-01 -8.0000000000000000e+00
-2.0803396992727992e+00 +2.8244897959183674e-01 -8.0000000000000000e+00
-2.0823529411764707e+00 +2.6133127765929642e-01 -8.0000000000000000e+00
-2.1632352941176469e+00 +5.8593346862855322e-01 -6.0000000000000000e+00
-2.1778827401602725e+00 +5.2489795918367343e-01 -6.0000000000000000e+00
-2.1942093752983167e+00 +4.4408163265306122e-01 -6.0000000000000000e+00
-2.2075877228832672e+00 +3.6326530612244895e-01 -6.0000000000000000e+00
-2.2181493713485128e+00 +2.8244897959183674e-01 -6.0000000000000000e+00
-2.2259903949591093e+00 +2.0163265306122449e-01 -6.0000000000000000e+00
-2.2311780352607733e+00 +1.2081632653061225e-01 -6.0000000000000000e+00
-2.2337549782534483e+00 +4.0000000000000001e-02 -6.0000000000000000e+00
-2.2337549782534483e+00 -4.0000000000000001e-02 -6.0000000000000000e+00
-2.2311780352607733e+00 -1.2081632653061225e-01 -6.0000000000000000e+00
-2.2259903949591093e+00 -2.0163265306122449e-01 -6.0000000000000000e+00
-2.2181493713485128e+00 -2.8244897959183674e-01 -6.0000000000000000e+00
-2.2075877228832672e+00 -3.6326530612244895e-01 -6.0000000000000000e+00
-2.1942093752983167e+00 -4.4408163265306122e-01 -6.0000000000000000e+00
-2.1778827401602725e+00 -5.2489795918367343e-01 -6.0000000000000000e+00
-2.1632352941176469e+00 -5.8593346862855322e-01 -6.0000000000000000e+00
-2.1586732922625975e+00 -6.0571428571428576e-01 -6.0000000000000000e+00
-2.1370761879167697e+00 -6.8653061224489798e-01 -6.0000000000000000e+00
-2.1121385364445073e+00 -7.6734693877551030e-01 -6.0000000000000000e+00
-2.0835396490135087e+00 -8.4816326530612252e-01 -6.0000000000000000e+00
-2.0823529411764707e+00 -8.5116005165323583e-01 -6.0000000000000000e+00
-2.0525929578929603e+00 -9.2897959183673473e-01 -6.0000000000000000e+00
-2.0175580998990537e+00 -1.0097959183673468e+00 -6.0000000000000000e+00
-2.0014705882352946e+00 -1.0429999906699525e+00 -6.0000000000000000e+00
-1.9791031325165220e+00 -1.0906122448979592e+00 -6.0000000000000000e+00
-1.9365631637365657e+00 -1.1714285714285715e+00 -6.0000000000000000e+00
-1.9205882352941179e+00 -1.1987312807247086e+00 -6.0000000000000000e+00
-1.8900873144240320e+00 -1.2522448979591836e+00 -6.0000000000000000e+00
-1.8397058823529413e+00 -1.3308490360677077e+00 -6.0000000000000000e+00
-1.8383205015330888e+00 -1.3330612244897959e+00 -6.0000000000000000e+00
-1.7825253283893205e+00 -1.4138775510204080e+00 -6.0000000000000000e+00
-1.7588235294117649e+00 -1.4445911255419570e+00 -6.0000000000000000e+00
-1.7207317651377083e+00 -1.4946938775510206e+00 -6.0000000000000000e+00
-1.6779411764705885e+00 -1.5450689933561081e+00 -6.0000000000000000e+00
-1.6523234525098054e+00 -1.5755102040816327e+00 -6.0000000000000000e+00
-1.5970588235294119e+00 -1.6343340115994394e+00 -6.0000000000000000e+00
-1.5764343902320075e+00 -1.6563265306122450e+00 -6.0000000000000000e+00
-1.5161764705882357e+00 -1.7139137240703888e+00 -6.0000000000000000e+00
-1.4916502397963745e+00 -1.7371428571428571e+00 -6.0000000000000000e+00
-1.4352941176470591e+00 -1.7850257247223258e+00 -6.0000000000000000e+00
-1.3955394561796237e+00 -1.8179591836734694e+00 -6.0000000000000000e+00
-1.3544117647058824e+00 -1.8486028775414809e+00 -6.0000000000000000e+00
-1.2835582950716442e+00 -1.8987755102040815e+00 -6.0000000000000000e+00
-1.2735294117647062e+00 -1.9052048358326559e+00 -6.0000000000000000e+00
-1.1926470588235296e+00 -1.9550397444577632e+00 -6.0000000000000000e+00
-1.1491970650824050e+00 -1.9795918367346939e+00 -6.0000000000000000e+00
-1.1117647058823530e+00 -1.9987925025270772e+00 -6.0000000000000000e+00
-1.0308823529411768e+00 -2.0362095947954475e+00 -6.0000000000000000e+00
-9.6944250338748028e-01 -2.0604081632653060e+00 -6.0000000000000000e+00
-9.5000000000000018e-01 -2.0675186945130521e+00 -6.0000000000000000e+00
-8.6911764705882355e-01 -2.0930421050022634e+00 -6.0000000000000000e+00
-7.8823529411764737e-01 -2.1116672543508912e+00 -6.0000000000000000e+00
-7.0735294117647074e-01 -2.1231493240203676e+00 -6.0000000000000000e+00
-6.2647058823529411e-01 -2.1270053248135294e+00 -6.0000000000000000e+00
-5.4558823529411793e-01 -2.1224464285169047e+00 -6.0000000000000000e+00
-4.6470588235294130e-01 -2.1075594081373716e+00 -6.0000000000000000e+00
-3.8382352941176467e-01 -2.0768640880537199e+00 -6.0000000000000000e+00
-3.5937017298510671e-01 -2.0604081632653060e+00 -6.0000000000000000e+00
-3.0294117647058849e-01 -2.0264613421357192e+00 -6.0000000000000000e+00
-2.5439683620299375e-01 -1.9795918367346939e+00 -6.0000000000000000e+00
-2.2205882352941186e-01 -1.9409331877426661e+00 -6.0000000000000000e+00
-1.9155352125585792e-01 -1.8987755102040815e+00 -6.0000000000000000e+00
-1.5307575873617985e-01 -1.8179591836734694e+00 -6.0000000000000000e+00
-1.4117647058823568e-01 -1.7821732942969291e+00 -6.0000000000000000e+00
-1.2228186048406783e-01 -1.7371428571428571e+00 -6.0000000000000000e+00
-1.0318917912059024e-01 -1.6563265306122450e+00 -6.0000000000000000e+00
-9.0041627390113302e-02 -1.5755102040816327e+00 -6.0000000000000000e+00
-8.0464078819270618e-02 -1.4946938775510206e+00 -6.0000000000000000e+00
-7.3542697883190733e-02 -1.4138775510204080e+00 -6.0000000000000000e+00
-6.8581432171083728e-02 -1.3330612244897959e+00 -6.0000000000000000e+00
-6.5066220510961392e-02 -1.2522448979591836e+00 -6.0000000000000000e+00
-6.2612300423991962e-02 -1.1714285714285715e+00 -6.0000000000000000e+00
-6.0930305825505404e-02 -1.0906122448979592e+00 -6.0000000000000000e+00
-6.0294117647059053e-02 -1.0450017889245662e+00 -6.0000000000000000e+00
-5.9550053578400521e-02 -1.0097959183673468e+00 -6.0000000000000000e+00
-5.8457662182866882e-02 -9.2897959183673473e-01 -6.0000000000000000e+00
-5.7778784421229343e-02 -8.4816326530612252e-01 -6.0000000000000000e+00
-5.7368440891634981e-02 -7.6734693877551030e-01 -6.0000000000000000e+00
-5.7129144700278182e-02 -6.8653061224489798e-01 -6.0000000000000000e+00
-5.6995438825407585e-02 -6.0571428571428576e-01 -6.0000000000000000e+00
-5.6924112526677589e-02 -5.2489795918367343e-01 -6.0000000000000000e+00
-5.6887574308111179e-02 -4.4408163265306122e-01 -6.0000000000000000e+00
-5.6869110703086839e-02 -3.6326530612244895e-01 -6.0000000000000000e+00
-5.6859371256866187e-02 -2.8244897959183674e-01 -6.0000000000000000e+00
-5.6853727827844473e-02 -2.0163265306122449e-01 -6.0000000000000000e+00
-5.6850313191353002e-02 -1.2081632653061225e-01 -6.0000000000000000e+00
-5.6848626092435128e-02 -4.0000000000000001e-02 -6.0000000000000000e+00
-5.6848626092435128e-02 +4.0000000000000001e-02 -6.0000000000000000e+00
-5.6850313191353002e-02 +1.2081632653061225e-01 -6.0000000000000000e+00
-5.6853727827844473e-02 +2.0163265306122449e-01 -6.0000000000000000e+00
-5.6859371256866187e-02 +2.8244897959183674e-01 -6.0000000000000000e+00
-5.6869110703086839e-02 +3.6326530612244895e-01 -6.0000000000000000e+00
-5.6887574308111179e-02 +4.4408163265306122e-01 -6.0000000000000000e+00
-5.6924112526677589e-02 +5.2489795918367343e-01 -6.0000000000000000e+00
-5.6995438825407585e-02 +6.0571428571428576e-01 -6.0000000000000000e+00
-5.7129144700278182e-02 +6.8653061224489798e-01 -6.0000000000000000e+00
-5.7368440891634981e-02 +7.6734693877551030e-01 -6.0000000000000000e+00
-5.7778784421229343e-02 +8.4816326530612252e-01 -6.0000000000000000e+00
-5.8457662182866882e-02 +9.2897959183673473e-01 -6.0000000000000000e+00
-5.9550053578400521e-02 +1.0097959183673468e+00 -6.0000000000000000e+00
-6.0294117647059053e-02 +1.0450017889245662e+00 -6.0000000000000000e+00
-6.0930305825505404e-02 +1.0906122448979592e+00 -6.0000000000000000e+00
-6.2612300423991962e-02 +1.1714285714285715e+00 -6.0000000000000000e+00
-6.5066220510961392e-02 +1.2522448979591836e+00 -6.0000000000000000e+00
-6.8581432171083728e-02 +1.3330612244897959e+00 -6.0000000000000000e+00
-7.3542697883190733e-02 +1.4138775510204080e+00 -6.0000000000000000e+00
-8.0464078819270618e-02 +1.4946938775510206e+00 -6.0000000000000000e+00
-9.0041627390113302e-02 +1.5755102040816327e+00 -6.0000000000000000e+00
-1.0318917912059024e-01 +1.6563265306122450e+00 -6.0000000000000000e+00
-1.2228186048406783e-01 +1.7371428571428571e+00 -6.0000000000000000e+00
-1.4117647058823568e-01 +1.7821732942969288e+00 -6.0000000000000000e+00
-1.5307575873617985e-01 +1.8179591836734694e+00 -6.0000000000000000e+00
-1.9155352125585792e-01 +1.8987755102040815e+00 -6.0000000000000000e+00
-2.2205882352941186e-01 +1.9409331877426661e+00 -6.0000000000000000e+00
-2.5439683620299375e-01 +1.9795918367346939e+00 -6.0000000000000000e+00
-3.0294117647058849e-01 +2.0264613421357183e+00 -6.0000000000000000e+00
-3.5937017298510671e-01 +2.0604081632653060e+00 -6.0000000000000000e+00
-3.8382352941176467e-01 +2.0768640880537204e+00 -6.0000000000000000e+00
-4.6470588235294130e-01 +2.1075594081373712e+00 -6.0000000000000000e+00
-5.4558823529411793e-01 +2.1224464285169051e+00 -6.0000000000000000e+00
-6.2647058823529411e-01 +2.1270053248135294e+00 -6.0000000000000000e+00
-7.0735294117647074e-01 +2.1231493240203672e+00 -6.0000000000000000e+00
-7.8823529411764737e-01 +2.1116672543508912e+00 -6.0000000000000000e+00
-8.6911764705882355e-01 +2.0930421050022630e+00 -6.0000000000000000e+00
-9.5000000000000018e-01 +2.0675186945130526e+00 -6.0000000000000000e+00
-9.6944250338748028e-01 +2.0604081632653060e+00 -6.0000000000000000e+00
-1.0308823529411768e+00 +2.0362095947954475e+00 -6.0000000000000000e+00
-1.1117647058823530e+00 +1.9987925025270772e+00 -6.0000000000000000e+00
-1.1491970650824050e+00 +1.9795918367346939e+00 -6.0000000000000000e+00
-1.1926470588235296e+00 +1.9550397444577627e+00 -6.0000000000000000e+00
-1.2735294117647062e+00 +1.9052048358326563e+00 -6.0000000000000000e+00
-1.2835582950716442e+00 +1.8987755102040815e+00 -6.0000000000000000e+00
-1.3544117647058824e+00 +1.8486028775414802e+00 -6.0000000000000000e+00
-1.3955394561796237e+00 +1.8179591836734694e+00 -6.0000000000000000e+00
-1.4352941176470591e+00 +1.7850257247223258e+00 -6.0000000000000000e+00
-1.4916502397963745e+00 +1.7371428571428571e+00 -6.0000000000000000e+00
-1.5161764705882357e+00 +1.7139137240703888e+00 -6.0000000000000000e+00
-1.5764343902320075e+00 +1.6563265306122450e+00 -6.0000000000000000e+00
-1.5970588235294119e+00 +1.6343340115994387e+00 -6.0000000000000000e+00
-1.6523234525098054e+00 +1.5755102040816327e+00 -6.0000000000000000e+00
-1.6779411764705885e+00 +1.5450689933561090e+00 -6.0000000000000000e+00
-1.7207317651377083e+00 +1.4946938775510206e+00 -6.0000000000000000e+00
-1.7588235294117649e+00 +1.4445911255419577e+00 -6.0000000000000000e+00
-1.7825253283893205e+00 +1.4138775510204080e+00 -6.0000000000000000e+00
-1.8383205015330888e+00 +1.3330612244897959e+00 -6.0000000000000000e+00
-1.8397058823529413e+00 +1.3308490360677083e+00 -6.0000000000000000e+00
-1.8900873144240320e+00 +1.2522448979591836e+00 -6.0000000000000000e+00
-1.9205882352941179e+00 +1.1987312807247086e+00 -6.0000000000000000e+00
-1.9365631637365657e+00 +1.1714285714285715e+00 -6.0000000000000000e+00
-1.9791031325165220e+00 +1.0906122448979592e+00 -6.0000000000000000e+00
-2.0014705882352946e+00 +1.0429999906699525e+00 -6.0000000000000000e+00
-2.0175580998990537e+00 +1.0097959183673468e+00 -6.0000000000000000e+00
-2.0525929578929603e+00 +9.2897959183673473e-01 -6.0000000000000000e+00
-2.0823529411764707e+00 +8.5116005165323583e-01 -6.0000000000000000e+00
-2.0835396490135087e+00 +8.4816326530612252e-01 -6.0000000000000000e+00
-2.1121385364445073e+00 +7.6734693877551030e-01 -6.0000000000000000e+00
-2.1370761879167697e+00 +6.8653061224489798e-01 -6.0000000000000000e+00
-2.1586732922625975e+00 +6.0571428571428576e-01 -6.0000000000000000e+00
-2.1632352941176469e+00 +5.8593346862855322e-01 -6.0000000000000000e+00
-2.3250000000000002e+00 +5.3712436126811802e-01 -4.0000000000000000e+00
-2.3279798991408041e+00 +5.2489795918367343e-01 -4.0000000000000000e+00
-2.3446481352632444e+00 +4.4408163265306122e-01 -4.0000000000000000e+00
-2.3582138023101153e+00 +3.6326530612244895e-01 -4.0000000000000000e+00
-2.3688774911701573e+00 +2.8244897959183674e-01 -4.0000000000000000e+00
-2.3767727297283532e+00 +2.0163265306122449e-01 -4.0000000000000000e+00
-2.3819874839971575e+00 +1.2081632653061225e-01 -4.0000000000000000e+00
-2.3845755332758687e+00 +4.0000000000000001e-02 -4.0000000000000000e+00
-2.3845755332758687e+00 -4.0000000000000001e-02 -4.0000000000000000e+00
-2.3819874839971575e+00 -1.2081632653061225e-01 -4.0000000000000000e+00
-2.3767727297283532e+00 -2.0163265306122449e-01 -4.0000000000000000e+00
-2.3688774911701573e+00 -2.8244897959183674e-01 -4.0000000000000000e+00
-2.3582138023101153e+00 -3.6326530612244895e-01 -4.0000000000000000e+00
-2.3446481352632444e+00 -4.4408163265306122e-01 -4.0000000000000000e+00
-2.3279798991408041e+00 -5.2489795918367343e-01 -4.0000000000000000e+00
-2.3250000000000002e+00 -5.3712436126811802e-01 -4.0000000000000000e+00
-2.3092469921573038e+00 -6.0571428571428576e-01 -4.0000000000000000e+00
-2.2875382424422517e+00 -6.8653061224489798e-01 -4.0000000000000000e+00
-2.2622979106947696e+00 -7.6734693877551030e-01 -4.0000000000000000e+00
-2.2441176470588236e+00 -8.1808110620231866e-01 -4.0000000000000000e+00
-2.2338576378187334e+00 -8.4816326530612252e-01 -4.0000000000000000e+00
-2.2028271119248481e+00 -9.2897959183673473e-01 -4.0000000000000000e+00
-2.1672574946631102e+00 -1.0097959183673468e+00 -4.0000000000000000e+00
-2.1632352941176469e+00 -1.0180262680685956e+00 -4.0000000000000000e+00
-2.1292747481282608e+00 -1.0906122448979592e+00 -4.0000000000000000e+00
-2.0861788668643975e+00 -1.1714285714285715e+00 -4.0000000000000000e+00
-2.0823529411764707e+00 -1.1779348297486305e+00 -4.0000000000000000e+00
-2.0401981234582012e+00 -1.2522448979591836e+00 -4.0000000000000000e+00
-2.0014705882352946e+00 -1.3125134749690570e+00 -4.0000000000000000e+00
-1.9886258490508015e+00 -1.3330612244897959e+00 -4.0000000000000000e+00
-1.9325171332613145e+00 -1.4138775510204080e+00 -4.0000000000000000e+00
-1.9205882352941179e+00 -1.4293864349354308e+00 -4.0000000000000000e+00
-1.8712585569720970e+00 -1.4946938775510206e+00 -4.0000000000000000e+00
-1.8397058823529413e+00 -1.5320923824067902e+00 -4.0000000000000000e+00
-1.8034106454460646e+00 -1.5755102040816327e+00 -4.0000000000000000e+00
-1.7588235294117649e+00 -1.6234974184912270e+00 -4.0000000000000000e+00
-1.7283008866259910e+00 -1.6563265306122450e+00 -4.0000000000000000e+00
-1.6779411764705885e+00 -1.7052796015142460e+00 -4.0000000000000000e+00
-1.6447308886066094e+00 -1.7371428571428571e+00 -4.0000000000000000e+00
-1.5970588235294119e+00 -1.7787040342107288e+00 -4.0000000000000000e+00
-1.5506405092760949e+00 -1.8179591836734694e+00 -4.0000000000000000e+00
-1.5161764705882357e+00 -1.8446691622209528e+00 -4.0000000000000000e+00
-1.4422677889707998e+00 -1.8987755102040815e+00 -4.0000000000000000e+00
-1.4352941176470591e+00 -1.9035344147359936e+00 -4.0000000000000000e+00
-1.3544117647058824e+00 -1.9563546822754105e+00 -4.0000000000000000e+00
-1.3157751468522594e+00 -1.9795918367346939e+00 -4.0000000000000000e+00
-1.2735294117647062e+00 -2.0034323354988559e+00 -4.0000000000000000e+00
-1.1926470588235296e+00 -2.0441213332287260e+00 -4.0000000000000000e+00
-1.1568000101149898e+00 -2.0604081632653060e+00 -4.0000000000000000e+00
-1.1117647058823530e+00 -2.0801782081164486e+00 -4.0000000000000000e+00
-1.0308823529411768e+00 -2.1101301665863108e+00 -4.0000000000000000e+00
-9.5000000000000018e-01 -2.1337515279116301e+00 -4.0000000000000000e+00
-9.1821406520896276e-01 -2.1412244897959183e+00 -4.0000000000000000e+00
-8.6911764705882355e-01 -2.1535729809131472e+00 -4.0000000000000000e+00
-7.8823529411764737e-01 -2.1673226590193577e+00 -4.0000000000000000e+00
-7.0735294117647074e-01 -2.1741239406890873e+00 -4.0000000000000000e+00
-6.2647058823529411e-01 -2.1739290455345546e+00 -4.0000000000000000e+00
-5.4558823529411793e-01 -2.1654457426443452e+00 -4.0000000000000000e+00
-4.6580284446443765e-01 -2.1412244897959183e+00 -4.0000000000000000e+00
-4.6470588235294130e-01 -2.1410105208348877e+00 -4.0000000000000000e+00
-3.8382352941176467e-01 -2.1136756780726671e+00 -4.0000000000000000e+00
-3.0466848086269838e-01 -2.0604081632653060e+00 -4.0000000000000000e+00
-3.0294117647058849e-01 -2.0593690433649510e+00 -4.0000000000000000e+00
-2.2205882352941186e-01 -1.9829718650155013e+00 -4.0000000000000000e+00
-2.1889905567182666e-01 -1.9795918367346939e+00 -4.0000000000000000e+00
-1.6207010668457070e-01 -1.8987755102040815e+00 -4.0000000000000000e+00
-1.4117647058823568e-01 -1.8514825744778376e+00 -4.0000000000000000e+00
-1.1820392455537873e-01 -1.8179591836734694e+00 -4.0000000000000000e+00
-9.2110081971779251e-02 -1.7371428571428571e+00 -4.0000000000000000e+00
-7.7713100830508988e-02 -1.6563265306122450e+00 -4.0000000000000000e+00
-6.5848798360533728e-02 -1.5755102040816327e+00 -4.0000000000000000e+00
-6.0294117647059053e-02 -1.5270421565005474e+00 -4.0000000000000000e+00
-5.1968791935124194e-02 -1.4946938775510206e+00 -4.0000000000000000e+00
-3.9778578653007074e-02 -1.4138775510204080e+00 -4.0000000000000000e+00
-3.2891648612717435e-02 -1.3330612244897959e+00 -4.0000000000000000e+00
-2.8703109457477206e-02 -1.2522448979591836e+00 -4.0000000000000000e+00
-2.6054054294771003e-02 -1.1714285714285715e+00 -4.0000000000000000e+00
-2.4350756877522930e-02 -1.0906122448979592e+00 -4.0000000000000000e+00
-2.3254702489007364e-02 -1.0097959183673468e+00 -4.0000000000000000e+00
-2.2557121390087236e-02 -9.2897959183673473e-01 -4.0000000000000000e+00
-2.2122232542371015e-02 -8.4816326530612252e-01 -4.0000000000000000e+00
-2.1858949722104112e-02 -7.6734693877551030e-01 -4.0000000000000000e+00
-2.1705428065667720e-02 -6.8653061224489798e-01 -4.0000000000000000e+00
-2.1619849614849897e-02 -6.0571428571428576e-01 -4.0000000000000000e+00
-2.1574473736708032e-02 -5.2489795918367343e-01 -4.0000000000000000e+00
-2.1551524238270309e-02 -4.4408163265306122e-01 -4.0000000000000000e+00
-2.1540200667525704e-02 -3.6326530612244895e-01 -4.0000000000000000e+00
-2.1534439517749748e-02 -2.8244897959183674e-01 -4.0000000000000000e+00
-2.1531222974012297e-02 -2.0163265306122449e-01 -4.0000000000000000e+00
-2.1529319087966355e-02 -1.2081632653061225e-01 -4.0000000000000000e+00
-2.1528384862584959e-02 -4.0000000000000001e-02 -4.0000000000000000e+00
-2.1528384862584959e-02 +4.0000000000000001e-02 -4.0000000000000000e+00
-2.1529319087966355e-02 +1.2081632653061225e-01 -4.0000000000000000e+00
-2.1531222974012297e-02 +2.0163265306122449e-01 -4.0000000000000000e+00
-2.1534439517749748e-02 +2.8244897959183674e-01 -4.0000000000000000e+00
-2.1540200667525704e-02 +3.6326530612244895e-01 -4.0000000000000000e+00
-2.1551524238270309e-02 +4.4408163265306122e-01 -4.0000000000000000e+00
-2.1574473736708032e-02 +5.2489795918367343e-01 -4.0000000000000000e+00
-2.1619849614849897e-02 +6.0571428571428576e-01 -4.0000000000000000e+00
-2.1705428065667720e-02 +6.8653061224489798e-01 -4.0000000000000000e+00
-2.1858949722104112e-02 +7.6734693877551030e-01 -4.0000000000000000e+00
-2.2122232542371015e-02 +8.4816326530612252e-01 -4.0000000000000000e+00
-2.2557121390087236e-02 +9.2897959183673473e-01 -4.0000000000000000e+00
-2.3254702489007364e-02 +1.0097959183673468e+00 -4.0000000000000000e+00
-2.4350756877522930e-02 +1.0906122448979592e+00 -4.0000000000000000e+00
-2.6054054294771003e-02 +1.1714285714285715e+00 -4.0000000000000000e+00
-2.8703109457477206e-02 +1.2522448979591836e+00 -4.0000000000000000e+00
-3.2891648612717435e-02 +1.3330612244897959e+00 -4.0000000000000000e+00
-3.9778578653007074e-02 +1.4138775510204080e+00 -4.0000000000000000e+00
-5.1968791935124194e-02 +1.4946938775510206e+00 -4.0000000000000000e+00
-6.0294117647059053e-02 +1.5270421565005479e+00 -4.0000000000000000e+00
-6.5848798360533728e-02 +1.5755102040816327e+00 -4.0000000000000000e+00
-7.7713100830508988e-02 +1.6563265306122450e+00 -4.0000000000000000e+00
-9.2110081971779251e-02 +1.7371428571428571e+00 -4.0000000000000000e+00
-1.1820392455537873e-01 +1.8179591836734694e+00 -4.0000000000000000e+00
-1.4117647058823568e-01 +1.8514825744778372e+00 -4.0000000000000000e+00
-1.6207010668457070e-01 +1.8987755102040815e+00 -4.0000000000000000e+00
-2.1889905567182666e-01 +1.9795918367346939e+00 -4.0000000000000000e+00
-2.2205882352941186e-01 +1.9829718650155017e+00 -4.0000000000000000e+00
-3.0294117647058849e-01 +2.0593690433649514e+00 -4.0000000000000000e+00
-3.0466848086269838e-01 +2.0604081632653060e+00 -4.0000000000000000e+00
-3.8382352941176467e-01 +2.1136756780726667e+00 -4.0000000000000000e+00
-4.6470588235294130e-01 +2.1410105208348877e+00 -4.0000000000000000e+00
-4.6580284446443765e-01 +2.1412244897959183e+00 -4.0000000000000000e+00
-5.4558823529411793e-01 +2.1654457426443452e+00 -4.0000000000000000e+00
-6.2647058823529411e-01 +2.1739290455345541e+00 -4.0000000000000000e+00
-7.0735294117647074e-01 +2.1741239406890873e+00 -4.0000000000000000e+00
-7.8823529411764737e-01 +2.1673226590193577e+00 -4.0000000000000000e+00
-8.6911764705882355e-01 +2.1535729809131476e+00 -4.0000000000000000e+00
-9.1821406520896276e-01 +2.1412244897959183e+00 -4.0000000000000000e+00
-9.5000000000000018e-01 +2.1337515279116301e+00 -4.0000000000000000e+00
-1.0308823529411768e+00 +2.1101301665863108e+00 -4.0000000000000000e+00
-1.1117647058823530e+00 +2.0801782081164486e+00 -4.0000000000000000e+00
-1.1568000101149898e+00 +2.0604081632653060e+00 -4.0000000000000000e+00
-1.1926470588235296e+00 +2.0441213332287260e+00 -4.0000000000000000e+00
-1.2735294117647062e+00 +2.0034323354988559e+00 -4.0000000000000000e+00
-1.3157751468522594e+00 +1.9795918367346939e+00 -4.0000000000000000e+00
-1.3544117647058824e+00 +1.9563546822754105e+00 -4.0000000000000000e+00
-1.4352941176470591e+00 +1.9035344147359932e+00 -4.0000000000000000e+00
-1.4422677889707998e+00 +1.8987755102040815e+00 -4.0000000000000000e+00
-1.5161764705882357e+00 +1.8446691622209526e+00 -4.0000000000000000e+00
-1.5506405092760949e+00 +1.8179591836734694e+00 -4.0000000000000000e+00
-1.5970588235294119e+00 +1.7787040342107292e+00 -4.0000000000000000e+00
-1.6447308886066094e+00 +1.7371428571428571e+00 -4.0000000000000000e+00
-1.6779411764705885e+00 +1.7052796015142455e+00 -4.0000000000000000e+00
-1.7283008866259910e+00 +1.6563265306122450e+00 -4.0000000000000000e+00
-1.7588235294117649e+00 +1.6234974184912274e+00 -4.0000000000000000e+00
-1.8034106454460646e+00 +1.5755102040816327e+00 -4.0000000000000000e+00
-1.8397058823529413e+00 +1.5320923824067907e+00 -4.0000000000000000e+00
-1.8712585569720970e+00 +1.4946938775510206e+00 -4.0000000000000000e+00
-1.9205882352941179e+00 +1.4293864349354315e+00 -4.0000000000000000e+00
-1.9325171332613145e+00 +1.4138775510204080e+00 -4.0000000000000000e+00
-1.9886258490508015e+00 +1.3330612244897959e+00 -4.0000000000000000e+00
-2.0014705882352946e+00 +1.3125134749690563e+00 -4.0000000000000000e+00
-2.0401981234582012e+00 +1.2522448979591836e+00 -4.0000000000000000e+00
-2.0823529411764707e+00 +1.1779348297486310e+00 -4.0000000000000000e+00
-2.0861788668643975e+00 +1.1714285714285715e+00 -4.0000000000000000e+00
-2.1292747481282608e+00 +1.0906122448979592e+00 -4.0000000000000000e+00
-2.1632352941176469e+00 +1.0180262680685956e+00 -4.0000000000000000e+00
-2.1672574946631102e+00 +1.0097959183673468e+00 -4.0000000000000000e+00
-2.2028271119248481e+00 +9.2897959183673473e-01 -4.0000000000000000e+00
-2.2338576378187334e+00 +8.4816326530612252e-01 -4.0000000000000000e+00
-2.2441176470588236e+00 +8.1808110620231866e-01 -4.0000000000000000e+00
-2.2622979106947696e+00 +7.6734693877551030e-01 -4.0000000000000000e+00
-2.2875382424422517e+00 +6.8653061224489798e-01 -4.0000000000000000e+00
-2.3092469921573038e+00 +6.0571428571428576e-01 -4.0000000000000000e+00
-2.3250000000000002e+00 +5.3712436126811802e-01 -4.0000000000000000e+00
