#stage		 order
4	 		3


A
0.0000000000000000E+00	0.0000000000000000E+00	0.0000000000000000E+00	0.0000000000000000E+00	
-6.8400268817230617E-02	0.0000000000000000E+00	0.0000000000000000E+00	0.0000000000000000E+00	
1.9830052926605555E+00	-1.3944795102979166E+00	0.0000000000000000E+00	0.0000000000000000E+00	
8.7056305172563908E-01	-4.9123328467477073E-01	1.3504987407071772E-01	0.0000000000000000E+00	

b
-2.9050794586110080E+00	
2.5181280344396630E+00	
-5.5537537971904061E-01	
1.9423268038903856E+00	

c
0.0000000000000000E+00	
-6.8400268817230617E-02	
5.8852578236263886E-01	
5.1437964112158607E-01	

r
0.0000000000000000E+00	

errcoeff
4.9297710887002744E-02	

==============================================================

