#stage		 order
15	 		3


A
0.0000000000000000E+00	0.0000000000000000E+00	0.0000000000000000E+00	0.0000000000000000E+00	0.0000000000000000E+00	0.0000000000000000E+00	0.0000000000000000E+00	0.0000000000000000E+00	0.0000000000000000E+00	0.0000000000000000E+00	0.0000000000000000E+00	0.0000000000000000E+00	0.0000000000000000E+00	0.0000000000000000E+00	0.0000000000000000E+00	
-5.9155420589134650E-04	0.0000000000000000E+00	0.0000000000000000E+00	0.0000000000000000E+00	0.0000000000000000E+00	0.0000000000000000E+00	0.0000000000000000E+00	0.0000000000000000E+00	0.0000000000000000E+00	0.0000000000000000E+00	0.0000000000000000E+00	0.0000000000000000E+00	0.0000000000000000E+00	0.0000000000000000E+00	0.0000000000000000E+00	
2.7022262234745476E-01	-2.6158533272432338E-01	0.0000000000000000E+00	0.0000000000000000E+00	0.0000000000000000E+00	0.0000000000000000E+00	0.0000000000000000E+00	0.0000000000000000E+00	0.0000000000000000E+00	0.0000000000000000E+00	0.0000000000000000E+00	0.0000000000000000E+00	0.0000000000000000E+00	0.0000000000000000E+00	0.0000000000000000E+00	
-2.4385678189845919E-01	1.3588239817430578E-01	1.2822872613572303E-01	0.0000000000000000E+00	0.0000000000000000E+00	0.0000000000000000E+00	0.0000000000000000E+00	0.0000000000000000E+00	0.0000000000000000E+00	0.0000000000000000E+00	0.0000000000000000E+00	0.0000000000000000E+00	0.0000000000000000E+00	0.0000000000000000E+00	0.0000000000000000E+00	
2.5936706035397005E-02	-1.7106160890685446E-01	-6.4760920025375784E-02	2.3429837727474553E-01	0.0000000000000000E+00	0.0000000000000000E+00	0.0000000000000000E+00	0.0000000000000000E+00	0.0000000000000000E+00	0.0000000000000000E+00	0.0000000000000000E+00	0.0000000000000000E+00	0.0000000000000000E+00	0.0000000000000000E+00	0.0000000000000000E+00	
-1.4169599669675187E-01	-3.1349329027103834E-01	8.8595594015339132E-02	3.0715665413323674E-03	4.2404928298065026E-01	0.0000000000000000E+00	0.0000000000000000E+00	0.0000000000000000E+00	0.0000000000000000E+00	0.0000000000000000E+00	0.0000000000000000E+00	0.0000000000000000E+00	0.0000000000000000E+00	0.0000000000000000E+00	0.0000000000000000E+00	
1.5998893826685904E-02	3.9916308379699927E-01	-5.3208958743803403E-01	3.4853762329057653E-01	-2.0671612425652647E-01	1.6289481317035451E-02	0.0000000000000000E+00	0.0000000000000000E+00	0.0000000000000000E+00	0.0000000000000000E+00	0.0000000000000000E+00	0.0000000000000000E+00	0.0000000000000000E+00	0.0000000000000000E+00	0.0000000000000000E+00	
-2.3515877470324065E-01	-4.5586947537405713E-02	-2.6648095355772733E-01	-2.3503393627469704E-01	3.0490162694950806E-01	1.6627840934240465E-01	4.5193222724437443E-01	0.0000000000000000E+00	0.0000000000000000E+00	0.0000000000000000E+00	0.0000000000000000E+00	0.0000000000000000E+00	0.0000000000000000E+00	0.0000000000000000E+00	0.0000000000000000E+00	
1.3492074314053176E-01	-4.0208545980822541E-01	2.5530276340111544E-02	-4.0671458305130193E-01	-1.9297770792415347E-01	4.0955239781640240E-01	4.8538835168168781E-01	2.2426485804763885E-01	0.0000000000000000E+00	0.0000000000000000E+00	0.0000000000000000E+00	0.0000000000000000E+00	0.0000000000000000E+00	0.0000000000000000E+00	0.0000000000000000E+00	
-1.6615223287071268E-01	-2.5937034666466585E-01	3.1439889729554145E-02	4.4276008226982949E-01	-8.6905246850518952E-02	1.6995406405943641E-02	8.5887303704867274E-02	4.1174746513361810E-01	-3.0807573248175896E-01	0.0000000000000000E+00	0.0000000000000000E+00	0.0000000000000000E+00	0.0000000000000000E+00	0.0000000000000000E+00	0.0000000000000000E+00	
7.9659864301670213E-02	-1.4928678260549783E-01	2.7326862351827336E-01	1.3785132964495113E-02	3.7064690291258064E-03	-2.5865937196433880E-01	2.5728174728518399E-01	-3.9792202315900432E-01	4.2657622233896186E-01	2.6515288074760701E-01	0.0000000000000000E+00	0.0000000000000000E+00	0.0000000000000000E+00	0.0000000000000000E+00	0.0000000000000000E+00	
3.5469304671777313E-01	-4.4375563223682835E-01	1.4074951657779965E-02	2.8422714002972327E-01	1.9523250547974785E-01	1.8358775093422491E-01	-3.6194530817309639E-01	1.8899209650196724E-01	-5.2825933857113250E-01	8.6533959093900409E-02	2.1460323878599838E-01	0.0000000000000000E+00	0.0000000000000000E+00	0.0000000000000000E+00	0.0000000000000000E+00	
-1.7192207325572573E-01	1.0247282562698247E-01	-2.4441471300930764E-01	4.2059469187930215E-01	3.7443445334545672E-01	4.5646790708420815E-02	-4.3473483248162265E-01	4.8907916801242474E-01	1.6463724261846727E-01	-3.6499150413334808E-01	3.5821998474941857E-01	-5.3693271986530323E-02	0.0000000000000000E+00	0.0000000000000000E+00	0.0000000000000000E+00	
-2.9725402100579768E-01	4.6035969427130935E-01	4.3160582716440815E-01	-3.0084950978247554E-01	-1.2971991046316386E-01	-4.0291781968900930E-01	2.8117363529792988E-01	-6.6606469668914217E-02	1.4672980204888478E-01	4.1589079792420147E-01	2.9290142239659434E-01	-1.9876572183142571E-01	1.0546079588739621E-01	0.0000000000000000E+00	0.0000000000000000E+00	
5.9284865493796052E-02	-1.4227079707129667E-01	-8.1511470501029221E-02	-1.8229366528192406E-01	-2.9273541624241217E-01	-2.3260470564224869E-01	5.2442874745612422E-01	-8.9615110563568412E-02	-1.9140648446121603E-01	-2.9525142530487308E-02	1.6845037427420825E-01	5.5190269107077572E-01	-2.0464997602093535E-01	1.0017457342362711E-01	0.0000000000000000E+00	

b
-4.9434928204898715E-01	
-4.1339132935673023E-01	
-5.9832044588329900E-02	
5.6432710759696902E-01	
2.5835787783814362E-01	
2.0574793294752375E-01	
2.8875359289020602E-01	
4.4900560271699980E-01	
-1.3480466354854967E-01	
6.9206893037374581E-02	
-1.6025629072005335E-01	
-1.5266501070540245E-01	
2.3822317856198214E-01	
4.9075203868748579E-01	
-1.4907560330863195E-01	

c
0.0000000000000000E+00	
-5.9155420589134650E-04	
8.6372896231313202E-03	
2.0254342411569648E-02	
2.4412554377912291E-02	
6.0527156569531615E-02	
4.1183370536736721E-02	
1.4085165146321643E-01	
2.7787887624269153E-01	
1.6832658837615627E-01	
5.1356276245647647E-01	
1.8798441022005785E-01	
6.8532876207393822E-01	
7.3800852254993787E-01	
-4.2371516596586410E-02	

r
0.0000000000000000E+00	

errcoeff
6.3552739535919784E-04	

==============================================================

