#stage		 order
3	 		2


A
0.0000000000000000E+00	0.0000000000000000E+00	0.0000000000000000E+00	
-2.9845645571846685E-01	0.0000000000000000E+00	0.0000000000000000E+00	
9.8486309992293497E-01	-4.4593823008956757E-01	0.0000000000000000E+00	

b
-3.2486812497111978E-01	
2.5556383366372470E-01	
1.0693042913073951E+00	

c
0.0000000000000000E+00	
-2.9845645571846685E-01	
5.3892486983336740E-01	

r
0.0000000000000000E+00	

errcoeff
2.4349597048221528E-02	

==============================================================

