#stage		 order
15	 		4


A
0.0000000000000000E+00	0.0000000000000000E+00	0.0000000000000000E+00	0.0000000000000000E+00	0.0000000000000000E+00	0.0000000000000000E+00	0.0000000000000000E+00	0.0000000000000000E+00	0.0000000000000000E+00	0.0000000000000000E+00	0.0000000000000000E+00	0.0000000000000000E+00	0.0000000000000000E+00	0.0000000000000000E+00	0.0000000000000000E+00	
-9.1574853231926982E-03	0.0000000000000000E+00	0.0000000000000000E+00	0.0000000000000000E+00	0.0000000000000000E+00	0.0000000000000000E+00	0.0000000000000000E+00	0.0000000000000000E+00	0.0000000000000000E+00	0.0000000000000000E+00	0.0000000000000000E+00	0.0000000000000000E+00	0.0000000000000000E+00	0.0000000000000000E+00	0.0000000000000000E+00	
8.0757029111484906E-03	-2.1943282116094392E-02	0.0000000000000000E+00	0.0000000000000000E+00	0.0000000000000000E+00	0.0000000000000000E+00	0.0000000000000000E+00	0.0000000000000000E+00	0.0000000000000000E+00	0.0000000000000000E+00	0.0000000000000000E+00	0.0000000000000000E+00	0.0000000000000000E+00	0.0000000000000000E+00	0.0000000000000000E+00	
-1.9814300778948429E-01	4.0069350308348312E-01	-2.4704936743945766E-01	0.0000000000000000E+00	0.0000000000000000E+00	0.0000000000000000E+00	0.0000000000000000E+00	0.0000000000000000E+00	0.0000000000000000E+00	0.0000000000000000E+00	0.0000000000000000E+00	0.0000000000000000E+00	0.0000000000000000E+00	0.0000000000000000E+00	0.0000000000000000E+00	
6.0410490816686049E-02	-1.6028962379417022E-01	-3.4113565143736391E-01	6.2198809242601671E-01	0.0000000000000000E+00	0.0000000000000000E+00	0.0000000000000000E+00	0.0000000000000000E+00	0.0000000000000000E+00	0.0000000000000000E+00	0.0000000000000000E+00	0.0000000000000000E+00	0.0000000000000000E+00	0.0000000000000000E+00	0.0000000000000000E+00	
2.8859747804401027E-02	-4.5498481245282690E-02	4.7326283359900778E-01	-2.1298647300811388E-01	-8.0780525304146068E-03	0.0000000000000000E+00	0.0000000000000000E+00	0.0000000000000000E+00	0.0000000000000000E+00	0.0000000000000000E+00	0.0000000000000000E+00	0.0000000000000000E+00	0.0000000000000000E+00	0.0000000000000000E+00	0.0000000000000000E+00	
3.9715946717952566E-01	2.1525741914393384E-01	-2.1659931068696692E-01	-4.5982359767587883E-01	-1.5119639320302342E-01	1.7100242706783447E-01	0.0000000000000000E+00	0.0000000000000000E+00	0.0000000000000000E+00	0.0000000000000000E+00	0.0000000000000000E+00	0.0000000000000000E+00	0.0000000000000000E+00	0.0000000000000000E+00	0.0000000000000000E+00	
-2.0699072808883154E-01	1.8961766438636002E-01	-1.5658050170255491E-01	-2.2172636576944529E-01	-2.4086697568843624E-01	5.0056147314500976E-01	1.8465275542279988E-02	0.0000000000000000E+00	0.0000000000000000E+00	0.0000000000000000E+00	0.0000000000000000E+00	0.0000000000000000E+00	0.0000000000000000E+00	0.0000000000000000E+00	0.0000000000000000E+00	
3.2696090390993676E-01	-1.9812929790847514E-01	2.0224529066179558E-01	-2.4230479187255355E-01	-4.3445284552832786E-01	5.6775565473436596E-01	3.0344873426335028E-01	-2.2469198180335456E-01	0.0000000000000000E+00	0.0000000000000000E+00	0.0000000000000000E+00	0.0000000000000000E+00	0.0000000000000000E+00	0.0000000000000000E+00	0.0000000000000000E+00	
-4.8277406800175438E-01	5.9570142087680501E-02	2.3671628262633904E-01	2.5797189468988507E-01	4.0793709456433827E-03	1.3731773100791503E-01	-1.5250865627052473E-02	-5.1029725917819457E-01	5.6290523805911796E-01	0.0000000000000000E+00	0.0000000000000000E+00	0.0000000000000000E+00	0.0000000000000000E+00	0.0000000000000000E+00	0.0000000000000000E+00	
2.4485309078988499E-01	-2.8714385971938067E-01	-5.7546428147664830E-01	2.3774647324109457E-01	4.5165055621506689E-01	1.3934969730153829E-01	-2.7517898741812270E-02	3.6369621394811741E-01	3.2464765206568580E-01	-1.4219541184656001E-01	0.0000000000000000E+00	0.0000000000000000E+00	0.0000000000000000E+00	0.0000000000000000E+00	0.0000000000000000E+00	
-3.1246240051148144E-01	-2.6212624521385691E-01	7.7650899049895472E-02	-2.3330536275003994E-01	-3.8278713852234103E-01	-2.4285990031175368E-02	2.6955332837320817E-01	5.7942446956316729E-01	2.9290264721791925E-01	-1.6815611346558487E-01	9.3226334259599558E-02	0.0000000000000000E+00	0.0000000000000000E+00	0.0000000000000000E+00	0.0000000000000000E+00	
1.1465399015998338E-01	-3.7186647331539685E-01	-1.5656190488489791E-01	-4.2587867788263900E-01	-3.4392935104577788E-01	5.9522612954140706E-02	2.7123711395690009E-01	2.6245841458212255E-01	6.7007059513821632E-01	5.4843190554335119E-02	-1.1313514848570964E-01	4.1230562446277824E-01	0.0000000000000000E+00	0.0000000000000000E+00	0.0000000000000000E+00	
4.0920849666057463E-01	-2.2626362245122902E-01	3.9233816809680766E-01	-6.7753454518186526E-02	2.0653252996145713E-01	-3.4008596231735733E-01	1.2332961196788471E-01	-3.3793716343672370E-01	1.6620559226543255E-01	1.6106878640089145E-01	3.2964653054368453E-01	-7.1962255590045890E-02	1.0383992424071120E-01	0.0000000000000000E+00	0.0000000000000000E+00	
-3.3478029744926707E-01	-1.4557023847782538E-01	2.0277865491515581E-01	3.8938350315693565E-01	1.3789117578745527E-01	6.5549878928956792E-02	2.0274550297893577E-02	-3.5829316833826411E-02	-1.3245604199996830E-01	2.0914959477870368E-01	-2.4749648095011828E-01	2.4223822242433543E-01	1.6489701905798240E-01	-2.5800565358333227E-01	0.0000000000000000E+00	

b
-3.0118071976955746E-01	
3.4031171321312087E-01	
2.9622101138788220E-01	
4.4590731684118667E-01	
2.6960247068128934E-01	
5.8440605096423501E-02	
-8.2745091578264107E-01	
1.9507820582686466E-01	
-2.2914726949621381E-02	
8.8061455036359565E-02	
3.4777522839909682E-02	
-1.4803399223259345E-01	
2.7448294180045824E-01	
3.4796589348797907E-01	
-5.1268781477060398E-02	

c
0.0000000000000000E+00	
-9.1574853231926878E-03	
-1.3867579204945897E-02	
-4.4498872145458841E-02	
1.8097330801116865E-01	
2.3555957461959764E-01	
-4.4199988174575357E-02	
-1.1752015817561799E-01	
3.0083166645673715E-01	
2.5023846660957977E-01	
7.2962223177698671E-01	
-7.0365572030690396E-02	
4.3371998619405455E-01	
8.4816718182390127E-01	
2.7802457005308073E-01	

r
0.0000000000000000E+00	

errcoeff
1.3497459311861122E-04	

==============================================================

