#stage		 order
12	 		2


A
0.0000000000000000E+00	0.0000000000000000E+00	0.0000000000000000E+00	0.0000000000000000E+00	0.0000000000000000E+00	0.0000000000000000E+00	0.0000000000000000E+00	0.0000000000000000E+00	0.0000000000000000E+00	0.0000000000000000E+00	0.0000000000000000E+00	0.0000000000000000E+00	
-1.5238654497732024E-01	0.0000000000000000E+00	0.0000000000000000E+00	0.0000000000000000E+00	0.0000000000000000E+00	0.0000000000000000E+00	0.0000000000000000E+00	0.0000000000000000E+00	0.0000000000000000E+00	0.0000000000000000E+00	0.0000000000000000E+00	0.0000000000000000E+00	
-9.4624952577719509E-02	4.0528329831966050E-03	0.0000000000000000E+00	0.0000000000000000E+00	0.0000000000000000E+00	0.0000000000000000E+00	0.0000000000000000E+00	0.0000000000000000E+00	0.0000000000000000E+00	0.0000000000000000E+00	0.0000000000000000E+00	0.0000000000000000E+00	
2.2268172657772783E-02	2.7246111340580331E-01	-4.0405875343736325E-01	0.0000000000000000E+00	0.0000000000000000E+00	0.0000000000000000E+00	0.0000000000000000E+00	0.0000000000000000E+00	0.0000000000000000E+00	0.0000000000000000E+00	0.0000000000000000E+00	0.0000000000000000E+00	
-2.9600377415461326E-01	5.0090295401984086E-01	-2.9815862468300391E-01	-1.6062370805393594E-01	0.0000000000000000E+00	0.0000000000000000E+00	0.0000000000000000E+00	0.0000000000000000E+00	0.0000000000000000E+00	0.0000000000000000E+00	0.0000000000000000E+00	0.0000000000000000E+00	
-5.5933163325324414E-02	-4.4423242280772507E-01	2.6774401262252207E-01	-1.4072974376114511E-01	1.0504993418571350E-01	0.0000000000000000E+00	0.0000000000000000E+00	0.0000000000000000E+00	0.0000000000000000E+00	0.0000000000000000E+00	0.0000000000000000E+00	0.0000000000000000E+00	
-9.4577014587866368E-02	7.1704383595370541E-02	-3.6422713801738171E-01	5.6275521984078081E-01	-1.6754946291393422E-01	-4.2429442703562456E-02	0.0000000000000000E+00	0.0000000000000000E+00	0.0000000000000000E+00	0.0000000000000000E+00	0.0000000000000000E+00	0.0000000000000000E+00	
4.3629679994955817E-01	-2.0315874879699017E-01	2.4546775071229682E-01	-2.8888954342835688E-01	-6.3859878036480633E-02	5.3657192371181980E-02	5.3657885515084092E-01	0.0000000000000000E+00	0.0000000000000000E+00	0.0000000000000000E+00	0.0000000000000000E+00	0.0000000000000000E+00	
5.1683893454170482E-01	-4.1621383861077793E-01	-3.7445620389512752E-01	2.8019456220739863E-01	1.6351747612887940E-01	5.9779125581627290E-01	-4.1383555111302756E-01	3.2500941562785818E-01	0.0000000000000000E+00	0.0000000000000000E+00	0.0000000000000000E+00	0.0000000000000000E+00	
-2.6436783358353777E-01	-4.4798581844444318E-01	2.5716390308843462E-01	4.4147098659942613E-01	9.1898482831076642E-02	1.7258927395134202E-01	1.8880605451752297E-01	-1.9154159025882572E-01	4.2119682712329481E-01	0.0000000000000000E+00	0.0000000000000000E+00	0.0000000000000000E+00	
-1.1208386213019969E-01	1.0131176143030095E-01	2.4188043977616186E-01	-1.9526841430161435E-01	-2.1581627734815551E-01	-1.5845058104988047E-01	4.1378825587305801E-01	-1.0385749766756006E-01	5.2244493306750517E-01	2.6931651139275620E-01	0.0000000000000000E+00	0.0000000000000000E+00	
-3.7230950182551714E-01	-8.0672325158029620E-02	6.0655335429283064E-01	-1.8001719304562594E-01	3.6853726163713429E-01	-1.9134056396831459E-01	2.6608080607718676E-01	-2.6857146327647019E-01	-5.1091410995330200E-01	2.7212180046058054E-01	2.7656753667116563E-01	0.0000000000000000E+00	

b
5.1790017544556832E-01	
-4.7895146769809221E-01	
1.8823328787592652E-01	
-4.8697289368496072E-01	
-3.5722230545782968E-01	
6.0012590849868608E-01	
3.0118238139253395E-01	
8.8396948516498625E-02	
-2.1474956562847824E-02	
3.5774130679970417E-01	
2.2362729164199319E-01	
6.7414323232819817E-02	

c
0.0000000000000000E+00	
-1.5238654497732024E-01	
-9.0572119594522882E-02	
-1.0932946737378721E-01	
-2.5388315287171220E-01	
-2.6810138308595904E-01	
-3.4323454786593419E-02	
7.1609242792205019E-01	
6.7884605070318083E-01	
6.6923028582429045E-01	
7.6326526904237224E-01	
1.8603560191163851E-01	

r
0.0000000000000000E+00	

errcoeff
1.7343182842904429E-03	

==============================================================

