#stage		 order
4	 		2


A
0.0000000000000000E+00	0.0000000000000000E+00	0.0000000000000000E+00	0.0000000000000000E+00	
-5.3027051243644104E-02	0.0000000000000000E+00	0.0000000000000000E+00	0.0000000000000000E+00	
9.5377816842463214E-01	-6.9669480810946538E-01	0.0000000000000000E+00	0.0000000000000000E+00	
1.0611834750803477E-01	-4.8113427352821918E-02	4.1797607834153733E-01	0.0000000000000000E+00	

b
8.6569599366039307E-02	
4.7896537801590311E-01	
-1.4554795063710722E+00	
1.8899445289891297E+00	

c
0.0000000000000000E+00	
-5.3027051243644104E-02	
2.5708336031516676E-01	
4.7598099849675013E-01	

r
0.0000000000000000E+00	

errcoeff
1.2532170278918375E-02	

==============================================================

