#stage		 order
5	 		3


A
0.0000000000000000E+00	0.0000000000000000E+00	0.0000000000000000E+00	0.0000000000000000E+00	0.0000000000000000E+00	
7.8641709377981417E-01	0.0000000000000000E+00	0.0000000000000000E+00	0.0000000000000000E+00	0.0000000000000000E+00	
2.6451569865701779E-01	2.6451569865701774E-01	0.0000000000000000E+00	0.0000000000000000E+00	0.0000000000000000E+00	
3.7791034609989488E-01	1.8901809564230998E-01	5.6195931735440185E-01	0.0000000000000000E+00	0.0000000000000000E+00	
2.1139647787556515E-01	1.6763611367236941E-01	6.8680217523920811E-02	9.6112468282583574E-02	0.0000000000000000E+00	

b
2.0101566430188600E-01	
1.7282557404552421E-01	
2.0800615255665994E-01	
4.5539187701647298E-02	
3.7261342139428250E-01	

c
0.0000000000000000E+00	
7.8641709377981417E-01	
5.2903139731403548E-01	
1.1288877590966067E+00	
5.4382527735443897E-01	

r
1.2715898572265598E+00	

errcoeff
3.8849997222001539E-02	

v_opt
1.0000000000000000E+00	
5.9097726712309395E-11	
6.6364452051053902E-01	
4.5224762129837837E-02	
6.6770509761298691E-01	
2.4987237414439689E-01	

alpha_opt
0.0000000000000000E+00	0.0000000000000000E+00	0.0000000000000000E+00	0.0000000000000000E+00	0.0000000000000000E+00	0.0000000000000000E+00	
9.9999999994090227E-01	0.0000000000000000E+00	0.0000000000000000E+00	0.0000000000000000E+00	0.0000000000000000E+00	0.0000000000000000E+00	
1.9877910700951551E-11	3.3635547946958305E-01	0.0000000000000000E+00	0.0000000000000000E+00	0.0000000000000000E+00	0.0000000000000000E+00	
2.4019346977636902E-01	1.4204376483053268E-11	7.1458176807958873E-01	0.0000000000000000E+00	0.0000000000000000E+00	0.0000000000000000E+00	
2.6289836689052527E-02	1.8378942587887934E-01	5.1611930994417762E-12	1.2221563981392003E-01	0.0000000000000000E+00	0.0000000000000000E+00	
9.4808833881054773E-03	4.3716188707150105E-02	2.2311910647347086E-01	3.4221838507145868E-12	4.7381144728345448E-01	0.0000000000000000E+00	

beta_opt
0.0000000000000000E+00	0.0000000000000000E+00	0.0000000000000000E+00	0.0000000000000000E+00	0.0000000000000000E+00	0.0000000000000000E+00	
7.8641709377981417E-01	0.0000000000000000E+00	0.0000000000000000E+00	0.0000000000000000E+00	0.0000000000000000E+00	0.0000000000000000E+00	
1.5632328764780823E-11	2.6451569865701774E-01	0.0000000000000000E+00	0.0000000000000000E+00	0.0000000000000000E+00	0.0000000000000000E+00	
1.8889225045758487E-01	1.1170564473417244E-11	5.6195931735440185E-01	0.0000000000000000E+00	0.0000000000000000E+00	0.0000000000000000E+00	
2.0674776966172453E-02	1.4453514617567056E-01	4.0588504779393020E-12	9.6112468282583574E-02	0.0000000000000000E+00	0.0000000000000000E+00	
7.4559287609798561E-03	3.4379158076238647E-02	1.7546467928998544E-01	2.6912638784182263E-12	3.7261342139428250E-01	0.0000000000000000E+00	

==============================================================

