#stage		 order
10	 		3


A
0.0000000000000000E+00	0.0000000000000000E+00	0.0000000000000000E+00	0.0000000000000000E+00	0.0000000000000000E+00	0.0000000000000000E+00	0.0000000000000000E+00	0.0000000000000000E+00	0.0000000000000000E+00	0.0000000000000000E+00	
3.6886711251459836E-01	0.0000000000000000E+00	0.0000000000000000E+00	0.0000000000000000E+00	0.0000000000000000E+00	0.0000000000000000E+00	0.0000000000000000E+00	0.0000000000000000E+00	0.0000000000000000E+00	0.0000000000000000E+00	
1.8040917415562074E-01	1.7090898194264678E-01	0.0000000000000000E+00	0.0000000000000000E+00	0.0000000000000000E+00	0.0000000000000000E+00	0.0000000000000000E+00	0.0000000000000000E+00	0.0000000000000000E+00	0.0000000000000000E+00	
1.8145617115281612E-01	1.7204676030135224E-01	3.7163087669501232E-01	0.0000000000000000E+00	0.0000000000000000E+00	0.0000000000000000E+00	0.0000000000000000E+00	0.0000000000000000E+00	0.0000000000000000E+00	0.0000000000000000E+00	
2.7714301208574671E-01	2.7929561106886319E-01	4.5600656288214990E-02	4.5890140196762602E-02	0.0000000000000000E+00	0.0000000000000000E+00	0.0000000000000000E+00	0.0000000000000000E+00	0.0000000000000000E+00	0.0000000000000000E+00	
2.4871320085182813E-01	2.1227286707405177E-01	3.4627516461494992E-02	3.4847340245284721E-02	2.8400490734167705E-01	0.0000000000000000E+00	0.0000000000000000E+00	0.0000000000000000E+00	0.0000000000000000E+00	0.0000000000000000E+00	
2.9625344229525236E-01	1.6423370684408461E-01	2.5891410745626620E-02	2.6046368046783893E-02	1.2899629427256466E-02	1.6629575804884122E-02	0.0000000000000000E+00	0.0000000000000000E+00	0.0000000000000000E+00	0.0000000000000000E+00	
2.7808205083825699E-01	1.2757543430046733E-01	3.1330462628643904E-02	3.1522332947107906E-02	1.3618673254108178E-02	1.7674128898539893E-02	2.7041493709334419E-01	0.0000000000000000E+00	0.0000000000000000E+00	0.0000000000000000E+00	
2.7807772582098989E-01	1.2758653034425421E-01	3.1330852032373180E-02	3.1522717857418787E-02	1.3654428088594562E-02	1.7720460184719618E-02	2.7037896469564160E-01	3.7395272569238847E-01	0.0000000000000000E+00	0.0000000000000000E+00	
1.7456829529603440E-01	1.1858553278452771E-01	1.5648300503148128E-02	1.3829371117081560E-02	2.6205781892439155E-02	1.4565806623746650E-02	1.3522316584602287E-01	5.4392523945989930E-02	5.4387489151691684E-02	0.0000000000000000E+00	

b
1.8451903006668330E-01	
1.3127854516189902E-01	
1.7562982983961136E-02	
1.5977544541678983E-02	
5.2507866724463871E-02	
5.1317510726986391E-02	
1.1969252509513278E-01	
4.8149259838555551E-02	
4.8144415528883606E-02	
3.3085031933175540E-01	

c
0.0000000000000000E+00	
3.6886711251459836E-01	
3.5131815609826750E-01	
7.2513380814918071E-01	
6.4792941963958750E-01	
8.1446583197433675E-01	
5.4195413316388807E-01	
7.7021801996046846E-01	
1.1442244047163803E+00	
6.0740626716068213E-01	

r
2.6737722214584481E+00	

errcoeff
1.3563149220849223E-02	

v_opt
1.0000000000000000E+00	
1.3733361154927737E-02	
5.1135120441621806E-01	
4.0264052819405372E-04	
1.8633071946396984E-01	
1.3832847236599399E-01	
1.5385014034421862E-01	
8.4357502904208403E-02	
1.9101796659981574E-06	
4.2114261546875842E-01	
2.3733237597411971E-12	

alpha_opt
0.0000000000000000E+00	0.0000000000000000E+00	0.0000000000000000E+00	0.0000000000000000E+00	0.0000000000000000E+00	0.0000000000000000E+00	0.0000000000000000E+00	0.0000000000000000E+00	0.0000000000000000E+00	0.0000000000000000E+00	0.0000000000000000E+00	
9.8626663884507226E-01	0.0000000000000000E+00	0.0000000000000000E+00	0.0000000000000000E+00	0.0000000000000000E+00	0.0000000000000000E+00	0.0000000000000000E+00	0.0000000000000000E+00	0.0000000000000000E+00	0.0000000000000000E+00	0.0000000000000000E+00	
3.1677107270591968E-02	4.5697168831318991E-01	0.0000000000000000E+00	0.0000000000000000E+00	0.0000000000000000E+00	0.0000000000000000E+00	0.0000000000000000E+00	0.0000000000000000E+00	0.0000000000000000E+00	0.0000000000000000E+00	0.0000000000000000E+00	
2.2890254431568346E-13	5.9410447342973681E-03	9.9365631473727967E-01	0.0000000000000000E+00	0.0000000000000000E+00	0.0000000000000000E+00	0.0000000000000000E+00	0.0000000000000000E+00	0.0000000000000000E+00	0.0000000000000000E+00	0.0000000000000000E+00	
6.3788620197567517E-04	6.9032725747167589E-01	4.3547661934827544E-06	1.2269978209618505E-01	0.0000000000000000E+00	0.0000000000000000E+00	0.0000000000000000E+00	0.0000000000000000E+00	0.0000000000000000E+00	0.0000000000000000E+00	0.0000000000000000E+00	
1.0181053865932878E-01	4.9655697070637454E-04	2.5705324680306112E-17	5.7143307044826246E-13	7.5936443200339943E-01	0.0000000000000000E+00	0.0000000000000000E+00	0.0000000000000000E+00	0.0000000000000000E+00	0.0000000000000000E+00	0.0000000000000000E+00	
3.5227953473374224E-01	3.8324273279538684E-01	2.7316554056765491E-05	6.5410057557790946E-02	7.2652017334068266E-04	4.4463697841463985E-02	0.0000000000000000E+00	0.0000000000000000E+00	0.0000000000000000E+00	0.0000000000000000E+00	0.0000000000000000E+00	
1.4490896158685759E-01	7.0446564122465181E-05	1.7415083668022878E-06	3.2522343139870277E-02	2.9585154406893957E-06	1.5108098717950751E-02	7.2302794706318307E-01	0.0000000000000000E+00	0.0000000000000000E+00	0.0000000000000000E+00	0.0000000000000000E+00	
9.0939491497052054E-13	1.4568572857988571E-14	2.0990235112367755E-08	1.9943666050244437E-13	1.6010237227808861E-06	1.3020441901811567E-04	1.8532973875636395E-06	9.9986441008884708E-01	0.0000000000000000E+00	0.0000000000000000E+00	0.0000000000000000E+00	
2.6112201138461913E-04	1.1076800857499769E-01	5.0875327846074889E-03	1.3313532464187755E-13	4.0231010157528301E-02	2.0653381129539912E-02	2.5640339284011626E-01	3.3179345160091313E-05	1.4541975768777407E-01	0.0000000000000000E+00	0.0000000000000000E+00	
8.3055273578694523E-11	1.1664140939279333E-02	2.9879641557043074E-14	3.7384423859943418E-04	3.7848105952485923E-04	1.0274945240909959E-01	1.2842389108916016E-04	1.0556313545287657E-06	8.6208461115257819E-05	8.8461839328447933E-01	0.0000000000000000E+00	

beta_opt
0.0000000000000000E+00	0.0000000000000000E+00	0.0000000000000000E+00	0.0000000000000000E+00	0.0000000000000000E+00	0.0000000000000000E+00	0.0000000000000000E+00	0.0000000000000000E+00	0.0000000000000000E+00	0.0000000000000000E+00	0.0000000000000000E+00	
3.6886711251459836E-01	0.0000000000000000E+00	0.0000000000000000E+00	0.0000000000000000E+00	0.0000000000000000E+00	0.0000000000000000E+00	0.0000000000000000E+00	0.0000000000000000E+00	0.0000000000000000E+00	0.0000000000000000E+00	0.0000000000000000E+00	
1.1847346986613355E-02	1.7090898194264678E-01	0.0000000000000000E+00	0.0000000000000000E+00	0.0000000000000000E+00	0.0000000000000000E+00	0.0000000000000000E+00	0.0000000000000000E+00	0.0000000000000000E+00	0.0000000000000000E+00	0.0000000000000000E+00	
8.5610338262931407E-14	2.2219711487215521E-03	3.7163087669501232E-01	0.0000000000000000E+00	0.0000000000000000E+00	0.0000000000000000E+00	0.0000000000000000E+00	0.0000000000000000E+00	0.0000000000000000E+00	0.0000000000000000E+00	0.0000000000000000E+00	
2.3857163181673080E-04	2.5818476680087599E-01	1.6286975227583489E-06	4.5890140196762602E-02	0.0000000000000000E+00	0.0000000000000000E+00	0.0000000000000000E+00	0.0000000000000000E+00	0.0000000000000000E+00	0.0000000000000000E+00	0.0000000000000000E+00	
3.8077491359536648E-02	1.8571401360380866E-04	9.6138797741127011E-18	2.1371793224034263E-13	2.8400490734167705E-01	0.0000000000000000E+00	0.0000000000000000E+00	0.0000000000000000E+00	0.0000000000000000E+00	0.0000000000000000E+00	0.0000000000000000E+00	
1.3175375669949430E-01	1.4333409918840875E-01	1.0216485098357708E-05	2.4463586326928487E-02	2.7172104172316046E-04	1.6629575804884122E-02	0.0000000000000000E+00	0.0000000000000000E+00	0.0000000000000000E+00	0.0000000000000000E+00	0.0000000000000000E+00	
5.4196449654452465E-02	2.6347257091507639E-05	6.5133011437415456E-07	1.2163468106617529E-02	1.1064949425997755E-06	5.6504808438029453E-03	2.7041493709334419E-01	0.0000000000000000E+00	0.0000000000000000E+00	0.0000000000000000E+00	0.0000000000000000E+00	
3.4011682359391671E-13	5.4486963179426250E-15	7.8504200709539340E-09	7.4589996448867978E-14	5.9878837469461155E-07	4.8696900197389405E-05	6.9313959233374689E-07	3.7395272569238847E-01	0.0000000000000000E+00	0.0000000000000000E+00	0.0000000000000000E+00	
9.7660529678099406E-05	4.1427615892896438E-02	1.9027547462003407E-03	4.9793068973569277E-14	1.5046536064253987E-02	7.7244355236815530E-03	9.5895750125577175E-02	1.2409189120154984E-05	5.4387489151691684E-02	0.0000000000000000E+00	0.0000000000000000E+00	
3.1062957761562870E-11	4.3624287984368737E-03	1.1175088632242591E-14	1.3981903005851716E-04	1.4155321702038343E-04	3.8428648328795771E-02	4.8030976632668088E-05	3.9480975457192473E-07	3.2242260737065653E-05	3.3085031933175540E-01	0.0000000000000000E+00	

==============================================================

