#stage		 order
7	 		3


A
0.0000000000000000E+00	0.0000000000000000E+00	0.0000000000000000E+00	0.0000000000000000E+00	0.0000000000000000E+00	0.0000000000000000E+00	0.0000000000000000E+00	
5.9769470860437235E-01	0.0000000000000000E+00	0.0000000000000000E+00	0.0000000000000000E+00	0.0000000000000000E+00	0.0000000000000000E+00	0.0000000000000000E+00	
2.4944040280806978E-01	2.4944040280806981E-01	0.0000000000000000E+00	0.0000000000000000E+00	0.0000000000000000E+00	0.0000000000000000E+00	0.0000000000000000E+00	
2.2487949874709348E-01	2.2487949874709356E-01	5.3884328665938586E-01	0.0000000000000000E+00	0.0000000000000000E+00	0.0000000000000000E+00	0.0000000000000000E+00	
1.2329180732789188E-01	1.2329180732789194E-01	2.9542471878884741E-01	3.2769043538746884E-01	0.0000000000000000E+00	0.0000000000000000E+00	0.0000000000000000E+00	
1.2426726583125636E-01	1.2426726583125638E-01	2.9481727192612528E-01	3.2701664435286554E-01	5.9646573975878736E-01	0.0000000000000000E+00	0.0000000000000000E+00	
8.5159660076184918E-02	8.5159660076184904E-02	2.5993617241327063E-02	2.8832589859190908E-02	5.1897020849535624E-02	5.2003950414054381E-02	0.0000000000000000E+00	

b
1.7681574890137677E-01	
1.7681574890137661E-01	
4.0892610483388364E-01	
6.7319694634735541E-02	
1.1630552953188124E-01	
4.3076979881357400E-03	
4.9509475208610466E-02	

c
0.0000000000000000E+00	
5.9769470860437235E-01	
4.9888080561613962E-01	
9.8860228415357287E-01	
8.6969876883210007E-01	
1.4668341877002908E+00	
3.2904649851647783E-01	

r
1.6730949523294549E+00	

errcoeff
1.8825238898232413E-02	

v_opt
1.0000000000000000E+00	
3.2381430870032091E-11	
5.8266252115479245E-01	
9.8464017010577720E-02	
4.5174278662833267E-01	
1.4597767439283871E-11	
7.8820584782892777E-01	
1.4124373838173399E-01	

alpha_opt
0.0000000000000000E+00	0.0000000000000000E+00	0.0000000000000000E+00	0.0000000000000000E+00	0.0000000000000000E+00	0.0000000000000000E+00	0.0000000000000000E+00	0.0000000000000000E+00	
9.9999999996761857E-01	0.0000000000000000E+00	0.0000000000000000E+00	0.0000000000000000E+00	0.0000000000000000E+00	0.0000000000000000E+00	0.0000000000000000E+00	0.0000000000000000E+00	
1.3513931869422547E-11	4.1733747883169370E-01	0.0000000000000000E+00	0.0000000000000000E+00	0.0000000000000000E+00	0.0000000000000000E+00	0.0000000000000000E+00	0.0000000000000000E+00	
-9.2875032409976475E-17	1.2183259190226145E-11	9.0153598297723914E-01	0.0000000000000000E+00	0.0000000000000000E+00	0.0000000000000000E+00	0.0000000000000000E+00	0.0000000000000000E+00	
-2.3218856732462853E-17	-1.1774069245173521E-16	1.6005222321124816E-11	5.4825721335566224E-01	0.0000000000000000E+00	0.0000000000000000E+00	0.0000000000000000E+00	0.0000000000000000E+00	
6.6628686154558500E-14	2.0561815720523992E-03	-2.1356748900188873E-16	1.7716637812979784E-11	9.9794381839556678E-01	0.0000000000000000E+00	0.0000000000000000E+00	0.0000000000000000E+00	
4.0202289485161550E-12	1.2415137486656538E-01	1.8736256901224898E-14	6.3523036152807503E-04	2.8116061897210088E-12	8.7007546936128236E-02	0.0000000000000000E+00	0.0000000000000000E+00	
3.2682234361502893E-16	5.4301009854865954E-08	5.8263018348886808E-01	5.8941448585540721E-03	1.8739782590827617E-01	2.3337563135033898E-13	8.2834053061324187E-02	0.0000000000000000E+00	

beta_opt
0.0000000000000000E+00	0.0000000000000000E+00	0.0000000000000000E+00	0.0000000000000000E+00	0.0000000000000000E+00	0.0000000000000000E+00	0.0000000000000000E+00	0.0000000000000000E+00	
5.9769470860437235E-01	0.0000000000000000E+00	0.0000000000000000E+00	0.0000000000000000E+00	0.0000000000000000E+00	0.0000000000000000E+00	0.0000000000000000E+00	0.0000000000000000E+00	
8.0772055710554014E-12	2.4944040280806981E-01	0.0000000000000000E+00	0.0000000000000000E+00	0.0000000000000000E+00	0.0000000000000000E+00	0.0000000000000000E+00	0.0000000000000000E+00	
-5.5510915434700048E-17	7.2818695517895549E-12	5.3884328665938586E-01	0.0000000000000000E+00	0.0000000000000000E+00	0.0000000000000000E+00	0.0000000000000000E+00	0.0000000000000000E+00	
-1.3877787809285436E-17	-7.0372988868095684E-17	9.5662366916826613E-12	3.2769043538746884E-01	0.0000000000000000E+00	0.0000000000000000E+00	0.0000000000000000E+00	0.0000000000000000E+00	
3.9823613157130566E-14	1.2289688455853348E-03	-1.2764815811048481E-16	1.0589140675421049E-11	5.9646573975878736E-01	0.0000000000000000E+00	0.0000000000000000E+00	0.0000000000000000E+00	
2.4028695699840341E-12	7.4204619826106849E-02	1.1198561609276902E-14	3.7967382584246730E-04	1.6804821423299643E-12	5.2003950414054381E-02	0.0000000000000000E+00	0.0000000000000000E+00	
1.9533998543870817E-16	3.2455426263178211E-08	3.4823497775576734E-01	3.5228991938195120E-03	1.1200668895296696E-01	1.3948737997981908E-13	4.9509475208610466E-02	0.0000000000000000E+00	

==============================================================

