#stage		 order
6	 		3


A
0.0000000000000000E+00	0.0000000000000000E+00	0.0000000000000000E+00	0.0000000000000000E+00	0.0000000000000000E+00	0.0000000000000000E+00	
5.7672144748053200E-01	0.0000000000000000E+00	0.0000000000000000E+00	0.0000000000000000E+00	0.0000000000000000E+00	0.0000000000000000E+00	
5.4699170460851243E-01	5.4699170460851243E-01	0.0000000000000000E+00	0.0000000000000000E+00	0.0000000000000000E+00	0.0000000000000000E+00	
4.6639880755902258E-01	4.5450663147423032E-01	4.7920968487250359E-01	0.0000000000000000E+00	0.0000000000000000E+00	0.0000000000000000E+00	
2.2094206854883164E-01	2.1241244292265410E-01	1.9464892455785757E-02	2.3425697156225760E-02	0.0000000000000000E+00	0.0000000000000000E+00	
1.3921362015835087E-01	1.2668944215465036E-01	1.1459737642734830E-02	1.3721512066268239E-02	3.3781237107714707E-01	0.0000000000000000E+00	

b
1.9333653864748424E-01	
1.3283626640515200E-01	
5.7682685581477246E-02	
9.1078758622868371E-03	
2.2422843238093645E-01	
3.8280820112266323E-01	

c
0.0000000000000000E+00	
5.7672144748053200E-01	
1.0939834092170249E+00	
1.4001151239057565E+00	
4.7624510108349727E-01	
6.2889668309915137E-01	

r
1.7339393295820793E+00	

errcoeff
1.9039989635077630E-02	

v_opt
1.0000000000000000E+00	
1.7633561277818899E-11	
5.1549570424157309E-02	
1.4845916845631368E-01	
6.0912978718208222E-01	
3.9726010156425728E-01	
1.5674915809123890E-01	

alpha_opt
0.0000000000000000E+00	0.0000000000000000E+00	0.0000000000000000E+00	0.0000000000000000E+00	0.0000000000000000E+00	0.0000000000000000E+00	0.0000000000000000E+00	
9.9999999998236644E-01	0.0000000000000000E+00	0.0000000000000000E+00	0.0000000000000000E+00	0.0000000000000000E+00	0.0000000000000000E+00	0.0000000000000000E+00	
1.6724530768372274E-11	9.4845042955911818E-01	0.0000000000000000E+00	0.0000000000000000E+00	0.0000000000000000E+00	0.0000000000000000E+00	0.0000000000000000E+00	
2.0620311827373120E-02	1.3896907317196647E-11	8.3092051970241632E-01	0.0000000000000000E+00	0.0000000000000000E+00	0.0000000000000000E+00	0.0000000000000000E+00	
1.3952282309723426E-02	3.3629919288625648E-01	5.9514413492018593E-13	4.0618737621342660E-02	0.0000000000000000E+00	0.0000000000000000E+00	0.0000000000000000E+00	
1.3053065066267184E-02	3.8396722264635494E-03	1.0100492288027438E-04	4.1954262578928298E-13	5.8574615621971216E-01	0.0000000000000000E+00	0.0000000000000000E+00	
9.0489345389891285E-02	2.1663831695756504E-03	8.6828917740990316E-02	6.7351457173014612E-19	6.8559545560153579E-12	6.6376619560144789E-01	0.0000000000000000E+00	

beta_opt
0.0000000000000000E+00	0.0000000000000000E+00	0.0000000000000000E+00	0.0000000000000000E+00	0.0000000000000000E+00	0.0000000000000000E+00	0.0000000000000000E+00	
5.7672144748053200E-01	0.0000000000000000E+00	0.0000000000000000E+00	0.0000000000000000E+00	0.0000000000000000E+00	0.0000000000000000E+00	0.0000000000000000E+00	
9.6453955933384350E-12	5.4699170460851243E-01	0.0000000000000000E+00	0.0000000000000000E+00	0.0000000000000000E+00	0.0000000000000000E+00	0.0000000000000000E+00	
1.1892176084792261E-02	8.0146445036177738E-12	4.7920968487250359E-01	0.0000000000000000E+00	0.0000000000000000E+00	0.0000000000000000E+00	0.0000000000000000E+00	
8.0465804494626036E-03	1.9395095731131651E-01	3.4323238695677105E-13	2.3425697156225760E-02	0.0000000000000000E+00	0.0000000000000000E+00	0.0000000000000000E+00	
7.5279825792079220E-03	2.2144213243359035E-03	5.8251705327198531E-05	2.4195923042924505E-13	3.3781237107714707E-01	0.0000000000000000E+00	0.0000000000000000E+00	
5.2187146255744152E-02	1.2493996373771632E-03	5.0076099123634997E-02	3.8843029871428987E-19	3.9539760354756481E-12	3.8280820112266323E-01	0.0000000000000000E+00	

==============================================================

