#stage		 order
4	 		3


A
0.0000000000000000E+00	0.0000000000000000E+00	0.0000000000000000E+00	0.0000000000000000E+00	
7.7383406456871040E-01	0.0000000000000000E+00	0.0000000000000000E+00	0.0000000000000000E+00	
3.7848017563967939E-01	3.7848017563967939E-01	0.0000000000000000E+00	0.0000000000000000E+00	
1.3255531279612850E-01	1.3255531279612850E-01	2.7102031515346559E-01	0.0000000000000000E+00	

b
2.2598857948719328E-01	
2.2554290836004773E-01	
1.4226490494772839E-01	
4.0620360720503051E-01	

c
0.0000000000000000E+00	
7.7383406456871040E-01	
7.5696035127935879E-01	
5.3613094074572265E-01	

r
1.2922667090874853E+00	

errcoeff
3.5911997950720961E-02	

v_opt
1.0000000000000000E+00	
2.0773049946853916E-11	
5.1090266897125802E-01	
6.4976946924449486E-01	
2.7295679120651495E-01	

alpha_opt
0.0000000000000000E+00	0.0000000000000000E+00	0.0000000000000000E+00	0.0000000000000000E+00	0.0000000000000000E+00	
9.9999999997922695E-01	0.0000000000000000E+00	0.0000000000000000E+00	0.0000000000000000E+00	0.0000000000000000E+00	
1.0160073382858057E-11	4.8909733101858188E-01	0.0000000000000000E+00	0.0000000000000000E+00	0.0000000000000000E+00	
7.3917999982262292E-23	3.5583534916530122E-12	3.5023053075194677E-01	0.0000000000000000E+00	0.0000000000000000E+00	
5.7592596498641209E-04	2.0154388413327359E-01	3.8189675194567255E-12	5.2492339869140603E-01	0.0000000000000000E+00	

beta_opt
0.0000000000000000E+00	0.0000000000000000E+00	0.0000000000000000E+00	0.0000000000000000E+00	0.0000000000000000E+00	
7.7383406456871040E-01	0.0000000000000000E+00	0.0000000000000000E+00	0.0000000000000000E+00	0.0000000000000000E+00	
7.8622108823367398E-12	3.7848017563967939E-01	0.0000000000000000E+00	0.0000000000000000E+00	0.0000000000000000E+00	
5.7200266372252115E-23	2.7535751456753133E-12	2.7102031515346559E-01	0.0000000000000000E+00	0.0000000000000000E+00	
4.4567113038535000E-04	1.5596152305105612E-01	2.9552471580984729E-12	4.0620360720503051E-01	0.0000000000000000E+00	

==============================================================

