#stage		 order
8	 		3


A
0.0000000000000000E+00	0.0000000000000000E+00	0.0000000000000000E+00	0.0000000000000000E+00	0.0000000000000000E+00	0.0000000000000000E+00	0.0000000000000000E+00	0.0000000000000000E+00	
4.4339249742089681E-01	0.0000000000000000E+00	0.0000000000000000E+00	0.0000000000000000E+00	0.0000000000000000E+00	0.0000000000000000E+00	0.0000000000000000E+00	0.0000000000000000E+00	
4.2185239798658841E-01	4.2185239798658841E-01	0.0000000000000000E+00	0.0000000000000000E+00	0.0000000000000000E+00	0.0000000000000000E+00	0.0000000000000000E+00	0.0000000000000000E+00	
2.3049819446450434E-01	1.6578840148862337E-01	1.7425368145423242E-01	0.0000000000000000E+00	0.0000000000000000E+00	0.0000000000000000E+00	0.0000000000000000E+00	0.0000000000000000E+00	
1.7388717108281895E-01	1.3008863622041675E-01	1.1794212161235819E-01	3.0010643916615198E-01	0.0000000000000000E+00	0.0000000000000000E+00	0.0000000000000000E+00	0.0000000000000000E+00	
1.8305215411197848E-01	1.5935779285289656E-01	3.3492284797827163E-02	8.5082896495844357E-02	1.2570579315097546E-01	0.0000000000000000E+00	0.0000000000000000E+00	0.0000000000000000E+00	
1.8309780003553106E-01	1.5940762531914696E-01	3.3486558302010583E-02	8.5067863249109490E-02	1.2568358226862106E-01	4.4331415466237961E-01	0.0000000000000000E+00	0.0000000000000000E+00	
2.3974110938277235E-01	2.0231476124745307E-01	1.8298461957600645E-01	3.5127102734973450E-02	1.3193707364073897E-02	2.8416548375508461E-02	2.8421570165956297E-02	0.0000000000000000E+00	

b
2.1562226883660160E-01	
1.6095031617171265E-01	
9.1427167064435655E-02	
5.4197194900249678E-02	
6.4035779070113916E-02	
2.1826439173119977E-01	
1.1776882603868498E-02	
1.8372599962181824E-01	

c
0.0000000000000000E+00	
4.4339249742089681E-01	
8.4370479597317682E-01	
5.7054027740736013E-01	
7.2202436808174586E-01	
5.8669092140952206E-01	
1.0300575838367987E+00	
7.3019941884674389E-01	

r
2.2553381164921591E+00	

errcoeff
1.6270419255947771E-02	

v_opt
1.0000000000000000E+00	
1.9982460131018343E-11	
4.8580207287227006E-02	
4.6105656767166370E-01	
2.8284111611579854E-01	
4.1482543610867118E-01	
7.7622273952915322E-07	
3.6772549100147123E-01	
4.9902490591986370E-02	

alpha_opt
0.0000000000000000E+00	0.0000000000000000E+00	0.0000000000000000E+00	0.0000000000000000E+00	0.0000000000000000E+00	0.0000000000000000E+00	0.0000000000000000E+00	0.0000000000000000E+00	0.0000000000000000E+00	
9.9999999998001754E-01	0.0000000000000000E+00	0.0000000000000000E+00	0.0000000000000000E+00	0.0000000000000000E+00	0.0000000000000000E+00	0.0000000000000000E+00	0.0000000000000000E+00	0.0000000000000000E+00	
1.9011701639263977E-11	9.5141979269376131E-01	0.0000000000000000E+00	0.0000000000000000E+00	0.0000000000000000E+00	0.0000000000000000E+00	0.0000000000000000E+00	0.0000000000000000E+00	0.0000000000000000E+00	
1.4594246260590465E-01	7.4715342680768834E-12	3.9300096971496012E-01	0.0000000000000000E+00	0.0000000000000000E+00	0.0000000000000000E+00	0.0000000000000000E+00	0.0000000000000000E+00	0.0000000000000000E+00	
5.9109471539676139E-07	4.0316801541537682E-02	5.3153077071626326E-12	6.7684149124263304E-01	0.0000000000000000E+00	0.0000000000000000E+00	0.0000000000000000E+00	0.0000000000000000E+00	0.0000000000000000E+00	
2.5433627277690284E-02	2.7610867434078989E-01	1.2319551740551173E-04	3.8344219092630969E-12	2.8350906675160875E-01	0.0000000000000000E+00	0.0000000000000000E+00	0.0000000000000000E+00	0.0000000000000000E+00	
5.1167774916645398E-13	1.7548189819375015E-04	4.3130230478358509E-07	-1.4617242685466118E-19	5.6641988173876420E-12	9.9982331057058604E-01	0.0000000000000000E+00	0.0000000000000000E+00	0.0000000000000000E+00	
7.1216966328769810E-02	4.4738243171114807E-02	3.8154935428276437E-01	5.9083214802695197E-02	1.1586479887347291E-02	1.2806576060194829E-12	6.4100250524556743E-02	0.0000000000000000E+00	0.0000000000000000E+00	
6.3434946175339485E-02	6.5329141164915845E-03	4.1975843131681438E-07	4.9003313512612591E-13	6.1136500918199571E-05	4.6570384292638156E-01	5.3075064055367617E-13	4.1436424992943066E-01	0.0000000000000000E+00	

beta_opt
0.0000000000000000E+00	0.0000000000000000E+00	0.0000000000000000E+00	0.0000000000000000E+00	0.0000000000000000E+00	0.0000000000000000E+00	0.0000000000000000E+00	0.0000000000000000E+00	0.0000000000000000E+00	
4.4339249742089681E-01	0.0000000000000000E+00	0.0000000000000000E+00	0.0000000000000000E+00	0.0000000000000000E+00	0.0000000000000000E+00	0.0000000000000000E+00	0.0000000000000000E+00	0.0000000000000000E+00	
8.4296458702226573E-12	4.2185239798658841E-01	0.0000000000000000E+00	0.0000000000000000E+00	0.0000000000000000E+00	0.0000000000000000E+00	0.0000000000000000E+00	0.0000000000000000E+00	0.0000000000000000E+00	
6.4709792975880975E-02	3.3128222387546202E-12	1.7425368145423242E-01	0.0000000000000000E+00	0.0000000000000000E+00	0.0000000000000000E+00	0.0000000000000000E+00	0.0000000000000000E+00	0.0000000000000000E+00	
2.6208696207730142E-07	1.7876167323882267E-02	2.3567675588864745E-12	3.0010643916615198E-01	0.0000000000000000E+00	0.0000000000000000E+00	0.0000000000000000E+00	0.0000000000000000E+00	0.0000000000000000E+00	
1.1277079517352684E-02	1.2242451467798227E-01	5.4623968134580928E-05	1.7001539065475413E-12	1.2570579315097546E-01	0.0000000000000000E+00	0.0000000000000000E+00	0.0000000000000000E+00	0.0000000000000000E+00	
2.2687407508215074E-13	7.7807357093841227E-05	1.9123620606520397E-07	-6.4811757398456682E-20	2.5114632595801822E-12	4.4331415466237961E-01	0.0000000000000000E+00	0.0000000000000000E+00	0.0000000000000000E+00	
3.1577068559884153E-02	1.9836601370260359E-02	1.6917612108814600E-01	2.6197054167545804E-02	5.1373582536705636E-03	5.6783397428539217E-13	2.8421570165956297E-02	0.0000000000000000E+00	0.0000000000000000E+00	
2.8126579209005978E-02	2.8966451056053172E-03	1.8611773917875940E-07	2.1727701560690649E-13	2.7107465826237132E-05	2.0648958997776354E-01	2.3533085202753767E-13	1.8372599962181824E-01	0.0000000000000000E+00	

==============================================================

