#stage		 order
12	 		3


A
0.0000000000000000E+00	0.0000000000000000E+00	0.0000000000000000E+00	0.0000000000000000E+00	0.0000000000000000E+00	0.0000000000000000E+00	0.0000000000000000E+00	0.0000000000000000E+00	0.0000000000000000E+00	0.0000000000000000E+00	0.0000000000000000E+00	0.0000000000000000E+00	
-2.3785694238119762E-01	0.0000000000000000E+00	0.0000000000000000E+00	0.0000000000000000E+00	0.0000000000000000E+00	0.0000000000000000E+00	0.0000000000000000E+00	0.0000000000000000E+00	0.0000000000000000E+00	0.0000000000000000E+00	0.0000000000000000E+00	0.0000000000000000E+00	
-3.4959992548623658E-01	-6.0496387447669716E-03	0.0000000000000000E+00	0.0000000000000000E+00	0.0000000000000000E+00	0.0000000000000000E+00	0.0000000000000000E+00	0.0000000000000000E+00	0.0000000000000000E+00	0.0000000000000000E+00	0.0000000000000000E+00	0.0000000000000000E+00	
1.8724619540570023E-01	-3.0842873711486557E-01	1.9463179065906278E-01	0.0000000000000000E+00	0.0000000000000000E+00	0.0000000000000000E+00	0.0000000000000000E+00	0.0000000000000000E+00	0.0000000000000000E+00	0.0000000000000000E+00	0.0000000000000000E+00	0.0000000000000000E+00	
-5.3723468053717131E-02	-3.8583139790421001E-01	2.8182730904707826E-01	-2.5721420539083806E-01	0.0000000000000000E+00	0.0000000000000000E+00	0.0000000000000000E+00	0.0000000000000000E+00	0.0000000000000000E+00	0.0000000000000000E+00	0.0000000000000000E+00	0.0000000000000000E+00	
5.4600049648184967E-01	2.3460276065224112E-01	1.2098219795146023E-01	-4.1491269318153867E-01	-3.3661092968936479E-01	0.0000000000000000E+00	0.0000000000000000E+00	0.0000000000000000E+00	0.0000000000000000E+00	0.0000000000000000E+00	0.0000000000000000E+00	0.0000000000000000E+00	
1.2528432932954770E-02	-3.1983079049076518E-01	1.4325771996356862E-01	1.2479145123562062E-01	-2.4405414801248124E-01	2.2724523802202973E-01	0.0000000000000000E+00	0.0000000000000000E+00	0.0000000000000000E+00	0.0000000000000000E+00	0.0000000000000000E+00	0.0000000000000000E+00	
4.0897470904449257E-01	-2.0426620212586735E-01	-2.3834257898232958E-01	1.7849696127609652E-01	-1.2990877042059970E-01	2.4954349407388415E-01	3.9449343538220639E-02	0.0000000000000000E+00	0.0000000000000000E+00	0.0000000000000000E+00	0.0000000000000000E+00	0.0000000000000000E+00	
-2.7399533325898423E-01	3.4555527976771978E-02	-9.7069929579203431E-03	2.6436506491221468E-01	-4.8516204681851832E-01	4.5122843162343323E-01	-9.1720087315531218E-02	2.5200581700104546E-01	0.0000000000000000E+00	0.0000000000000000E+00	0.0000000000000000E+00	0.0000000000000000E+00	
-1.5487362418365241E-01	-7.0130488845414507E-02	-1.4191386034668052E-01	-5.6940284982808551E-02	-4.0384514890743944E-01	-1.5143766090045341E-01	-1.2935174474391484E-01	1.6852658809060683E-01	1.3133517078096077E-01	0.0000000000000000E+00	0.0000000000000000E+00	0.0000000000000000E+00	
4.1484339870988346E-01	-9.9241280805160342E-02	-6.4684336965107703E-01	5.6797088246619953E-01	2.3368621859015004E-01	1.0791036051568008E-01	-2.9575639126685357E-02	1.5555023046263314E-01	-7.8186530837291740E-02	1.3226752050270560E-01	0.0000000000000000E+00	0.0000000000000000E+00	
9.3890891280529853E-02	-5.4907865603348122E-02	2.6518787276809014E-01	-2.3826208935247689E-01	1.1834064260826027E-01	-1.8129811279428318E-01	-2.4816271558071587E-01	3.5097609741851427E-01	-3.0183336447226322E-01	3.3196847975924687E-01	6.1355263432407081E-01	0.0000000000000000E+00	

b
1.4210377450682568E-01	
-1.7585001980824488E-01	
1.4875626249325330E-01	
-2.0477098073708738E-01	
3.1710415843643619E-01	
8.2119056147896885E-02	
-4.3528296170169256E-01	
4.1975737210802111E-01	
2.9825927532547558E-01	
-9.1237662759810323E-02	
3.7828823541727569E-01	
1.2075349057165061E-01	

c
0.0000000000000000E+00	
-2.3785694238119762E-01	
-3.5564956423100352E-01	
7.3449248949897419E-02	
-4.1494176230168700E-01	
1.5006183221464753E-01	
-5.6062096349072679E-02	
3.0394695640389724E-01	
1.4157038116251125E-01	
-8.0863105403879609E-01	
7.5838179082703727E-01	
7.4945247035562490E-01	

r
0.0000000000000000E+00	

errcoeff
1.0293170275929456E-03	

==============================================================

