#stage		 order
15	 		3


A
0.0000000000000000E+00	0.0000000000000000E+00	0.0000000000000000E+00	0.0000000000000000E+00	0.0000000000000000E+00	0.0000000000000000E+00	0.0000000000000000E+00	0.0000000000000000E+00	0.0000000000000000E+00	0.0000000000000000E+00	0.0000000000000000E+00	0.0000000000000000E+00	0.0000000000000000E+00	0.0000000000000000E+00	0.0000000000000000E+00	
6.6443303024202914E-03	0.0000000000000000E+00	0.0000000000000000E+00	0.0000000000000000E+00	0.0000000000000000E+00	0.0000000000000000E+00	0.0000000000000000E+00	0.0000000000000000E+00	0.0000000000000000E+00	0.0000000000000000E+00	0.0000000000000000E+00	0.0000000000000000E+00	0.0000000000000000E+00	0.0000000000000000E+00	0.0000000000000000E+00	
-7.3302687783178874E-02	1.2723368262276859E-03	0.0000000000000000E+00	0.0000000000000000E+00	0.0000000000000000E+00	0.0000000000000000E+00	0.0000000000000000E+00	0.0000000000000000E+00	0.0000000000000000E+00	0.0000000000000000E+00	0.0000000000000000E+00	0.0000000000000000E+00	0.0000000000000000E+00	0.0000000000000000E+00	0.0000000000000000E+00	
-1.2560450438711576E-01	2.3216499869247215E-01	-2.9494875175613033E-01	0.0000000000000000E+00	0.0000000000000000E+00	0.0000000000000000E+00	0.0000000000000000E+00	0.0000000000000000E+00	0.0000000000000000E+00	0.0000000000000000E+00	0.0000000000000000E+00	0.0000000000000000E+00	0.0000000000000000E+00	0.0000000000000000E+00	0.0000000000000000E+00	
-1.6203088826750669E-02	7.3378004487823310E-03	-3.9722158850024525E-01	3.2096114893039357E-01	0.0000000000000000E+00	0.0000000000000000E+00	0.0000000000000000E+00	0.0000000000000000E+00	0.0000000000000000E+00	0.0000000000000000E+00	0.0000000000000000E+00	0.0000000000000000E+00	0.0000000000000000E+00	0.0000000000000000E+00	0.0000000000000000E+00	
1.4288817511984758E-01	4.1478097104997330E-01	-4.7354118640778936E-01	-2.1652653604344038E-01	-2.2974883047717398E-01	0.0000000000000000E+00	0.0000000000000000E+00	0.0000000000000000E+00	0.0000000000000000E+00	0.0000000000000000E+00	0.0000000000000000E+00	0.0000000000000000E+00	0.0000000000000000E+00	0.0000000000000000E+00	0.0000000000000000E+00	
2.2966344773866365E-01	-1.6276880556082046E-01	-1.6446271472826096E-01	9.5825639594094389E-02	-1.3645314250217588E-01	1.6913888797773201E-03	0.0000000000000000E+00	0.0000000000000000E+00	0.0000000000000000E+00	0.0000000000000000E+00	0.0000000000000000E+00	0.0000000000000000E+00	0.0000000000000000E+00	0.0000000000000000E+00	0.0000000000000000E+00	
-1.8741949138803163E-01	1.9118468250392279E-01	4.5058315978110131E-01	-3.8933008618634618E-01	-3.3347150110778273E-01	-9.1428526715234770E-02	1.7571172560575476E-01	0.0000000000000000E+00	0.0000000000000000E+00	0.0000000000000000E+00	0.0000000000000000E+00	0.0000000000000000E+00	0.0000000000000000E+00	0.0000000000000000E+00	0.0000000000000000E+00	
1.0576211852566459E-02	-1.8674974219933832E-01	4.9519858581955867E-01	-4.1052749968738550E-01	-2.7579122525918454E-01	-1.8953765459537603E-01	3.0422619840938359E-01	2.9546845878427641E-01	0.0000000000000000E+00	0.0000000000000000E+00	0.0000000000000000E+00	0.0000000000000000E+00	0.0000000000000000E+00	0.0000000000000000E+00	0.0000000000000000E+00	
-3.1649320992265700E-01	-3.2443857795007158E-01	-1.0703242900765475E-01	2.4308175892934747E-01	4.7669803509586123E-01	-5.5652431559244535E-02	-2.7922171387369815E-01	3.8369124607466965E-01	-2.9591635479999424E-02	0.0000000000000000E+00	0.0000000000000000E+00	0.0000000000000000E+00	0.0000000000000000E+00	0.0000000000000000E+00	0.0000000000000000E+00	
6.0150562558742027E-01	-7.2742736785984891E-02	-9.3437870062216460E-02	-1.7035865700726235E-01	-2.4139330004176596E-01	6.8291271830585212E-02	5.2562242231350531E-01	-1.8119026273665573E-01	-9.8471822045653690E-02	-2.2900572571376474E-01	0.0000000000000000E+00	0.0000000000000000E+00	0.0000000000000000E+00	0.0000000000000000E+00	0.0000000000000000E+00	
-3.2601945993475656E-01	1.8189009112625235E-02	1.9819435893079371E-01	-2.7930115392481671E-02	2.0987056786710367E-01	-2.9655392141826864E-01	5.9404893475450745E-03	2.5149327553293449E-01	2.5901113113591145E-01	-1.8547467649034130E-01	3.0969570653846493E-02	0.0000000000000000E+00	0.0000000000000000E+00	0.0000000000000000E+00	0.0000000000000000E+00	
-1.5602869029784783E-01	1.9696315532878712E-02	4.2585531967989604E-01	1.8605038760915529E-01	2.6857187375898411E-01	-2.2868585593071639E-01	-3.5215568047401563E-01	-1.6272125134775789E-01	9.3898147780909717E-03	-4.3999251416402380E-01	4.5411432820322650E-01	4.7648617480633410E-01	0.0000000000000000E+00	0.0000000000000000E+00	0.0000000000000000E+00	
2.2207674388810658E-01	-5.5801846761979113E-01	-3.7558572286016034E-01	1.6991209376210828E-01	-4.4607333076110428E-01	1.3287186848611757E-01	3.6977527459635551E-01	-2.3729322119053850E-01	3.7143943290807063E-01	2.6219597891078317E-01	-3.4748890493358336E-01	4.0447689819765026E-01	3.4397756783498590E-01	0.0000000000000000E+00	0.0000000000000000E+00	
-2.0642592204665935E-01	-3.0922577104662829E-01	-8.5531107500180815E-03	3.7865648169282812E-01	4.2051788958398034E-01	-1.1695025406341626E-01	-3.5216830630026855E-02	-2.0913514782401652E-01	1.2020772367518483E-01	-1.0558085569028770E-01	4.7180459128111640E-01	-5.2951159524755480E-02	4.9746953832898017E-01	-1.2832131758168633E-01	0.0000000000000000E+00	

b
1.3724468213316324E-01	
-1.6891560202730374E-01	
4.9649745946670748E-01	
-3.7410211163149065E-01	
-1.6348414271441869E-01	
-1.3075214962714371E-01	
3.9444551844970199E-01	
1.3826413064761398E-01	
1.5218267618432874E-01	
1.5357698208383144E-01	
-2.0928788743930457E-01	
-2.9861099349274506E-01	
1.2968413285467489E-01	
1.3394614744858557E-01	
6.0931115766379917E-01	

c
0.0000000000000000E+00	
6.6443303024202914E-03	
-7.2030350956951192E-02	
-1.8838825745077395E-01	
-8.5125727947819987E-02	
-3.6214740675858276E-01	
-1.3650418657872196E-01	
-1.8417003750661648E-01	
4.2863333124500691E-02	
-8.9589576934470880E-03	
1.0881894533820703E-01	
1.3769022934491201E-01	
5.0058022215420428E-01	
3.1226621121900056E-01	
7.1629585540459484E-01	

r
0.0000000000000000E+00	

errcoeff
6.2070108849303482E-04	

==============================================================

