#stage		 order
7	 		3


A
0.0000000000000000E+00	0.0000000000000000E+00	0.0000000000000000E+00	0.0000000000000000E+00	0.0000000000000000E+00	0.0000000000000000E+00	0.0000000000000000E+00	
-2.0144877429989182E-02	0.0000000000000000E+00	0.0000000000000000E+00	0.0000000000000000E+00	0.0000000000000000E+00	0.0000000000000000E+00	0.0000000000000000E+00	
-2.9363439823818205E-01	2.3002771465331964E-01	0.0000000000000000E+00	0.0000000000000000E+00	0.0000000000000000E+00	0.0000000000000000E+00	0.0000000000000000E+00	
5.0569271006421790E-01	-1.3661499876602957E-03	-3.2420977205477314E-01	0.0000000000000000E+00	0.0000000000000000E+00	0.0000000000000000E+00	0.0000000000000000E+00	
-7.1171509333076435E-02	1.9756830931859748E-01	-1.0470436071286043E-01	-3.9655102825168426E-01	0.0000000000000000E+00	0.0000000000000000E+00	0.0000000000000000E+00	
3.4636869262864789E-01	3.2034162357429585E-01	-1.3570699998698219E-01	7.1034156478801347E-02	-2.3206605535311417E-01	0.0000000000000000E+00	0.0000000000000000E+00	
5.7743389872797452E-02	4.6832623389594027E-02	-1.1093102325666747E-01	3.5522072171830704E-01	-6.9304084453290962E-02	3.7596091922433378E-01	0.0000000000000000E+00	

b
2.4058467760616631E-01	
-6.2874990413312917E-02	
-5.5907281088928916E-02	
8.4887425129054861E-01	
-4.9317906952332922E-02	
-9.5339303449926138E-01	
1.0320342840571213E+00	

c
0.0000000000000000E+00	
-2.0144877429989182E-02	
-6.3606683584862392E-02	
1.8011678802178452E-01	
-3.7485858897902363E-01	
3.6997141734164873E-01	
6.5552254649507391E-01	

r
0.0000000000000000E+00	

errcoeff
4.6389560095795000E-03	

==============================================================

