#stage		 order
13	 		2


A
0.0000000000000000E+00	0.0000000000000000E+00	0.0000000000000000E+00	0.0000000000000000E+00	0.0000000000000000E+00	0.0000000000000000E+00	0.0000000000000000E+00	0.0000000000000000E+00	0.0000000000000000E+00	0.0000000000000000E+00	0.0000000000000000E+00	0.0000000000000000E+00	0.0000000000000000E+00	
-1.9085116708850691E-01	0.0000000000000000E+00	0.0000000000000000E+00	0.0000000000000000E+00	0.0000000000000000E+00	0.0000000000000000E+00	0.0000000000000000E+00	0.0000000000000000E+00	0.0000000000000000E+00	0.0000000000000000E+00	0.0000000000000000E+00	0.0000000000000000E+00	0.0000000000000000E+00	
-9.3536484608669743E-02	-1.0635899435972426E-01	0.0000000000000000E+00	0.0000000000000000E+00	0.0000000000000000E+00	0.0000000000000000E+00	0.0000000000000000E+00	0.0000000000000000E+00	0.0000000000000000E+00	0.0000000000000000E+00	0.0000000000000000E+00	0.0000000000000000E+00	0.0000000000000000E+00	
1.5786901918000884E-01	-4.8436096673754325E-01	-1.0924955707170843E-01	0.0000000000000000E+00	0.0000000000000000E+00	0.0000000000000000E+00	0.0000000000000000E+00	0.0000000000000000E+00	0.0000000000000000E+00	0.0000000000000000E+00	0.0000000000000000E+00	0.0000000000000000E+00	0.0000000000000000E+00	
2.1865396072641122E-01	-1.3843850962263657E-01	-2.5798686934198650E-01	1.9889157762344400E-02	0.0000000000000000E+00	0.0000000000000000E+00	0.0000000000000000E+00	0.0000000000000000E+00	0.0000000000000000E+00	0.0000000000000000E+00	0.0000000000000000E+00	0.0000000000000000E+00	0.0000000000000000E+00	
4.7618239055746475E-01	-3.2512773975945608E-01	-1.2043454850363192E-01	1.2916706983982443E-01	-1.4397522226203593E-01	0.0000000000000000E+00	0.0000000000000000E+00	0.0000000000000000E+00	0.0000000000000000E+00	0.0000000000000000E+00	0.0000000000000000E+00	0.0000000000000000E+00	0.0000000000000000E+00	
1.1471881896753713E-02	3.4685393179735069E-01	-4.4769865960187533E-02	-5.4683817220224515E-02	7.8238251282885238E-02	-2.4976885341160449E-01	0.0000000000000000E+00	0.0000000000000000E+00	0.0000000000000000E+00	0.0000000000000000E+00	0.0000000000000000E+00	0.0000000000000000E+00	0.0000000000000000E+00	
-1.2427554962342703E-01	3.9801244310679484E-01	-1.0782829321049855E-01	-9.7064322407367717E-02	4.0821424282581603E-01	-2.3960620152912621E-01	-2.4705052608653422E-01	0.0000000000000000E+00	0.0000000000000000E+00	0.0000000000000000E+00	0.0000000000000000E+00	0.0000000000000000E+00	0.0000000000000000E+00	
-1.0491811110564450E-01	1.4724374335129797E-01	3.4461458002838308E-01	-1.9078126445539687E-01	1.3260922009134116E-01	-2.8247242724339622E-01	1.6947558645691755E-02	-4.7526465190666341E-02	0.0000000000000000E+00	0.0000000000000000E+00	0.0000000000000000E+00	0.0000000000000000E+00	0.0000000000000000E+00	
4.4624350086947417E-01	-2.6276711361796251E-01	3.0592822721860713E-01	-4.2073965774073874E-01	-2.6351037094548047E-01	-4.4093124042340323E-02	-2.5204602132471404E-01	1.6501164213756883E-01	4.9431608647700631E-01	0.0000000000000000E+00	0.0000000000000000E+00	0.0000000000000000E+00	0.0000000000000000E+00	
3.1445062543326335E-01	4.1904076249856176E-01	-3.2816788301335759E-01	1.2080702315643801E-01	-3.4864717457129540E-01	2.7381853261619066E-01	-1.0503953293215054E-01	9.1667015406101296E-02	-5.5385757726983910E-03	-9.3776013049001156E-02	0.0000000000000000E+00	0.0000000000000000E+00	0.0000000000000000E+00	
-2.5887926758890795E-01	5.3299581737141943E-01	4.3197497051682930E-02	-2.4500607948750482E-02	5.5612228316216628E-01	-3.6042411497769816E-01	-2.3195590517113027E-01	3.6584758485918051E-01	-2.7582860837111123E-01	-1.6789317976248933E-01	-5.2247043763368903E-02	0.0000000000000000E+00	0.0000000000000000E+00	
4.9265222146969873E-01	-4.2321141917131916E-01	-3.4607264474737492E-01	3.5750002348797943E-01	-2.0468788020276324E-01	3.8037377352968149E-01	5.9597857148494782E-01	-1.6659296394809378E-01	-3.2749052469403861E-01	-8.9090234909162166E-02	1.3793788721728500E-01	-3.9581736914237282E-02	0.0000000000000000E+00	

b
-8.9027595318876690E-02	
-2.2713583953924835E-01	
1.1140433817314303E-01	
5.8942773708290042E-01	
-3.5247738110323718E-01	
-4.5508451761786028E-01	
4.1967846674895631E-01	
-4.7907982412824812E-01	
-5.3370636497435908E-01	
-1.6404624549243078E-02	
-2.1287982327515689E-01	
3.9928969638829298E-01	
1.8459957321129370E+00	

c
0.0000000000000000E+00	
-1.9085116708850691E-01	
-1.9989547896839399E-01	
-4.3574150462924283E-01	
-1.5788226047586748E-01	
1.5811949872165259E-02	
8.7341528384973069E-02	
-9.5982069243428746E-03	
1.5716834121610103E-02	
1.6834316903142033E-01	
3.3861477977205201E-01	
1.2643445486099272E-01	
3.6771507260260333E-01	

r
0.0000000000000000E+00	

errcoeff
1.4838753216246156E-03	

==============================================================

