#stage		 order
7	 		2


A
0.0000000000000000E+00	0.0000000000000000E+00	0.0000000000000000E+00	0.0000000000000000E+00	0.0000000000000000E+00	0.0000000000000000E+00	0.0000000000000000E+00	
-1.1337961598628438E-01	0.0000000000000000E+00	0.0000000000000000E+00	0.0000000000000000E+00	0.0000000000000000E+00	0.0000000000000000E+00	0.0000000000000000E+00	
4.9090765621516896E-01	-6.1713685136460583E-01	0.0000000000000000E+00	0.0000000000000000E+00	0.0000000000000000E+00	0.0000000000000000E+00	0.0000000000000000E+00	
1.6662066222321747E-01	6.9815807743742009E-01	-1.0864612524274377E+00	0.0000000000000000E+00	0.0000000000000000E+00	0.0000000000000000E+00	0.0000000000000000E+00	
5.7802640226856650E-01	-5.6363074364827778E-02	1.8737809706024136E-01	-6.9282523406536656E-01	0.0000000000000000E+00	0.0000000000000000E+00	0.0000000000000000E+00	
4.3068850528773511E-01	-1.8849491103347542E-02	-1.2594373860907290E-03	-1.6463599003559251E-01	1.4372421246057160E-03	0.0000000000000000E+00	0.0000000000000000E+00	
-2.4242018398552067E-02	-1.6239180028575197E-02	3.3338015939330290E-01	-1.8997799573937288E-01	-1.3140744120934411E-01	6.0238108463047590E-01	0.0000000000000000E+00	

b
2.3832200761181541E-01	
-9.8170718011488869E-02	
4.3056840736034174E-01	
-1.4639254404818947E-01	
-2.1898076503389534E-02	
-5.1507611829522437E-01	
1.1126470418861352E+00	

c
0.0000000000000000E+00	
-1.1337961598628438E-01	
-1.2622919514943681E-01	
-2.2168251276680020E-01	
1.6216190898613449E-02	
2.4738082888731000E-01	
5.7389460864793451E-01	

r
0.0000000000000000E+00	

errcoeff
2.4891700873602776E-03	

==============================================================

