#stage		 order
5	 		4


A
0.0000000000000000E+00	0.0000000000000000E+00	0.0000000000000000E+00	0.0000000000000000E+00	0.0000000000000000E+00	
-7.3338554441062043E-03	0.0000000000000000E+00	0.0000000000000000E+00	0.0000000000000000E+00	0.0000000000000000E+00	
4.6893716621648424E-01	-4.0316005478122124E-01	0.0000000000000000E+00	0.0000000000000000E+00	0.0000000000000000E+00	
-1.4040296325138218E+01	1.1559567900255740E+01	2.9309560349599053E+00	0.0000000000000000E+00	0.0000000000000000E+00	
5.0000000000000000E+01	-4.4311767314559113E+01	-5.6363862244964782E+00	6.4400145058346825E-01	0.0000000000000000E+00	

b
1.8815477005435657E-01	
-1.0056771673896505E+00	
1.3962456221307240E+00	
-4.3823307892751834E-01	
8.5950985413208825E-01	

c
0.0000000000000000E+00	
-7.3338554441062043E-03	
6.5777111435262978E-02	
4.5022761007742684E-01	
6.9584791152787751E-01	

r
0.0000000000000000E+00	

errcoeff
8.8754924355237044E-03	

==============================================================

