#stage		 order
10	 		3


A
0.0000000000000000E+00	0.0000000000000000E+00	0.0000000000000000E+00	0.0000000000000000E+00	0.0000000000000000E+00	0.0000000000000000E+00	0.0000000000000000E+00	0.0000000000000000E+00	0.0000000000000000E+00	0.0000000000000000E+00	
-4.6314635663936329E-02	0.0000000000000000E+00	0.0000000000000000E+00	0.0000000000000000E+00	0.0000000000000000E+00	0.0000000000000000E+00	0.0000000000000000E+00	0.0000000000000000E+00	0.0000000000000000E+00	0.0000000000000000E+00	
-2.7750899485264530E-01	9.9998245437207783E-02	0.0000000000000000E+00	0.0000000000000000E+00	0.0000000000000000E+00	0.0000000000000000E+00	0.0000000000000000E+00	0.0000000000000000E+00	0.0000000000000000E+00	0.0000000000000000E+00	
-4.5964855905561469E-01	9.5391639946178541E-01	-3.1488572837854661E-01	0.0000000000000000E+00	0.0000000000000000E+00	0.0000000000000000E+00	0.0000000000000000E+00	0.0000000000000000E+00	0.0000000000000000E+00	0.0000000000000000E+00	
4.9794043477746475E-01	-2.0359841825658950E-01	-1.1056491572027680E-01	6.2069263464167113E-01	0.0000000000000000E+00	0.0000000000000000E+00	0.0000000000000000E+00	0.0000000000000000E+00	0.0000000000000000E+00	0.0000000000000000E+00	
5.1266706525219596E-01	5.3270471409933018E-01	-2.7707839068211160E-01	-1.4384965155934648E-01	-1.7489511624943418E-01	0.0000000000000000E+00	0.0000000000000000E+00	0.0000000000000000E+00	0.0000000000000000E+00	0.0000000000000000E+00	
2.6818101560567992E-01	6.8241211301632854E-01	-8.4560324141582788E-01	1.9232977426324693E-02	6.4839427788563886E-01	-1.8095971132479191E-01	0.0000000000000000E+00	0.0000000000000000E+00	0.0000000000000000E+00	0.0000000000000000E+00	
1.3542294257133630E-01	5.0814266626365956E-01	-2.4257178782286451E-01	9.1722187038680836E-01	-1.1316618010451855E-01	-6.7062775352144532E-01	-2.2758800796941872E-01	0.0000000000000000E+00	0.0000000000000000E+00	0.0000000000000000E+00	
3.2504313066117652E-01	-2.4131378132865522E-01	-1.3299511671654049E-01	3.8315625100279987E-01	-3.9563265766096783E-01	1.6332373452645965E-01	2.1092033696594048E-01	-3.8288838167441319E-01	0.0000000000000000E+00	0.0000000000000000E+00	
-1.3937728872629110E-01	-5.3678414360747051E-01	-8.2320093651361081E-01	-2.9150826496794102E-01	1.3044757142521940E-01	-2.2694210088236730E-01	7.1161154238322988E-01	4.4166725585514077E-01	-7.5453033353678634E-01	0.0000000000000000E+00	

b
2.7802202885403382E-01	
-2.9998365229168822E-01	
3.7096889408584977E-01	
-5.0327175428615356E-01	
1.3901843620468396E-01	
7.9769392841080544E-01	
3.7792311930466532E-01	
-2.1048516728856997E-01	
6.1612472518237600E-02	
-1.1498305511863984E-02	

c
0.0000000000000000E+00	
-4.6314635663936329E-02	
-1.7751074941543749E-01	
1.7938211202762408E-01	
8.0446973544226963E-01	
4.4954862086063391E-01	
5.9165743119335223E-01	
3.0683374980355727E-01	
-7.0386484224200227E-02	
-1.4886166985708771E+00	

r
0.0000000000000000E+00	

errcoeff
1.5543870386219192E-03	

==============================================================

