#stage		 order
14	 		3


A
0.0000000000000000E+00	0.0000000000000000E+00	0.0000000000000000E+00	0.0000000000000000E+00	0.0000000000000000E+00	0.0000000000000000E+00	0.0000000000000000E+00	0.0000000000000000E+00	0.0000000000000000E+00	0.0000000000000000E+00	0.0000000000000000E+00	0.0000000000000000E+00	0.0000000000000000E+00	0.0000000000000000E+00	
-5.4902673668753579E-02	0.0000000000000000E+00	0.0000000000000000E+00	0.0000000000000000E+00	0.0000000000000000E+00	0.0000000000000000E+00	0.0000000000000000E+00	0.0000000000000000E+00	0.0000000000000000E+00	0.0000000000000000E+00	0.0000000000000000E+00	0.0000000000000000E+00	0.0000000000000000E+00	0.0000000000000000E+00	
1.8127920757085910E-02	-9.8891326797596435E-02	0.0000000000000000E+00	0.0000000000000000E+00	0.0000000000000000E+00	0.0000000000000000E+00	0.0000000000000000E+00	0.0000000000000000E+00	0.0000000000000000E+00	0.0000000000000000E+00	0.0000000000000000E+00	0.0000000000000000E+00	0.0000000000000000E+00	0.0000000000000000E+00	
3.7542323607627513E-02	4.2354948891500502E-02	-5.3957352152148870E-02	0.0000000000000000E+00	0.0000000000000000E+00	0.0000000000000000E+00	0.0000000000000000E+00	0.0000000000000000E+00	0.0000000000000000E+00	0.0000000000000000E+00	0.0000000000000000E+00	0.0000000000000000E+00	0.0000000000000000E+00	0.0000000000000000E+00	
3.2460509362837470E-01	-4.4383398567963356E-01	1.4316541491631016E-01	-3.2216585994286430E-02	0.0000000000000000E+00	0.0000000000000000E+00	0.0000000000000000E+00	0.0000000000000000E+00	0.0000000000000000E+00	0.0000000000000000E+00	0.0000000000000000E+00	0.0000000000000000E+00	0.0000000000000000E+00	0.0000000000000000E+00	
3.8956053590221723E-01	-4.2550278769637212E-01	3.0356466941961485E-01	-4.9974372053295946E-01	2.5789301257003217E-01	0.0000000000000000E+00	0.0000000000000000E+00	0.0000000000000000E+00	0.0000000000000000E+00	0.0000000000000000E+00	0.0000000000000000E+00	0.0000000000000000E+00	0.0000000000000000E+00	0.0000000000000000E+00	
-8.0018636232031523E-02	1.4529729068823868E-01	-3.9596579498938178E-01	2.5033732779416329E-01	3.0405283042228032E-01	-9.7171573642476829E-03	0.0000000000000000E+00	0.0000000000000000E+00	0.0000000000000000E+00	0.0000000000000000E+00	0.0000000000000000E+00	0.0000000000000000E+00	0.0000000000000000E+00	0.0000000000000000E+00	
5.3370499526692994E-01	3.0928038723216300E-01	-9.4593845220855552E-02	-2.6180610369075602E-01	-4.3515002546078152E-01	-8.9185321378151702E-02	2.3198442504442052E-01	0.0000000000000000E+00	0.0000000000000000E+00	0.0000000000000000E+00	0.0000000000000000E+00	0.0000000000000000E+00	0.0000000000000000E+00	0.0000000000000000E+00	
5.4407289376669665E-01	-3.1519543725458926E-01	2.1171184406004029E-01	1.1987647787608359E-01	-4.1576759789440143E-01	-1.5747756591610172E-02	-2.4321647901082888E-01	2.9716716493034567E-01	0.0000000000000000E+00	0.0000000000000000E+00	0.0000000000000000E+00	0.0000000000000000E+00	0.0000000000000000E+00	0.0000000000000000E+00	
-4.3189481622239007E-01	-2.4528965928891758E-01	6.1478186410603340E-02	1.2359333093411402E-01	4.7604770784133021E-01	3.0704764005842372E-01	-2.4184024821140002E-01	4.9713106200045448E-01	-2.1875959352696273E-01	0.0000000000000000E+00	0.0000000000000000E+00	0.0000000000000000E+00	0.0000000000000000E+00	0.0000000000000000E+00	
-1.9818703116654554E-02	-2.0864048769306148E-01	-1.8181055048983211E-01	1.5443471940435360E-01	3.5494427774796466E-01	1.8472249708006837E-02	1.5874393916796881E-01	1.0422983891501106E-01	1.9217568688817438E-02	4.0062680261451744E-01	0.0000000000000000E+00	0.0000000000000000E+00	0.0000000000000000E+00	0.0000000000000000E+00	
-2.4500034506974805E-01	-3.0380781150719077E-01	1.9488065076165381E-01	2.4907426380388353E-02	3.4314522544514892E-01	3.6719673842713757E-01	-2.7848375088761362E-01	1.3456577488652560E-01	4.7440989988685817E-01	-4.1093940632973558E-01	9.8736857444372411E-02	0.0000000000000000E+00	0.0000000000000000E+00	0.0000000000000000E+00	
-3.7642896205888499E-01	9.9586901653207105E-02	2.0440807028254485E-01	2.4591974803755179E-01	1.6226432469663041E-01	7.2868983803169723E-02	3.8743027877957736E-01	3.8510024039870534E-02	4.5646587896513047E-01	-3.4943410389589508E-01	-3.4730987673898395E-01	-1.9401004160991667E-01	0.0000000000000000E+00	0.0000000000000000E+00	
1.8712578856883624E-01	-1.1419578972259257E-01	3.3360895027183368E-01	-3.3039278091745322E-01	-4.6597249609395019E-01	-5.4641392226368594E-02	-5.2520196847225786E-01	3.6028724985097388E-01	3.1959514997156135E-01	2.8879194571532241E-01	-4.0647930563945094E-03	-8.8510486254487541E-02	6.1648114601807372E-02	0.0000000000000000E+00	

b
2.9815633386705659E-01	
2.0031969307179773E-01	
4.5112483236305423E-01	
4.0124035114833795E-01	
-3.9571441392015533E-01	
-4.5899166950348064E-01	
4.3097166080587578E-02	
3.8699955539832254E-01	
3.4477860885634953E-01	
1.4148347964323760E-01	
4.8730129466153682E-01	
1.1767404781157145E-01	
-2.7245203223925396E-01	
-7.4501724723896212E-01	

c
0.0000000000000000E+00	
-5.4902673668753579E-02	
-8.0763406040510521E-02	
2.5939920346979142E-02	
-8.2800631292350921E-03	
2.5771709662532647E-02	
2.1398586031902136E-01	
1.9423451179296861E-01	
1.8290110988173644E-01	
3.2751360999525525E-01	
8.0039965494709187E-01	
3.9961125943779691E-01	
4.0027122595400144E-01	
-3.1922507763169537E-02	

r
0.0000000000000000E+00	

errcoeff
7.2419783558126465E-04	

==============================================================

