#stage		 order
11	 		2


A
0.0000000000000000E+00	0.0000000000000000E+00	0.0000000000000000E+00	0.0000000000000000E+00	0.0000000000000000E+00	0.0000000000000000E+00	0.0000000000000000E+00	0.0000000000000000E+00	0.0000000000000000E+00	0.0000000000000000E+00	0.0000000000000000E+00	
-1.5788995816274551E-01	0.0000000000000000E+00	0.0000000000000000E+00	0.0000000000000000E+00	0.0000000000000000E+00	0.0000000000000000E+00	0.0000000000000000E+00	0.0000000000000000E+00	0.0000000000000000E+00	0.0000000000000000E+00	0.0000000000000000E+00	
4.1236651375695085E-02	-1.0568089231733213E-01	0.0000000000000000E+00	0.0000000000000000E+00	0.0000000000000000E+00	0.0000000000000000E+00	0.0000000000000000E+00	0.0000000000000000E+00	0.0000000000000000E+00	0.0000000000000000E+00	0.0000000000000000E+00	
-3.1243909626661025E-02	5.0920408764243863E-02	1.4552504059445907E-02	0.0000000000000000E+00	0.0000000000000000E+00	0.0000000000000000E+00	0.0000000000000000E+00	0.0000000000000000E+00	0.0000000000000000E+00	0.0000000000000000E+00	0.0000000000000000E+00	
-9.7854863824455227E-03	-4.6113546488096367E-02	8.2208532260951220E-02	1.3959670266456981E-01	0.0000000000000000E+00	0.0000000000000000E+00	0.0000000000000000E+00	0.0000000000000000E+00	0.0000000000000000E+00	0.0000000000000000E+00	0.0000000000000000E+00	
1.6242270600993081E-01	-8.8048979630908075E-02	1.8094679946546954E-02	7.4386519364676107E-02	-1.0868735836711871E-01	0.0000000000000000E+00	0.0000000000000000E+00	0.0000000000000000E+00	0.0000000000000000E+00	0.0000000000000000E+00	0.0000000000000000E+00	
-1.4356121439404551E-01	-1.6364911799492324E-01	1.7037762723172717E-01	1.8771326379301692E-01	-3.6555169014352484E-01	3.4352734873084256E-01	0.0000000000000000E+00	0.0000000000000000E+00	0.0000000000000000E+00	0.0000000000000000E+00	0.0000000000000000E+00	
4.6471944519873865E-01	-3.4416134792684083E-01	8.5803187064389511E-02	-2.1894823598274674E-02	3.2760717888089647E-01	1.0789210818659332E-02	-3.5343338408170827E-01	0.0000000000000000E+00	0.0000000000000000E+00	0.0000000000000000E+00	0.0000000000000000E+00	
7.9272685393639505E-02	1.3810972433936555E-01	-2.0024628779749076E-01	1.0579768884912953E-01	6.2415990597763693E-01	-1.2669069365415292E-01	-2.3484107090697340E-01	-6.8855624319267825E-02	0.0000000000000000E+00	0.0000000000000000E+00	0.0000000000000000E+00	
4.9705657181430657E-01	-1.3028469283376862E-01	-8.1590841914045226E-02	-2.4016169276299265E-01	-7.3286618745481272E-02	1.4592070875957611E-01	-9.6336008770704598E-02	2.8021424713906151E-01	-1.0888834609484692E-01	0.0000000000000000E+00	0.0000000000000000E+00	
3.3495003572660453E-01	-4.1083867145242597E-01	3.1690995192352578E-01	-2.2380925945974517E-01	-6.2247933294051039E-02	-2.0612760007465200E-01	2.6267972292185737E-01	8.5057743157865351E-02	1.6083868163292753E-01	2.5051980075781100E-01	0.0000000000000000E+00	

b
3.4975173563803488E-02	
3.1141412293326221E-01	
1.7028839544489119E-01	
-3.3932481617997734E-01	
-2.3616858500926784E-02	
-9.1570933516405800E-02	
1.5652435765335641E-02	
-5.0031489273555350E-02	
-4.2639155823760588E-01	
-4.3361915607515372E-02	
1.4419674436086940E+00	

c
0.0000000000000000E+00	
-1.5788995816274551E-01	
-6.4444240941637046E-02	
3.4229003197028748E-02	
1.6590620205497919E-01	
5.8167567323127091E-02	
2.8856217223093072E-02	
1.6942946635586015E-01	
3.1670632788188657E-01	
1.9264332659110492E-01	
5.0793247183971735E-01	

r
0.0000000000000000E+00	

errcoeff
1.9654429456840553E-03	

==============================================================

