#stage		 order
14	 		4


A
0.0000000000000000E+00	0.0000000000000000E+00	0.0000000000000000E+00	0.0000000000000000E+00	0.0000000000000000E+00	0.0000000000000000E+00	0.0000000000000000E+00	0.0000000000000000E+00	0.0000000000000000E+00	0.0000000000000000E+00	0.0000000000000000E+00	0.0000000000000000E+00	0.0000000000000000E+00	0.0000000000000000E+00	
-6.3928151144278245E-03	0.0000000000000000E+00	0.0000000000000000E+00	0.0000000000000000E+00	0.0000000000000000E+00	0.0000000000000000E+00	0.0000000000000000E+00	0.0000000000000000E+00	0.0000000000000000E+00	0.0000000000000000E+00	0.0000000000000000E+00	0.0000000000000000E+00	0.0000000000000000E+00	0.0000000000000000E+00	
-1.7639425867077732E-01	1.4566476863694219E-01	0.0000000000000000E+00	0.0000000000000000E+00	0.0000000000000000E+00	0.0000000000000000E+00	0.0000000000000000E+00	0.0000000000000000E+00	0.0000000000000000E+00	0.0000000000000000E+00	0.0000000000000000E+00	0.0000000000000000E+00	0.0000000000000000E+00	0.0000000000000000E+00	
-3.6063920539019600E-01	3.6190440089536569E-01	-5.7508882628648804E-02	0.0000000000000000E+00	0.0000000000000000E+00	0.0000000000000000E+00	0.0000000000000000E+00	0.0000000000000000E+00	0.0000000000000000E+00	0.0000000000000000E+00	0.0000000000000000E+00	0.0000000000000000E+00	0.0000000000000000E+00	0.0000000000000000E+00	
3.6490485246135622E-02	1.8974570649764969E-01	-2.5829532961204754E-01	8.2411439070078946E-02	0.0000000000000000E+00	0.0000000000000000E+00	0.0000000000000000E+00	0.0000000000000000E+00	0.0000000000000000E+00	0.0000000000000000E+00	0.0000000000000000E+00	0.0000000000000000E+00	0.0000000000000000E+00	0.0000000000000000E+00	
-6.5805019798521894E-02	-7.8693599130476397E-02	-8.3615926444509686E-02	-9.5030255817972878E-02	5.0636203661984980E-01	0.0000000000000000E+00	0.0000000000000000E+00	0.0000000000000000E+00	0.0000000000000000E+00	0.0000000000000000E+00	0.0000000000000000E+00	0.0000000000000000E+00	0.0000000000000000E+00	0.0000000000000000E+00	
-9.0666646951668026E-02	4.0511941896804002E-02	-3.0094210766596524E-01	5.8869936858119631E-01	-2.4610660984868105E-01	7.1988797234792137E-02	0.0000000000000000E+00	0.0000000000000000E+00	0.0000000000000000E+00	0.0000000000000000E+00	0.0000000000000000E+00	0.0000000000000000E+00	0.0000000000000000E+00	0.0000000000000000E+00	
4.3924460966512047E-01	4.0266231389998225E-01	-3.7225329730548473E-01	-6.3242738463096537E-01	-3.5592937259784067E-02	5.1037917221837192E-01	2.5746407216833112E-01	0.0000000000000000E+00	0.0000000000000000E+00	0.0000000000000000E+00	0.0000000000000000E+00	0.0000000000000000E+00	0.0000000000000000E+00	0.0000000000000000E+00	
-5.6475490161841231E-02	-2.1871879605921934E-01	1.5019307630662762E-01	-1.9814024057767834E-01	3.6017905384880089E-01	3.1658841284811923E-01	4.2989921844681533E-02	-1.0303091341965910E-01	0.0000000000000000E+00	0.0000000000000000E+00	0.0000000000000000E+00	0.0000000000000000E+00	0.0000000000000000E+00	0.0000000000000000E+00	
-2.1984503852480805E-01	-2.3202457562009240E-01	9.3187616273909188E-02	3.4920731364604291E-01	-1.1657200925403433E-01	3.5100204310117306E-01	2.1794782404115892E-01	2.0782665002872891E-01	-1.9596992570321600E-01	0.0000000000000000E+00	0.0000000000000000E+00	0.0000000000000000E+00	0.0000000000000000E+00	0.0000000000000000E+00	
4.3936034545201386E-01	-2.4509945536878769E-01	2.8083733680517914E-01	-2.6369982825728167E-01	-3.8595994353438484E-01	2.6620386676034158E-01	2.2418579039513678E-01	1.0938992780634910E-01	-1.2782723655840042E-01	-1.9098126889649161E-01	0.0000000000000000E+00	0.0000000000000000E+00	0.0000000000000000E+00	0.0000000000000000E+00	
-8.4777503670107737E-02	4.4440221185139978E-01	-2.3809337156319452E-01	-3.0989646580582197E-01	1.5845404553478903E-01	-2.3032170852882336E-01	3.5001491119942191E-01	3.1077258943837577E-01	1.7355511676088128E-01	-4.2265667067758828E-01	2.4219482296197356E-01	0.0000000000000000E+00	0.0000000000000000E+00	0.0000000000000000E+00	
-3.0255530594412661E-01	-2.6359488514890950E-01	4.3773872940806119E-01	7.3887240379602592E-02	-3.1464216505447695E-01	1.6015197880722261E-02	1.0942784444717013E-01	-2.4904785184735170E-01	4.1560918623157644E-01	-6.3472412381924567E-02	-1.5812736838534517E-02	2.3169459342696469E-01	0.0000000000000000E+00	0.0000000000000000E+00	
3.2134841619910648E-01	3.2535503173596586E-01	-1.0624608436077161E-01	-4.1501849098538707E-01	2.3923244009066549E-01	8.0644616798536461E-02	5.1636501240494481E-01	4.2929275574953718E-01	-4.1880172028155149E-01	3.6392782321281786E-01	-5.8860071611339959E-01	1.4165232546266995E-01	-4.3099404105053765E-02	0.0000000000000000E+00	

b
2.3468228968231453E-01	
5.7718602698717991E-01	
-8.8778853029759686E-02	
-3.3005264895010855E-01	
1.2934722092025819E-01	
-1.6780066361663520E-01	
-2.9596172916561159E-01	
-3.7732593266443716E-02	
2.8675740578105924E-01	
2.1199532315755740E-01	
1.0334460201659626E-01	
1.3818981549223749E-01	
-1.2825463538310850E-01	
3.6707843937446438E-01	

c
0.0000000000000000E+00	
-6.3928151144278245E-03	
-3.0729490033835134E-02	
-5.6243687123479089E-02	
5.0352301201816697E-02	
1.8321723542836893E-01	
6.3484743246478167E-02	
5.6947654875557174E-01	
2.9358502462983127E-01	
4.5475989798886235E-01	
1.0640953460367419E-01	
3.9364797750130548E-01	
7.5247434558773446E-02	
8.4605200580808049E-01	

r
0.0000000000000000E+00	

errcoeff
2.1569123956465498E-04	

==============================================================

