#stage		 order
5	 		3


A
0.0000000000000000E+00	0.0000000000000000E+00	0.0000000000000000E+00	0.0000000000000000E+00	0.0000000000000000E+00	
2.2235518988515862E-01	0.0000000000000000E+00	0.0000000000000000E+00	0.0000000000000000E+00	0.0000000000000000E+00	
1.8350430164173934E-01	-1.8698290722148725E-01	0.0000000000000000E+00	0.0000000000000000E+00	0.0000000000000000E+00	
7.6934397377732133E-01	5.3441102666107972E-02	-3.2585728767486721E-01	0.0000000000000000E+00	0.0000000000000000E+00	
1.0773959945367437E+00	9.1696023083639805E-02	-7.5403890057169198E-01	2.4431394867794570E-01	0.0000000000000000E+00	

b
-5.9502757955500840E-01	
1.0836267689385137E+00	
4.4554309705985196E-01	
-1.3369637531951681E+00	
1.4028214667518106E+00	

c
0.0000000000000000E+00	
2.2235518988515862E-01	
-3.4786055797479181E-03	
4.9692778876856208E-01	
6.5936706572663728E-01	

r
0.0000000000000000E+00	

errcoeff
1.1339804910073891E-02	

==============================================================

