#stage		 order
8	 		3


A
0.0000000000000000E+00	0.0000000000000000E+00	0.0000000000000000E+00	0.0000000000000000E+00	0.0000000000000000E+00	0.0000000000000000E+00	0.0000000000000000E+00	0.0000000000000000E+00	
3.1527074225939283E-01	0.0000000000000000E+00	0.0000000000000000E+00	0.0000000000000000E+00	0.0000000000000000E+00	0.0000000000000000E+00	0.0000000000000000E+00	0.0000000000000000E+00	
3.0872553667691061E-01	3.0980229183500424E-01	0.0000000000000000E+00	0.0000000000000000E+00	0.0000000000000000E+00	0.0000000000000000E+00	0.0000000000000000E+00	0.0000000000000000E+00	
2.9672344529279704E-01	1.7440912065210099E-01	1.7810664421762248E-01	0.0000000000000000E+00	0.0000000000000000E+00	0.0000000000000000E+00	0.0000000000000000E+00	0.0000000000000000E+00	
1.9117574053348124E-01	1.1369510803749744E-01	1.1283454826781243E-01	2.0041178630710058E-01	0.0000000000000000E+00	0.0000000000000000E+00	0.0000000000000000E+00	0.0000000000000000E+00	
1.2753204251177994E-01	8.1004032488949648E-02	7.7192381333408958E-02	1.1561094585895557E-01	1.8243513045477133E-01	0.0000000000000000E+00	0.0000000000000000E+00	0.0000000000000000E+00	
1.4394212587816102E-01	1.0320825083375669E-01	6.7795374892298685E-02	1.0149152853970196E-01	1.6014637791489464E-01	2.7770376768693261E-01	0.0000000000000000E+00	0.0000000000000000E+00	
1.4806705298321637E-01	1.0840454882771784E-01	7.4034144759770312E-02	9.8883069161699005E-02	1.5602819403811899E-01	2.7056258179136417E-01	3.0821796631272680E-01	0.0000000000000000E+00	

b
1.8269983185021593E-01	
1.2571817197092436E-01	
1.2015865748585623E-01	
1.4505641270789202E-01	
1.6338910402712328E-01	
1.7559704873207557E-01	
4.3122908563103260E-02	
4.4257864662809225E-02	

c
0.0000000000000000E+00	
3.1527074225939283E-01	
6.1852782851191479E-01	
6.4923921016252051E-01	
6.1811718314589170E-01	
5.8377453264786539E-01	
8.5428742574574568E-01	
1.1641975578746133E+00	

r
3.1608527086344802E+00	

errcoeff
7.7444467986195345E-03	

v_opt
1.0000000000000000E+00	
3.4756203850483391E-03	
2.0760586712187279E-02	
4.8497284859080891E-02	
3.5634658460203394E-01	
3.6772485451206516E-01	
2.0715467287988343E-02	
3.6782034542170994E-04	
2.1193047317069613E-12	

alpha_opt
0.0000000000000000E+00	0.0000000000000000E+00	0.0000000000000000E+00	0.0000000000000000E+00	0.0000000000000000E+00	0.0000000000000000E+00	0.0000000000000000E+00	0.0000000000000000E+00	0.0000000000000000E+00	
9.9652437961495166E-01	0.0000000000000000E+00	0.0000000000000000E+00	0.0000000000000000E+00	0.0000000000000000E+00	0.0000000000000000E+00	0.0000000000000000E+00	0.0000000000000000E+00	0.0000000000000000E+00	
8.6696057184499996E-12	9.7923941327914310E-01	0.0000000000000000E+00	0.0000000000000000E+00	0.0000000000000000E+00	0.0000000000000000E+00	0.0000000000000000E+00	0.0000000000000000E+00	0.0000000000000000E+00	
3.8853360970028200E-01	2.3664456887148259E-07	5.6296886879606822E-01	0.0000000000000000E+00	0.0000000000000000E+00	0.0000000000000000E+00	0.0000000000000000E+00	0.0000000000000000E+00	0.0000000000000000E+00	
2.8696654118311336E-05	1.0124286352013418E-02	2.8294806388750537E-05	6.3347213758544563E-01	0.0000000000000000E+00	0.0000000000000000E+00	0.0000000000000000E+00	0.0000000000000000E+00	0.0000000000000000E+00	
5.9600276764767536E-03	1.1275259200330574E-02	3.8252184177859437E-02	1.3709819034232322E-04	5.7665057624292571E-01	0.0000000000000000E+00	0.0000000000000000E+00	0.0000000000000000E+00	0.0000000000000000E+00	
9.4398864127223230E-13	1.0136151009806200E-01	9.9557057618546187E-05	1.6396959415135916E-05	2.6362312528945244E-05	8.7778070628344307E-01	0.0000000000000000E+00	0.0000000000000000E+00	0.0000000000000000E+00	
8.9877324920545761E-06	1.1251716007283684E-04	2.5227857222853780E-02	4.4507428142803079E-06	5.8176595082145006E-16	4.6773135606522641E-05	9.7423159366073819E-01	0.0000000000000000E+00	0.0000000000000000E+00	
2.4234608910080786E-05	1.3895478641765991E-04	9.6892762870061336E-02	1.3126701932320087E-01	1.9638323470694427E-01	4.3538382222871619E-01	1.7380077054329263E-05	1.3989259139657595E-01	0.0000000000000000E+00	

beta_opt
0.0000000000000000E+00	0.0000000000000000E+00	0.0000000000000000E+00	0.0000000000000000E+00	0.0000000000000000E+00	0.0000000000000000E+00	0.0000000000000000E+00	0.0000000000000000E+00	0.0000000000000000E+00	
3.1527074225939283E-01	0.0000000000000000E+00	0.0000000000000000E+00	0.0000000000000000E+00	0.0000000000000000E+00	0.0000000000000000E+00	0.0000000000000000E+00	0.0000000000000000E+00	0.0000000000000000E+00	
2.7428059823364492E-12	3.0980229183500424E-01	0.0000000000000000E+00	0.0000000000000000E+00	0.0000000000000000E+00	0.0000000000000000E+00	0.0000000000000000E+00	0.0000000000000000E+00	0.0000000000000000E+00	
1.2292050453422873E-01	7.4867319260762955E-08	1.7810664421762248E-01	0.0000000000000000E+00	0.0000000000000000E+00	0.0000000000000000E+00	0.0000000000000000E+00	0.0000000000000000E+00	0.0000000000000000E+00	
9.0787698016348006E-06	3.2030237677468862E-03	8.9516371046677312E-06	2.0041178630710058E-01	0.0000000000000000E+00	0.0000000000000000E+00	0.0000000000000000E+00	0.0000000000000000E+00	0.0000000000000000E+00	
1.8855758954691992E-03	3.5671574223089218E-03	1.2101855956054529E-02	4.3373799091944720E-05	1.8243513045477133E-01	0.0000000000000000E+00	0.0000000000000000E+00	0.0000000000000000E+00	0.0000000000000000E+00	
2.9864999362416711E-13	3.2067773933936866E-02	3.1496898715802642E-05	5.1875113859276408E-06	8.3402533933851775E-06	2.7770376768693261E-01	0.0000000000000000E+00	0.0000000000000000E+00	0.0000000000000000E+00	
2.8434518532238773E-06	3.5597090546634486E-05	7.9813453990320842E-03	1.4080829524772807E-06	1.8405348317478143E-16	1.4797632132357297E-05	3.0821796631272680E-01	0.0000000000000000E+00	0.0000000000000000E+00	
7.6671111071055509E-06	4.3961170996456925E-05	3.0653994919232028E-02	4.1528989619094181E-02	6.2129827869622081E-02	1.3774252151745292E-01	5.4985406333571407E-06	4.4257864662809225E-02	0.0000000000000000E+00	

==============================================================

