#stage		 order
8	 		4


A
0.0000000000000000E+00	0.0000000000000000E+00	0.0000000000000000E+00	0.0000000000000000E+00	0.0000000000000000E+00	0.0000000000000000E+00	0.0000000000000000E+00	0.0000000000000000E+00	
3.6207759491852687E-01	0.0000000000000000E+00	0.0000000000000000E+00	0.0000000000000000E+00	0.0000000000000000E+00	0.0000000000000000E+00	0.0000000000000000E+00	0.0000000000000000E+00	
1.8195650435242028E-01	1.8195650435242025E-01	0.0000000000000000E+00	0.0000000000000000E+00	0.0000000000000000E+00	0.0000000000000000E+00	0.0000000000000000E+00	0.0000000000000000E+00	
1.3419573938703122E-01	1.3419573938703119E-01	2.6703783268698184E-01	0.0000000000000000E+00	0.0000000000000000E+00	0.0000000000000000E+00	0.0000000000000000E+00	0.0000000000000000E+00	
1.3419573938703164E-01	1.3419573938703164E-01	2.6703783268698278E-01	3.6207759491852815E-01	0.0000000000000000E+00	0.0000000000000000E+00	0.0000000000000000E+00	0.0000000000000000E+00	
1.0962555577998490E-01	1.0962477279648832E-01	1.5829665716190691E-01	4.8846969150566945E-02	4.8846969150566771E-02	0.0000000000000000E+00	0.0000000000000000E+00	0.0000000000000000E+00	
8.8927981601225961E-02	8.8927455272649988E-02	1.1803987869490286E-01	4.8582254341138997E-02	3.2835373701909407E-02	2.4339182849997679E-01	0.0000000000000000E+00	0.0000000000000000E+00	
1.0045879295264938E-01	1.0045833446969923E-01	1.4858006522177392E-01	4.5813914037721684E-02	3.1698555345789463E-02	2.1201775596005015E-01	3.1540450487246102E-01	0.0000000000000000E+00	

b
1.4062204520265631E-01	
1.4062180619596318E-01	
1.4669507056867057E-01	
1.1061360226420157E-01	
3.5943435021524056E-02	
1.1052463972304566E-01	
1.4663992163871081E-01	
1.6833947938522786E-01	

c
0.0000000000000000E+00	
3.6207759491852687E-01	
3.6391300870484050E-01	
5.3542931146104422E-01	
8.9750690637957420E-01	
4.7524092403951385E-01	
6.2070477211180397E-01	
9.5443192286014489E-01	

r
2.7618389373830645E+00	

errcoeff
2.8671505793068900E-03	

v_opt
1.0000000000000000E+00	
3.2005953443103863E-11	
4.9746544136937454E-01	
2.6248451594245203E-01	
8.3977269582646841E-12	
4.4433389948410584E-01	
2.5831347895354873E-01	
9.1097129839567970E-12	
8.9639767365540690E-02	

alpha_opt
0.0000000000000000E+00	0.0000000000000000E+00	0.0000000000000000E+00	0.0000000000000000E+00	0.0000000000000000E+00	0.0000000000000000E+00	0.0000000000000000E+00	0.0000000000000000E+00	0.0000000000000000E+00	
9.9999999996799405E-01	0.0000000000000000E+00	0.0000000000000000E+00	0.0000000000000000E+00	0.0000000000000000E+00	0.0000000000000000E+00	0.0000000000000000E+00	0.0000000000000000E+00	0.0000000000000000E+00	
1.6084205342632500E-11	5.0253455861454122E-01	0.0000000000000000E+00	0.0000000000000000E+00	0.0000000000000000E+00	0.0000000000000000E+00	0.0000000000000000E+00	0.0000000000000000E+00	0.0000000000000000E+00	
0.0000000000000000E+00	1.1862275833568495E-11	7.3751548404568568E-01	0.0000000000000000E+00	0.0000000000000000E+00	0.0000000000000000E+00	0.0000000000000000E+00	0.0000000000000000E+00	0.0000000000000000E+00	
-7.6656429462270399E-17	-3.5770509772849993E-17	2.3604814324316924E-11	9.9999999996799760E-01	0.0000000000000000E+00	0.0000000000000000E+00	0.0000000000000000E+00	0.0000000000000000E+00	0.0000000000000000E+00	
2.1624769665986462E-06	8.3062946948422603E-02	3.3769352971732031E-01	4.3178458664286703E-12	1.3490746136886683E-01	0.0000000000000000E+00	0.0000000000000000E+00	0.0000000000000000E+00	0.0000000000000000E+00	
8.3026578750585069E-13	2.5937794899063556E-02	4.9349082717073593E-05	4.3490348090355534E-02	2.9024998810520408E-12	6.7220902897058232E-01	0.0000000000000000E+00	0.0000000000000000E+00	0.0000000000000000E+00	
-3.8328214731135200E-17	2.6403923846131728E-12	1.1925345711022761E-01	1.1000597425491125E-03	8.5500405618227204E-03	1.8741347157083179E-11	8.7109644255490914E-01	0.0000000000000000E+00	0.0000000000000000E+00	
4.7641970910801053E-12	1.4891406127509496E-01	2.1293968808352669E-02	1.8810211810021724E-01	5.4114166009735148E-02	3.3009389573297153E-02	1.2962295596352075E-11	4.6492652885003566E-01	0.0000000000000000E+00	

beta_opt
0.0000000000000000E+00	0.0000000000000000E+00	0.0000000000000000E+00	0.0000000000000000E+00	0.0000000000000000E+00	0.0000000000000000E+00	0.0000000000000000E+00	0.0000000000000000E+00	0.0000000000000000E+00	
3.6207759491852687E-01	0.0000000000000000E+00	0.0000000000000000E+00	0.0000000000000000E+00	0.0000000000000000E+00	0.0000000000000000E+00	0.0000000000000000E+00	0.0000000000000000E+00	0.0000000000000000E+00	
5.8237303868224899E-12	1.8195650435242025E-01	0.0000000000000000E+00	0.0000000000000000E+00	0.0000000000000000E+00	0.0000000000000000E+00	0.0000000000000000E+00	0.0000000000000000E+00	0.0000000000000000E+00	
0.0000000000000000E+00	4.2950643042161119E-12	2.6703783268698184E-01	0.0000000000000000E+00	0.0000000000000000E+00	0.0000000000000000E+00	0.0000000000000000E+00	0.0000000000000000E+00	0.0000000000000000E+00	
-2.7755575615628914E-17	-1.2951700147977717E-17	8.5467743993206113E-12	3.6207759491852815E-01	0.0000000000000000E+00	0.0000000000000000E+00	0.0000000000000000E+00	0.0000000000000000E+00	0.0000000000000000E+00	
7.8298445915780945E-07	3.0075232058892634E-02	1.2227126106350883E-01	1.5633952465954337E-12	4.8846969150566771E-02	0.0000000000000000E+00	0.0000000000000000E+00	0.0000000000000000E+00	0.0000000000000000E+00	
3.0062063949287676E-13	9.3914943948435504E-03	1.7868197182205336E-05	1.5746880639229473E-02	1.0509301762162693E-12	2.4339182849997679E-01	0.0000000000000000E+00	0.0000000000000000E+00	0.0000000000000000E+00	
-1.3877787807814457E-17	9.5602692429253011E-13	4.3179004937572894E-02	3.9830698586162472E-04	3.0957781231797038E-03	6.7858219043870349E-12	3.1540450487246102E-01	0.0000000000000000E+00	0.0000000000000000E+00	
1.7250090245113370E-12	5.3918445157762229E-02	7.7100690126452320E-03	6.8107562522987206E-02	1.9593527080453907E-02	1.1951960386810664E-02	4.6933568143003868E-12	1.6833947938522786E-01	0.0000000000000000E+00	

==============================================================

