#stage		 order
11	 		4


A
0.0000000000000000E+00	0.0000000000000000E+00	0.0000000000000000E+00	0.0000000000000000E+00	0.0000000000000000E+00	0.0000000000000000E+00	0.0000000000000000E+00	0.0000000000000000E+00	0.0000000000000000E+00	0.0000000000000000E+00	0.0000000000000000E+00	
2.7099266961264618E-01	0.0000000000000000E+00	0.0000000000000000E+00	0.0000000000000000E+00	0.0000000000000000E+00	0.0000000000000000E+00	0.0000000000000000E+00	0.0000000000000000E+00	0.0000000000000000E+00	0.0000000000000000E+00	0.0000000000000000E+00	
1.1433677079326411E-01	1.1305501335233738E-01	0.0000000000000000E+00	0.0000000000000000E+00	0.0000000000000000E+00	0.0000000000000000E+00	0.0000000000000000E+00	0.0000000000000000E+00	0.0000000000000000E+00	0.0000000000000000E+00	0.0000000000000000E+00	
1.1436286624487178E-01	1.1307216111687442E-01	2.7094752815197209E-01	0.0000000000000000E+00	0.0000000000000000E+00	0.0000000000000000E+00	0.0000000000000000E+00	0.0000000000000000E+00	0.0000000000000000E+00	0.0000000000000000E+00	0.0000000000000000E+00	
6.2639138505948752E-02	6.1927000006070869E-02	1.4838501868850187E-01	1.4840495018945965E-01	0.0000000000000000E+00	0.0000000000000000E+00	0.0000000000000000E+00	0.0000000000000000E+00	0.0000000000000000E+00	0.0000000000000000E+00	0.0000000000000000E+00	
5.4397941702977418E-02	5.3772338803296786E-02	1.2881598506532357E-01	1.2882457291050523E-01	2.3523147135319517E-01	0.0000000000000000E+00	0.0000000000000000E+00	0.0000000000000000E+00	0.0000000000000000E+00	0.0000000000000000E+00	0.0000000000000000E+00	
7.6062596243105504E-02	7.5175916772587684E-02	1.8012022058694527E-01	1.8011586515646785E-01	1.7135686971141045E-01	1.0086111305386559E-01	0.0000000000000000E+00	0.0000000000000000E+00	0.0000000000000000E+00	0.0000000000000000E+00	0.0000000000000000E+00	
7.8843061685374791E-02	7.4658972256147427E-02	1.7886612010464051E-01	1.7882510399657509E-01	1.6886467575613109E-01	9.3820830906615485E-02	2.0840473249998717E-01	0.0000000000000000E+00	0.0000000000000000E+00	0.0000000000000000E+00	0.0000000000000000E+00	
5.2584018835445806E-02	5.0870892754883039E-02	1.2185963410432873E-01	1.2183335579224300E-01	1.6981711593200252E-01	1.6197041582897412E-01	6.9595598779002052E-02	9.0468866459136002E-02	0.0000000000000000E+00	0.0000000000000000E+00	0.0000000000000000E+00	
8.4781945212534876E-02	8.3749307550584615E-02	1.4022611858959977E-01	6.0007763463709007E-02	6.5969921592038017E-02	6.4501269373933273E-02	2.1765223363033021E-02	2.8213080082039561E-02	8.4505711530813446E-02	0.0000000000000000E+00	0.0000000000000000E+00	
8.5629088693952179E-02	8.4536702597448637E-02	1.4080460884995805E-01	6.3950500162306939E-02	7.0415904138279237E-02	6.1837645303192343E-02	2.0896628906530677E-02	2.7058234990495172E-02	8.1030388651109023E-02	2.5935126014907772E-01	0.0000000000000000E+00	

b
9.6565801462520071E-02	
9.4898279607393568E-02	
1.5434435214833217E-01	
1.3464160834186331E-01	
1.0194803833888622E-01	
6.3865952463123543E-02	
1.2365977758722482E-01	
7.3390094545309453E-02	
2.0766876907724018E-02	
6.6467849717087413E-02	
6.9451368880535436E-02	

c
0.0000000000000000E+00	
2.7099266961264618E-01	
2.2739178414560146E-01	
4.9838255551371829E-01	
4.2135610738998108E-01	
6.0104230983529816E-01	
7.8369258152438237E-01	
9.8228349720547170E-01	
8.3899989848601531E-01	
6.3372034075828565E-01	
8.9551096244234984E-01	

r
3.6901367163524705E+00	

errcoeff
1.1032333160925938E-03	

v_opt
1.0000000000000000E+00	
3.1271651934616784E-12	
5.7808168406661420E-01	
1.8076651286946799E-12	
4.5231802686102762E-01	
1.3184537944040553E-01	
5.9108273831043334E-13	
1.8374191057546341E-13	
1.8375934156144524E-01	
1.8921648573940408E-01	
6.1606275636449936E-13	
5.2683854179503831E-02	

alpha_opt
0.0000000000000000E+00	0.0000000000000000E+00	0.0000000000000000E+00	0.0000000000000000E+00	0.0000000000000000E+00	0.0000000000000000E+00	0.0000000000000000E+00	0.0000000000000000E+00	0.0000000000000000E+00	0.0000000000000000E+00	0.0000000000000000E+00	0.0000000000000000E+00	
9.9999999999687283E-01	0.0000000000000000E+00	0.0000000000000000E+00	0.0000000000000000E+00	0.0000000000000000E+00	0.0000000000000000E+00	0.0000000000000000E+00	0.0000000000000000E+00	0.0000000000000000E+00	0.0000000000000000E+00	0.0000000000000000E+00	0.0000000000000000E+00	
4.7298601955115312E-03	4.1718845573787428E-01	0.0000000000000000E+00	0.0000000000000000E+00	0.0000000000000000E+00	0.0000000000000000E+00	0.0000000000000000E+00	0.0000000000000000E+00	0.0000000000000000E+00	0.0000000000000000E+00	0.0000000000000000E+00	0.0000000000000000E+00	
3.3806080015976539E-05	1.3277208276621551E-04	9.9983342183541013E-01	0.0000000000000000E+00	0.0000000000000000E+00	0.0000000000000000E+00	0.0000000000000000E+00	0.0000000000000000E+00	0.0000000000000000E+00	0.0000000000000000E+00	0.0000000000000000E+00	0.0000000000000000E+00	
1.9488043544534275E-05	1.0255518917356238E-05	1.7673995638552552E-05	5.4763455558087193E-01	0.0000000000000000E+00	0.0000000000000000E+00	0.0000000000000000E+00	0.0000000000000000E+00	0.0000000000000000E+00	0.0000000000000000E+00	0.0000000000000000E+00	0.0000000000000000E+00	
2.7240753694954534E-05	4.5315586940649257E-05	3.2155983191521205E-05	1.3618956442043367E-05	8.6803628927932530E-01	0.0000000000000000E+00	0.0000000000000000E+00	0.0000000000000000E+00	0.0000000000000000E+00	0.0000000000000000E+00	0.0000000000000000E+00	0.0000000000000000E+00	
8.3249686413308194E-05	5.8961227418671758E-06	1.0364469240001040E-04	3.1836118839034822E-01	3.0925472457642256E-01	3.7219129653108296E-01	0.0000000000000000E+00	0.0000000000000000E+00	0.0000000000000000E+00	0.0000000000000000E+00	0.0000000000000000E+00	0.0000000000000000E+00	
1.2210057547567101E-02	2.6335485715152202E-05	1.5942500117899344E-04	7.3801687393998477E-02	8.4779568841883618E-02	5.9980970472060247E-02	7.6904195525741270E-01	0.0000000000000000E+00	0.0000000000000000E+00	0.0000000000000000E+00	0.0000000000000000E+00	0.0000000000000000E+00	
5.3443743410605939E-05	1.6273078105233918E-05	6.1725693164675502E-05	5.0398200805346347E-07	1.0420200177308640E-04	4.8208362781606784E-01	7.8396317423030677E-05	3.3384248580660225E-01	0.0000000000000000E+00	0.0000000000000000E+00	0.0000000000000000E+00	0.0000000000000000E+00	
4.9834666798197967E-05	9.3119774752684903E-02	2.9599745733243576E-01	5.4865168385346712E-02	3.1321234122482586E-03	5.1548902713132547E-02	2.2715063256106518E-04	5.4735050186622946E-06	3.1183762886036981E-01	0.0000000000000000E+00	0.0000000000000000E+00	0.0000000000000000E+00	
2.6496583477351809E-04	6.0139808554739221E-03	3.0529852791841533E-04	9.2565796114296717E-03	2.6426742782182450E-02	1.6332918272041551E-05	8.2831306063614523E-05	2.0033962238036995E-05	5.7162669563217013E-04	9.5704160750540013E-01	0.0000000000000000E+00	0.0000000000000000E+00	
2.8463037301283538E-13	8.8104343198986121E-02	3.6834744791077218E-13	1.0972998275617799E-01	3.3192878472154499E-13	3.3465065312083953E-13	2.4796699065343739E-01	2.4522978290360209E-01	-8.6800513857968490E-16	7.7220967878023480E-13	2.5628504630620169E-01	0.0000000000000000E+00	

beta_opt
0.0000000000000000E+00	0.0000000000000000E+00	0.0000000000000000E+00	0.0000000000000000E+00	0.0000000000000000E+00	0.0000000000000000E+00	0.0000000000000000E+00	0.0000000000000000E+00	0.0000000000000000E+00	0.0000000000000000E+00	0.0000000000000000E+00	0.0000000000000000E+00	
2.7099266961264618E-01	0.0000000000000000E+00	0.0000000000000000E+00	0.0000000000000000E+00	0.0000000000000000E+00	0.0000000000000000E+00	0.0000000000000000E+00	0.0000000000000000E+00	0.0000000000000000E+00	0.0000000000000000E+00	0.0000000000000000E+00	0.0000000000000000E+00	
1.2817574412802707E-03	1.1305501335233738E-01	0.0000000000000000E+00	0.0000000000000000E+00	0.0000000000000000E+00	0.0000000000000000E+00	0.0000000000000000E+00	0.0000000000000000E+00	0.0000000000000000E+00	0.0000000000000000E+00	0.0000000000000000E+00	0.0000000000000000E+00	
9.1611998726968600E-06	3.5980261158960469E-05	2.7094752815197209E-01	0.0000000000000000E+00	0.0000000000000000E+00	0.0000000000000000E+00	0.0000000000000000E+00	0.0000000000000000E+00	0.0000000000000000E+00	0.0000000000000000E+00	0.0000000000000000E+00	0.0000000000000000E+00	
5.2811169456773537E-06	2.7791704496860529E-06	4.7895232608285987E-06	1.4840495018945965E-01	0.0000000000000000E+00	0.0000000000000000E+00	0.0000000000000000E+00	0.0000000000000000E+00	0.0000000000000000E+00	0.0000000000000000E+00	0.0000000000000000E+00	0.0000000000000000E+00	
7.3820445660793694E-06	1.2280191880148910E-05	8.7140357291169611E-06	3.6906373635792189E-06	2.3523147135319517E-01	0.0000000000000000E+00	0.0000000000000000E+00	0.0000000000000000E+00	0.0000000000000000E+00	0.0000000000000000E+00	0.0000000000000000E+00	0.0000000000000000E+00	
2.2560054765628577E-05	1.5978060421874178E-06	2.8086951884748190E-05	8.6273548343224829E-02	8.3805763403550448E-02	1.0086111305386559E-01	0.0000000000000000E+00	0.0000000000000000E+00	0.0000000000000000E+00	0.0000000000000000E+00	0.0000000000000000E+00	0.0000000000000000E+00	
3.3088360909495954E-03	7.1367235795171220E-06	4.3203006672629801E-05	1.9999716288880167E-02	2.2974641689143007E-02	1.6254403314231738E-02	2.0840473249998717E-01	0.0000000000000000E+00	0.0000000000000000E+00	0.0000000000000000E+00	0.0000000000000000E+00	0.0000000000000000E+00	
1.4482862700978662E-05	4.4098848785662317E-06	1.6727210374438790E-05	1.3657542979957730E-07	2.8237978639558681E-05	1.3064112927883409E-01	2.1244827346333928E-05	9.0468866459136002E-02	0.0000000000000000E+00	0.0000000000000000E+00	0.0000000000000000E+00	0.0000000000000000E+00	
1.3504829394942602E-05	2.5234776354037286E-02	8.0213141161322943E-02	1.4868058449538956E-02	8.4878248504408060E-04	1.3969374761878053E-02	6.1556156322116823E-05	1.4832797371501505E-06	8.4505711530813446E-02	0.0000000000000000E+00	0.0000000000000000E+00	0.0000000000000000E+00	
7.1803798921643526E-05	1.6297447270293202E-03	8.2733663109681079E-05	2.5084652203911624E-03	7.1614535757327461E-03	4.4261011251195490E-06	2.2446676757751261E-05	5.4290569098215666E-06	1.5490664427170175E-04	2.5935126014907772E-01	0.0000000000000000E+00	0.0000000000000000E+00	
7.7132744635832751E-14	2.3875631168036700E-02	9.9819458254657434E-14	2.9736020963739292E-02	8.9950267493254094E-14	9.0687873877115521E-14	6.7197236773199220E-02	6.6455473537784610E-02	-2.3522302974193929E-16	2.0926316235403419E-13	6.9451368880535436E-02	0.0000000000000000E+00	

==============================================================

