#stage		 order
7	 		3


A
0.0000000000000000E+00	0.0000000000000000E+00	0.0000000000000000E+00	0.0000000000000000E+00	0.0000000000000000E+00	0.0000000000000000E+00	0.0000000000000000E+00	
3.6189698246390783E-01	0.0000000000000000E+00	0.0000000000000000E+00	0.0000000000000000E+00	0.0000000000000000E+00	0.0000000000000000E+00	0.0000000000000000E+00	
2.6560466431367663E-01	2.6560466431367663E-01	0.0000000000000000E+00	0.0000000000000000E+00	0.0000000000000000E+00	0.0000000000000000E+00	0.0000000000000000E+00	
2.6410235957235995E-01	2.6410235957235995E-01	3.5985003214385752E-01	0.0000000000000000E+00	0.0000000000000000E+00	0.0000000000000000E+00	0.0000000000000000E+00	
1.9209931422918078E-01	1.9209931422918078E-01	1.5040099227024509E-01	1.5125652466364051E-01	0.0000000000000000E+00	0.0000000000000000E+00	0.0000000000000000E+00	
1.5587279718046304E-01	1.5587279718046304E-01	1.2254843929865721E-01	1.2188717349307952E-01	2.9162775216667214E-01	0.0000000000000000E+00	0.0000000000000000E+00	
1.5332631340593608E-01	1.2931563156696529E-01	5.1613923111206959E-02	4.7516846584752519E-02	1.0014889597739060E-01	1.2428029562356394E-01	0.0000000000000000E+00	

b
1.8892869337002316E-01	
1.7791405710044617E-01	
1.2144112674797146E-01	
1.1933683840368309E-01	
1.6935080411310993E-01	
5.7012219017755855E-02	
1.6601626124701030E-01	

c
0.0000000000000000E+00	
3.6189698246390783E-01	
5.3120932862735326E-01	
8.8805475128857736E-01	
6.8585614539224715E-01	
8.4780895931933498E-01	
6.0620190626981540E-01	

r
2.7632172923678096E+00	

errcoeff
1.1904547698956330E-02	

v_opt
1.0000000000000000E+00	
9.9142916099026479E-12	
2.6607659863490152E-01	
5.6561685236038439E-03	
3.5624489187227981E-01	
1.9021048887400682E-01	
3.7372983697160467E-01	
1.8681412151156040E-02	

alpha_opt
0.0000000000000000E+00	0.0000000000000000E+00	0.0000000000000000E+00	0.0000000000000000E+00	0.0000000000000000E+00	0.0000000000000000E+00	0.0000000000000000E+00	0.0000000000000000E+00	
9.9999999999008571E-01	0.0000000000000000E+00	0.0000000000000000E+00	0.0000000000000000E+00	0.0000000000000000E+00	0.0000000000000000E+00	0.0000000000000000E+00	0.0000000000000000E+00	
7.2763316869979407E-12	7.3392340135782219E-01	0.0000000000000000E+00	0.0000000000000000E+00	0.0000000000000000E+00	0.0000000000000000E+00	0.0000000000000000E+00	0.0000000000000000E+00	
7.1732175789837891E-23	7.2352233350339580E-12	9.9434383146916094E-01	0.0000000000000000E+00	0.0000000000000000E+00	0.0000000000000000E+00	0.0000000000000000E+00	0.0000000000000000E+00	
2.2386412042475588E-12	2.2580046359147543E-01	4.1203453375242674E-12	4.1795464452988579E-01	0.0000000000000000E+00	0.0000000000000000E+00	0.0000000000000000E+00	0.0000000000000000E+00	
2.2450047661067221E-15	2.2644052593320818E-04	3.7322228834054034E-03	3.3391716081788460E-12	8.0583084771331315E-01	0.0000000000000000E+00	0.0000000000000000E+00	0.0000000000000000E+00	
6.6346731260212635E-02	1.9009043914929225E-01	1.0782068500521364E-02	1.5637462151414913E-02	2.7436373675065962E-12	3.4341346196421058E-01	0.0000000000000000E+00	0.0000000000000000E+00	
8.2162058963834198E-13	5.2432236933982225E-02	2.1456288439529931E-03	1.2699694248460872E-01	3.4100477569647397E-01	1.5618681169002182E-12	4.5873900388744260E-01	0.0000000000000000E+00	

beta_opt
0.0000000000000000E+00	0.0000000000000000E+00	0.0000000000000000E+00	0.0000000000000000E+00	0.0000000000000000E+00	0.0000000000000000E+00	0.0000000000000000E+00	0.0000000000000000E+00	
3.6189698246390783E-01	0.0000000000000000E+00	0.0000000000000000E+00	0.0000000000000000E+00	0.0000000000000000E+00	0.0000000000000000E+00	0.0000000000000000E+00	0.0000000000000000E+00	
2.6332824809571775E-12	2.6560466431367663E-01	0.0000000000000000E+00	0.0000000000000000E+00	0.0000000000000000E+00	0.0000000000000000E+00	0.0000000000000000E+00	0.0000000000000000E+00	
2.5959657964170287E-23	2.6184054924272004E-12	3.5985003214385752E-01	0.0000000000000000E+00	0.0000000000000000E+00	0.0000000000000000E+00	0.0000000000000000E+00	0.0000000000000000E+00	
8.1015749664459236E-13	8.1716506413516604E-02	1.4911405443740477E-12	1.5125652466364051E-01	0.0000000000000000E+00	0.0000000000000000E+00	0.0000000000000000E+00	0.0000000000000000E+00	
8.1246045047916882E-16	8.1948143043580760E-05	1.3506801994005518E-03	1.2084361289410595E-12	2.9162775216667214E-01	0.0000000000000000E+00	0.0000000000000000E+00	0.0000000000000000E+00	
2.4010681839652825E-02	6.8793156324049989E-02	3.9019980550965188E-03	5.6591503660467311E-03	9.9291408428570094E-13	1.2428029562356394E-01	0.0000000000000000E+00	0.0000000000000000E+00	
2.9734201212328060E-13	1.8975068330428949E-02	7.7649660412180965E-04	4.5959810267778005E-02	1.2340859933155918E-01	5.6523535851837892E-13	1.6601626124701030E-01	0.0000000000000000E+00	

==============================================================

