#stage		 order
11	 		2


A
0.0000000000000000E+00	0.0000000000000000E+00	0.0000000000000000E+00	0.0000000000000000E+00	0.0000000000000000E+00	0.0000000000000000E+00	0.0000000000000000E+00	0.0000000000000000E+00	0.0000000000000000E+00	0.0000000000000000E+00	0.0000000000000000E+00	
2.2725277468860752E-01	0.0000000000000000E+00	0.0000000000000000E+00	0.0000000000000000E+00	0.0000000000000000E+00	0.0000000000000000E+00	0.0000000000000000E+00	0.0000000000000000E+00	0.0000000000000000E+00	0.0000000000000000E+00	0.0000000000000000E+00	
2.1200920937547280E-01	2.1200920937547285E-01	0.0000000000000000E+00	0.0000000000000000E+00	0.0000000000000000E+00	0.0000000000000000E+00	0.0000000000000000E+00	0.0000000000000000E+00	0.0000000000000000E+00	0.0000000000000000E+00	0.0000000000000000E+00	
2.1805511342163297E-01	1.2792210045681321E-01	1.3711976172375920E-01	0.0000000000000000E+00	0.0000000000000000E+00	0.0000000000000000E+00	0.0000000000000000E+00	0.0000000000000000E+00	0.0000000000000000E+00	0.0000000000000000E+00	0.0000000000000000E+00	
2.1805511342163295E-01	1.2792210045681310E-01	1.3711976172375928E-01	2.2725277468860766E-01	0.0000000000000000E+00	0.0000000000000000E+00	0.0000000000000000E+00	0.0000000000000000E+00	0.0000000000000000E+00	0.0000000000000000E+00	0.0000000000000000E+00	
2.1805511342162937E-01	1.2792210045677418E-01	1.3711976172381274E-01	2.2725277468869601E-01	2.2725277468879565E-01	0.0000000000000000E+00	0.0000000000000000E+00	0.0000000000000000E+00	0.0000000000000000E+00	0.0000000000000000E+00	0.0000000000000000E+00	
2.1805511342164749E-01	1.2792210045683680E-01	1.3711976172388013E-01	2.2725277468880767E-01	2.2725277468890770E-01	2.2725277468872196E-01	0.0000000000000000E+00	0.0000000000000000E+00	0.0000000000000000E+00	0.0000000000000000E+00	0.0000000000000000E+00	
1.7764769100628577E-01	9.7045110203672194E-02	1.0380441173221491E-01	1.6881924747243165E-01	1.6873422344670597E-01	3.5933302338230187E-02	3.5933302338212091E-02	0.0000000000000000E+00	0.0000000000000000E+00	0.0000000000000000E+00	0.0000000000000000E+00	
1.7764769100624847E-01	9.7045110203696189E-02	1.0380441173224066E-01	1.6881924747247162E-01	1.6873422344684541E-01	3.5933302338258699E-02	3.5933302338242080E-02	2.2725277468879718E-01	0.0000000000000000E+00	0.0000000000000000E+00	0.0000000000000000E+00	
1.7761277596640135E-01	9.7038771020293471E-02	1.0379804724359736E-01	1.6881504751705845E-01	1.6864944499162923E-01	3.6110418855507850E-02	3.5868745932168232E-02	2.2680461244208225E-01	2.2680461244189304E-01	0.0000000000000000E+00	0.0000000000000000E+00	
1.7749303342860845E-01	9.6973236049648345E-02	1.0372794369414116E-01	1.6870097765072362E-01	1.6853620584251477E-01	3.6084430776943954E-02	3.5845076993342731E-02	2.2665530588824503E-01	2.2462815186727142E-01	2.2507201346308423E-01	0.0000000000000000E+00	

b
1.9550533906234077E-01	
1.1768374591085444E-01	
1.2597793341980310E-01	
1.7762592239082733E-01	
1.3906228087680053E-01	
3.1324958181823723E-02	
2.9952810097041153E-02	
1.0693873391667377E-01	
4.7388783381402157E-02	
1.4200948671155185E-02	
1.4338544091277904E-02	

c
0.0000000000000000E+00	
2.2725277468860752E-01	
4.2401841875094570E-01	
4.8309697560220538E-01	
7.1034975029081304E-01	
9.3760252497970786E-01	
1.1648552996688017E+00	
7.8791728853775278E-01	
1.0151700632268006E+00	
1.2415024764106315E+00	
1.4637163756545239E+00	

r
4.4003863159437646E+00	

errcoeff
2.1662909241392074E-02	

v_opt
1.0000000000000000E+00	
6.9088913924808537E-04	
6.7078021519923814E-02	
3.0198322699337421E-04	
2.0863693184214327E-07	
1.4414491822378750E-10	
-2.2204460492503131E-16	
1.8768375021957606E-01	
1.2966866463970383E-04	
5.2565382983982278E-04	
6.7744740520891966E-04	
1.4182491258966534E-02	

alpha_opt
0.0000000000000000E+00	0.0000000000000000E+00	0.0000000000000000E+00	0.0000000000000000E+00	0.0000000000000000E+00	0.0000000000000000E+00	0.0000000000000000E+00	0.0000000000000000E+00	0.0000000000000000E+00	0.0000000000000000E+00	0.0000000000000000E+00	0.0000000000000000E+00	
9.9930911086075191E-01	0.0000000000000000E+00	0.0000000000000000E+00	0.0000000000000000E+00	0.0000000000000000E+00	0.0000000000000000E+00	0.0000000000000000E+00	0.0000000000000000E+00	0.0000000000000000E+00	0.0000000000000000E+00	0.0000000000000000E+00	0.0000000000000000E+00	
6.4410066054646821E-04	9.3227787781952975E-01	0.0000000000000000E+00	0.0000000000000000E+00	0.0000000000000000E+00	0.0000000000000000E+00	0.0000000000000000E+00	0.0000000000000000E+00	0.0000000000000000E+00	0.0000000000000000E+00	0.0000000000000000E+00	0.0000000000000000E+00	
3.9634632486702465E-01	3.8863740701649218E-04	6.0296305449896548E-01	0.0000000000000000E+00	0.0000000000000000E+00	0.0000000000000000E+00	0.0000000000000000E+00	0.0000000000000000E+00	0.0000000000000000E+00	0.0000000000000000E+00	0.0000000000000000E+00	0.0000000000000000E+00	
2.7383137123158702E-04	2.6850536291459809E-07	4.1658062572109679E-04	9.9930911086075258E-01	0.0000000000000000E+00	0.0000000000000000E+00	0.0000000000000000E+00	0.0000000000000000E+00	0.0000000000000000E+00	0.0000000000000000E+00	0.0000000000000000E+00	0.0000000000000000E+00	
1.8918712141594990E-07	1.8511692464352851E-10	2.8781103047429616E-07	6.9041181100708195E-04	9.9930911086157914E-01	0.0000000000000000E+00	0.0000000000000000E+00	0.0000000000000000E+00	0.0000000000000000E+00	0.0000000000000000E+00	0.0000000000000000E+00	0.0000000000000000E+00	
1.3031678522586590E-10	1.2688664440296593E-13	1.9884557791364752E-10	4.7699802005424374E-07	6.9041181143584672E-04	9.9930911086125518E-01	0.0000000000000000E+00	0.0000000000000000E+00	0.0000000000000000E+00	0.0000000000000000E+00	0.0000000000000000E+00	0.0000000000000000E+00	
6.0004725006979828E-02	9.0101067559376165E-04	8.5411450792855070E-03	7.7733977133407543E-04	5.8397169282676087E-01	1.0916820000347152E-04	1.5801116822046635E-01	0.0000000000000000E+00	0.0000000000000000E+00	0.0000000000000000E+00	0.0000000000000000E+00	0.0000000000000000E+00	
4.1456612421569102E-05	6.2249848927676653E-07	5.9009843719074112E-06	5.3705516763653818E-07	4.0345970020317653E-04	7.5423117240577051E-08	1.0916820000353254E-04	9.9930911086158591E-01	0.0000000000000000E+00	0.0000000000000000E+00	0.0000000000000000E+00	0.0000000000000000E+00	
1.2588179569995191E-07	5.2463166003502141E-10	1.5208617382361116E-07	3.5506975644273312E-04	1.0124308100628346E-06	1.0627387095056514E-03	2.7810185036095387E-05	6.8905025927533186E-04	9.9733838633648908E-01	0.0000000000000000E+00	0.0000000000000000E+00	0.0000000000000000E+00	
3.6988949656545321E-07	5.5528174606231579E-09	5.2741995561806082E-08	2.4774999820307136E-07	3.5996585176004530E-06	7.2786156977113740E-07	9.9283819164020846E-07	8.9145693910657915E-03	6.8243800078917369E-04	9.8971954891034930E-01	0.0000000000000000E+00	0.0000000000000000E+00	
4.2367947476918749E-03	3.1596488686068077E-04	7.8732122197839940E-02	1.6951715562061975E-01	1.9906744654834577E-01	6.0070471871046692E-03	5.7384106400802888E-02	2.6140060967777917E-01	1.4606157640738518E-01	4.3143599062066287E-05	6.3051541467541536E-02	0.0000000000000000E+00	

beta_opt
0.0000000000000000E+00	0.0000000000000000E+00	0.0000000000000000E+00	0.0000000000000000E+00	0.0000000000000000E+00	0.0000000000000000E+00	0.0000000000000000E+00	0.0000000000000000E+00	0.0000000000000000E+00	0.0000000000000000E+00	0.0000000000000000E+00	0.0000000000000000E+00	
2.2725277468860752E-01	0.0000000000000000E+00	0.0000000000000000E+00	0.0000000000000000E+00	0.0000000000000000E+00	0.0000000000000000E+00	0.0000000000000000E+00	0.0000000000000000E+00	0.0000000000000000E+00	0.0000000000000000E+00	0.0000000000000000E+00	0.0000000000000000E+00	
1.4647486017801969E-04	2.1200920937547285E-01	0.0000000000000000E+00	0.0000000000000000E+00	0.0000000000000000E+00	0.0000000000000000E+00	0.0000000000000000E+00	0.0000000000000000E+00	0.0000000000000000E+00	0.0000000000000000E+00	0.0000000000000000E+00	0.0000000000000000E+00	
9.0133074025594923E-02	8.8379989867409803E-05	1.3711976172375920E-01	0.0000000000000000E+00	0.0000000000000000E+00	0.0000000000000000E+00	0.0000000000000000E+00	0.0000000000000000E+00	0.0000000000000000E+00	0.0000000000000000E+00	0.0000000000000000E+00	0.0000000000000000E+00	
6.2271961931342320E-05	6.1060774967372977E-08	9.4734554151210126E-05	2.2725277468860766E-01	0.0000000000000000E+00	0.0000000000000000E+00	0.0000000000000000E+00	0.0000000000000000E+00	0.0000000000000000E+00	0.0000000000000000E+00	0.0000000000000000E+00	0.0000000000000000E+00	
4.3023022416049972E-08	4.2097419416929252E-11	6.5451074697932092E-08	1.5700647379668364E-04	2.2725277468879565E-01	0.0000000000000000E+00	0.0000000000000000E+00	0.0000000000000000E+00	0.0000000000000000E+00	0.0000000000000000E+00	0.0000000000000000E+00	0.0000000000000000E+00	
2.9635325755780111E-11	2.8855277809549282E-14	4.5219450942975357E-11	1.0847406713317131E-07	1.5700647389418898E-04	2.2725277468872196E-01	0.0000000000000000E+00	0.0000000000000000E+00	0.0000000000000000E+00	0.0000000000000000E+00	0.0000000000000000E+00	0.0000000000000000E+00	
1.3645667896010179E-02	2.0489873836572166E-04	1.9423408604908091E-03	1.7677475166749668E-04	1.3280093826041067E-01	2.4825928322799728E-05	3.5933302338212091E-02	0.0000000000000000E+00	0.0000000000000000E+00	0.0000000000000000E+00	0.0000000000000000E+00	0.0000000000000000E+00	
9.4276436586042021E-06	1.4156231279204645E-07	1.3419422052051439E-06	1.2213165644125220E-07	9.1750725926266195E-05	1.7151962773382203E-08	2.4825928322813606E-05	2.2725277468879718E-01	0.0000000000000000E+00	0.0000000000000000E+00	0.0000000000000000E+00	0.0000000000000000E+00	
2.8626765276820055E-08	1.1930642794776045E-10	3.4585900015881600E-08	8.0746374152554834E-05	2.3023677885698150E-07	2.4167729272089308E-04	6.3243111119167183E-06	1.5669684346752977E-04	2.2680461244189304E-01	0.0000000000000000E+00	0.0000000000000000E+00	0.0000000000000000E+00	
8.4116529619416702E-08	1.2627656063087750E-09	1.1994051393878269E-08	5.6340799767401342E-08	8.1859794648682123E-07	1.6552291930694228E-07	2.2578122366233126E-07	2.0272612420483812E-03	1.5519315049444815E-04	2.2507201346308423E-01	0.0000000000000000E+00	0.0000000000000000E+00	
9.6348902630315496E-04	7.1853540073715111E-05	1.7904463225768386E-02	3.8549877663903651E-02	4.5269906064722538E-02	1.3660619383116506E-03	1.3049713307803402E-02	5.9445083817360099E-02	3.3215846981901061E-02	9.8112811044645531E-06	1.4338544091277904E-02	0.0000000000000000E+00	

==============================================================

