#stage		 order
13	 		3


A
0.0000000000000000E+00	0.0000000000000000E+00	0.0000000000000000E+00	0.0000000000000000E+00	0.0000000000000000E+00	0.0000000000000000E+00	0.0000000000000000E+00	0.0000000000000000E+00	0.0000000000000000E+00	0.0000000000000000E+00	0.0000000000000000E+00	0.0000000000000000E+00	0.0000000000000000E+00	
2.5220504161199342E-01	0.0000000000000000E+00	0.0000000000000000E+00	0.0000000000000000E+00	0.0000000000000000E+00	0.0000000000000000E+00	0.0000000000000000E+00	0.0000000000000000E+00	0.0000000000000000E+00	0.0000000000000000E+00	0.0000000000000000E+00	0.0000000000000000E+00	0.0000000000000000E+00	
2.5220452160068291E-01	2.5220970554192867E-01	0.0000000000000000E+00	0.0000000000000000E+00	0.0000000000000000E+00	0.0000000000000000E+00	0.0000000000000000E+00	0.0000000000000000E+00	0.0000000000000000E+00	0.0000000000000000E+00	0.0000000000000000E+00	0.0000000000000000E+00	0.0000000000000000E+00	
1.5438352565816882E-01	1.5435424521150334E-01	1.5435369948316607E-01	0.0000000000000000E+00	0.0000000000000000E+00	0.0000000000000000E+00	0.0000000000000000E+00	0.0000000000000000E+00	0.0000000000000000E+00	0.0000000000000000E+00	0.0000000000000000E+00	0.0000000000000000E+00	0.0000000000000000E+00	
1.4695370374828762E-01	1.4691431333369148E-01	1.4690815857496331E-01	2.4004138051847232E-01	0.0000000000000000E+00	0.0000000000000000E+00	0.0000000000000000E+00	0.0000000000000000E+00	0.0000000000000000E+00	0.0000000000000000E+00	0.0000000000000000E+00	0.0000000000000000E+00	0.0000000000000000E+00	
9.9179570167904685E-02	9.8382750409778078E-02	9.7422571624106460E-02	1.5914568162157972E-01	1.6721257164327549E-01	0.0000000000000000E+00	0.0000000000000000E+00	0.0000000000000000E+00	0.0000000000000000E+00	0.0000000000000000E+00	0.0000000000000000E+00	0.0000000000000000E+00	0.0000000000000000E+00	
9.7551463325822971E-02	9.6730072277808318E-02	9.5785031403468418E-02	1.5645009376097674E-01	1.6437881993006029E-01	2.4793679364151414E-01	0.0000000000000000E+00	0.0000000000000000E+00	0.0000000000000000E+00	0.0000000000000000E+00	0.0000000000000000E+00	0.0000000000000000E+00	0.0000000000000000E+00	
8.8011455132262717E-02	8.7259719116652604E-02	8.6404094077645821E-02	1.4112774244711676E-01	1.4827957375728146E-01	2.2365199849994521E-01	2.2750671344948856E-01	0.0000000000000000E+00	0.0000000000000000E+00	0.0000000000000000E+00	0.0000000000000000E+00	0.0000000000000000E+00	0.0000000000000000E+00	
2.3192059733706363E-01	2.3015449391816756E-01	1.0923717214133500E-02	1.7762619325689927E-02	1.8654683983181694E-02	2.8125621407252395E-02	2.8602146282877133E-02	2.7890770188186885E-02	0.0000000000000000E+00	0.0000000000000000E+00	0.0000000000000000E+00	0.0000000000000000E+00	0.0000000000000000E+00	
1.7542948751242166E-01	1.7406294387086410E-01	4.4200938491749879E-02	7.1185744623264893E-02	7.4786624122277948E-02	1.1279527780172036E-01	1.1473468103116198E-01	6.5483977858269968E-02	1.4897341438099734E-01	0.0000000000000000E+00	0.0000000000000000E+00	0.0000000000000000E+00	0.0000000000000000E+00	
1.3870460285172778E-01	1.3759559748953260E-01	6.1931005915325500E-02	1.0056851139159356E-01	1.0566115265140490E-01	1.5936609155607565E-01	1.6211008985356842E-01	1.4392996226784446E-01	8.6387573185553887E-02	1.4624749322859057E-01	0.0000000000000000E+00	0.0000000000000000E+00	0.0000000000000000E+00	
1.3870578974982134E-01	1.3759675184594136E-01	6.1929991264120805E-02	1.0056658449497825E-01	1.0565908574317345E-01	1.5936241151109132E-01	1.6210603737011747E-01	1.4392497926330605E-01	8.6389286071030469E-02	1.4624597425942124E-01	2.5219788529695464E-01	0.0000000000000000E+00	0.0000000000000000E+00	
2.3391042127216563E-01	2.3367851595806607E-01	2.1427841654189572E-01	1.6506088923841453E-02	1.7339757493936549E-02	2.6135929871965648E-02	2.6579014692361111E-02	2.0263161990633324E-02	2.2207353361050817E-02	3.7590680920384360E-02	2.4999228318147756E-02	2.4998105515630302E-02	0.0000000000000000E+00	

b
1.4362119850986260E-01	
1.4297260634613262E-01	
1.1389769175417454E-01	
1.4269180222871156E-01	
1.3947279104899285E-01	
1.2955191391179052E-01	
6.9661914374013034E-02	
2.6505862661243645E-02	
3.2894573002917968E-02	
3.7092950193737893E-02	
4.8686696525870980E-03	
2.5119512238648378E-03	
1.4256075091970674E-02	

c
0.0000000000000000E+00	
2.5220504161199342E-01	
5.0441422714261164E-01	
4.6309147035283821E-01	
6.8081755617541473E-01	
6.2134314546664449E-01	
8.5883227433965081E-01	
1.0022412964803931E+00	
5.9403464965655273E-01	
9.8165308969272813E-01	
1.2425020803912172E+00	
1.4946847768699565E+00	
8.9848667486007872E-01	

r
3.9649338883865761E+00	

errcoeff
4.5474539091237033E-03	

v_opt
1.0000000000000000E+00	
2.3683700787646700E-05	
2.0619334217819585E-06	
3.8786377087914692E-01	
4.8174635648716158E-02	
3.3006752267509876E-01	
1.6735854353093993E-02	
9.7885819455548639E-02	
1.8391677025109132E-05	
4.7204741062678579E-06	
1.3981416653319201E-06	
5.6709149248712620E-06	
5.8843055761315100E-06	
1.1467493621353242E-12	

alpha_opt
0.0000000000000000E+00	0.0000000000000000E+00	0.0000000000000000E+00	0.0000000000000000E+00	0.0000000000000000E+00	0.0000000000000000E+00	0.0000000000000000E+00	0.0000000000000000E+00	0.0000000000000000E+00	0.0000000000000000E+00	0.0000000000000000E+00	0.0000000000000000E+00	0.0000000000000000E+00	0.0000000000000000E+00	
9.9997631629921235E-01	0.0000000000000000E+00	0.0000000000000000E+00	0.0000000000000000E+00	0.0000000000000000E+00	0.0000000000000000E+00	0.0000000000000000E+00	0.0000000000000000E+00	0.0000000000000000E+00	0.0000000000000000E+00	0.0000000000000000E+00	0.0000000000000000E+00	0.0000000000000000E+00	0.0000000000000000E+00	
3.1295935126285927E-06	9.9999480847306554E-01	0.0000000000000000E+00	0.0000000000000000E+00	0.0000000000000000E+00	0.0000000000000000E+00	0.0000000000000000E+00	0.0000000000000000E+00	0.0000000000000000E+00	0.0000000000000000E+00	0.0000000000000000E+00	0.0000000000000000E+00	0.0000000000000000E+00	0.0000000000000000E+00	
1.2867424565269180E-04	5.3410027555410136E-06	6.1200221387244480E-01	0.0000000000000000E+00	0.0000000000000000E+00	0.0000000000000000E+00	0.0000000000000000E+00	0.0000000000000000E+00	0.0000000000000000E+00	0.0000000000000000E+00	0.0000000000000000E+00	0.0000000000000000E+00	0.0000000000000000E+00	0.0000000000000000E+00	
4.5687865200410825E-05	2.2343888182955856E-05	9.1283747508333566E-06	9.5174820422314965E-01	0.0000000000000000E+00	0.0000000000000000E+00	0.0000000000000000E+00	0.0000000000000000E+00	0.0000000000000000E+00	0.0000000000000000E+00	0.0000000000000000E+00	0.0000000000000000E+00	0.0000000000000000E+00	0.0000000000000000E+00	
3.0558831740006066E-03	3.7908668716125716E-03	9.3317750029813906E-05	5.6176632811662045E-06	6.6298679186597709E-01	0.0000000000000000E+00	0.0000000000000000E+00	0.0000000000000000E+00	0.0000000000000000E+00	0.0000000000000000E+00	0.0000000000000000E+00	0.0000000000000000E+00	0.0000000000000000E+00	0.0000000000000000E+00	
1.5096531306144439E-04	4.4974454714568292E-06	4.9919493017908062E-05	5.7660241376252968E-06	2.0940244624525452E-09	9.8305299527719314E-01	0.0000000000000000E+00	0.0000000000000000E+00	0.0000000000000000E+00	0.0000000000000000E+00	0.0000000000000000E+00	0.0000000000000000E+00	0.0000000000000000E+00	0.0000000000000000E+00	
4.2813969704927269E-05	1.2483798104466257E-05	8.7183304789802370E-08	1.4122691241053896E-06	4.9652906091400720E-06	3.3400514079033230E-06	9.0204907798219602E-01	0.0000000000000000E+00	0.0000000000000000E+00	0.0000000000000000E+00	0.0000000000000000E+00	0.0000000000000000E+00	0.0000000000000000E+00	0.0000000000000000E+00	
6.6488832726694638E-03	8.6880909822921670E-01	1.9321011713677305E-04	3.0510301619065472E-05	3.0252173880851437E-05	3.2126574291379280E-05	1.3652467762936393E-02	1.1058505989122430E-01	0.0000000000000000E+00	0.0000000000000000E+00	0.0000000000000000E+00	0.0000000000000000E+00	0.0000000000000000E+00	0.0000000000000000E+00	
1.0429883486291500E-05	7.1385865029911201E-06	2.3368540325289476E-03	7.0437103596907325E-06	4.9950279461142690E-08	4.8631747509124519E-09	2.1264362488262939E-01	1.9432039447504157E-01	5.9066973914189069E-01	0.0000000000000000E+00	0.0000000000000000E+00	0.0000000000000000E+00	0.0000000000000000E+00	0.0000000000000000E+00	
3.0002678770453283E-06	1.6910683019254273E-11	1.8361565215741738E-06	4.7627643364387925E-16	8.0554721986378189E-07	1.0062757292736892E-07	7.9079689579906089E-07	4.2011613481346854E-01	1.4291644115010827E-05	5.7986164198775270E-01	0.0000000000000000E+00	0.0000000000000000E+00	0.0000000000000000E+00	0.0000000000000000E+00	
1.3342774835483410E-07	2.7553521838973473E-06	6.6778040469209415E-07	1.5974361038640210E-07	1.4785102514792711E-06	1.2042453955427959E-06	2.9422013075581978E-06	2.5324096837410020E-06	1.0349596524367727E-05	2.4163834765756609E-05	9.9994794198319936E-01	0.0000000000000000E+00	0.0000000000000000E+00	0.0000000000000000E+00	
3.8858184632667729E-06	2.7746809809792467E-05	8.0916581155013634E-01	6.8626978317086691E-06	4.4207946876087539E-05	2.5914564677465986E-05	1.5665272820741591E-05	3.2537975130852224E-07	1.2131378410614182E-05	9.1566116960672739E-02	9.6116115916314764E-06	9.9115835703382199E-02	0.0000000000000000E+00	0.0000000000000000E+00	
6.8434144834795040E-07	3.8689628057216219E-07	5.9174952689018671E-02	3.9436397324805243E-02	2.1244043079269817E-01	2.4213471365304226E-01	1.4834966412326356E-01	5.3982098882367754E-02	4.3553297096963393E-02	1.3070151313505807E-01	9.3442079560977099E-03	4.3572578608436600E-03	5.6524395246965869E-02	0.0000000000000000E+00	

beta_opt
0.0000000000000000E+00	0.0000000000000000E+00	0.0000000000000000E+00	0.0000000000000000E+00	0.0000000000000000E+00	0.0000000000000000E+00	0.0000000000000000E+00	0.0000000000000000E+00	0.0000000000000000E+00	0.0000000000000000E+00	0.0000000000000000E+00	0.0000000000000000E+00	0.0000000000000000E+00	0.0000000000000000E+00	
2.5220504161199342E-01	0.0000000000000000E+00	0.0000000000000000E+00	0.0000000000000000E+00	0.0000000000000000E+00	0.0000000000000000E+00	0.0000000000000000E+00	0.0000000000000000E+00	0.0000000000000000E+00	0.0000000000000000E+00	0.0000000000000000E+00	0.0000000000000000E+00	0.0000000000000000E+00	0.0000000000000000E+00	
7.8931795605141630E-07	2.5220970554192867E-01	0.0000000000000000E+00	0.0000000000000000E+00	0.0000000000000000E+00	0.0000000000000000E+00	0.0000000000000000E+00	0.0000000000000000E+00	0.0000000000000000E+00	0.0000000000000000E+00	0.0000000000000000E+00	0.0000000000000000E+00	0.0000000000000000E+00	0.0000000000000000E+00	
3.2453062087841130E-05	1.3470597255704764E-06	1.5435369948316607E-01	0.0000000000000000E+00	0.0000000000000000E+00	0.0000000000000000E+00	0.0000000000000000E+00	0.0000000000000000E+00	0.0000000000000000E+00	0.0000000000000000E+00	0.0000000000000000E+00	0.0000000000000000E+00	0.0000000000000000E+00	0.0000000000000000E+00	
1.1522982850910781E-05	5.6353747154846978E-06	2.3022766603153499E-06	2.4004138051847232E-01	0.0000000000000000E+00	0.0000000000000000E+00	0.0000000000000000E+00	0.0000000000000000E+00	0.0000000000000000E+00	0.0000000000000000E+00	0.0000000000000000E+00	0.0000000000000000E+00	0.0000000000000000E+00	0.0000000000000000E+00	
7.7072739673726665E-04	9.5609838104855627E-04	2.3535764443409704E-05	1.4168365575217834E-06	1.6721257164327549E-01	0.0000000000000000E+00	0.0000000000000000E+00	0.0000000000000000E+00	0.0000000000000000E+00	0.0000000000000000E+00	0.0000000000000000E+00	0.0000000000000000E+00	0.0000000000000000E+00	0.0000000000000000E+00	
3.8075114822256104E-05	1.1343052868234560E-06	1.2590245997450164E-05	1.4542547997010915E-06	5.2813603490520222E-10	2.4793679364151414E-01	0.0000000000000000E+00	0.0000000000000000E+00	0.0000000000000000E+00	0.0000000000000000E+00	0.0000000000000000E+00	0.0000000000000000E+00	0.0000000000000000E+00	0.0000000000000000E+00	
1.0798154751271995E-05	3.1485513897616668E-06	2.1988589783564389E-08	3.5618982910566940E-07	1.2523009838156088E-06	8.4239775541283812E-07	2.2750671344948856E-01	0.0000000000000000E+00	0.0000000000000000E+00	0.0000000000000000E+00	0.0000000000000000E+00	0.0000000000000000E+00	0.0000000000000000E+00	0.0000000000000000E+00	
1.6769215981662644E-03	2.1912322442066087E-01	4.8729719732439582E-05	7.6950341363169133E-06	7.6299314774875405E-06	8.1026759073598784E-06	3.4433027504098337E-03	2.7890770188186885E-02	0.0000000000000000E+00	0.0000000000000000E+00	0.0000000000000000E+00	0.0000000000000000E+00	0.0000000000000000E+00	0.0000000000000000E+00	
2.6305314993893350E-06	1.8004301468865780E-06	5.8938032722243797E-04	1.7765013384947802E-06	1.2598010677543600E-08	1.2265462395744109E-09	5.3631064444131883E-02	4.9009743906747200E-02	1.4897341438099734E-01	0.0000000000000000E+00	0.0000000000000000E+00	0.0000000000000000E+00	0.0000000000000000E+00	0.0000000000000000E+00	
7.5670060624808840E-07	4.2650605269756170E-12	4.6309889982552613E-07	1.2012216270332581E-16	2.0316788187349468E-07	2.5379382295157433E-08	1.9944768767099497E-07	1.0595791673809678E-01	3.6045100668680163E-06	1.4624749322859057E-01	0.0000000000000000E+00	0.0000000000000000E+00	0.0000000000000000E+00	0.0000000000000000E+00	
3.3651947828688816E-08	6.9493017071375895E-07	1.6842157359919871E-07	4.0289098099697005E-08	3.7289657106890233E-07	3.0372395340115672E-07	7.4205557782584978E-07	6.3870161648449189E-07	2.6102822432391253E-06	6.0943852902006768E-06	2.5219788529695464E-01	0.0000000000000000E+00	0.0000000000000000E+00	0.0000000000000000E+00	
9.8004621834624217E-07	6.9980510624262360E-06	2.0408053055522682E-01	1.7308479851024100E-06	1.1149731148360834E-05	6.5359386580525480E-06	3.9509543568391758E-06	8.2064357306149693E-08	3.0596672611037101E-06	2.3093983289305342E-02	2.4241543143711797E-06	2.4998105515630302E-02	0.0000000000000000E+00	0.0000000000000000E+00	
1.7259845122748196E-07	9.7579503584993565E-08	1.4924574874487406E-02	9.9462937933757611E-03	5.3579816656488199E-02	6.1069041873488758E-02	3.7415419348929640E-02	1.3614879945673196E-02	1.0984621263162428E-02	3.2964361277046966E-02	2.3567121720646689E-03	1.0989484272739933E-03	1.4256075091970674E-02	0.0000000000000000E+00	

==============================================================

