#stage		 order
10	 		3


A
0.0000000000000000E+00	0.0000000000000000E+00	0.0000000000000000E+00	0.0000000000000000E+00	0.0000000000000000E+00	0.0000000000000000E+00	0.0000000000000000E+00	0.0000000000000000E+00	0.0000000000000000E+00	0.0000000000000000E+00	
2.8354434700050701E-01	0.0000000000000000E+00	0.0000000000000000E+00	0.0000000000000000E+00	0.0000000000000000E+00	0.0000000000000000E+00	0.0000000000000000E+00	0.0000000000000000E+00	0.0000000000000000E+00	0.0000000000000000E+00	
2.1974163595522017E-01	2.1974062402230665E-01	0.0000000000000000E+00	0.0000000000000000E+00	0.0000000000000000E+00	0.0000000000000000E+00	0.0000000000000000E+00	0.0000000000000000E+00	0.0000000000000000E+00	0.0000000000000000E+00	
2.1974272535919964E-01	2.1974125696916594E-01	2.8354114647764683E-01	0.0000000000000000E+00	0.0000000000000000E+00	0.0000000000000000E+00	0.0000000000000000E+00	0.0000000000000000E+00	0.0000000000000000E+00	0.0000000000000000E+00	
2.1648645310245446E-01	2.1647656183521891E-01	2.7932674752740427E-01	2.7932554783911334E-01	0.0000000000000000E+00	0.0000000000000000E+00	0.0000000000000000E+00	0.0000000000000000E+00	0.0000000000000000E+00	0.0000000000000000E+00	
2.1648869779316213E-01	2.1647559434704308E-01	2.7931236780802493E-01	2.7931116827943392E-01	2.8353132649407975E-01	0.0000000000000000E+00	0.0000000000000000E+00	0.0000000000000000E+00	0.0000000000000000E+00	0.0000000000000000E+00	
9.4984153772882149E-02	9.4978557931633179E-02	1.1812091306829248E-01	5.6659798207063024E-02	1.2163591243019302E-02	6.2974797829567107E-03	0.0000000000000000E+00	0.0000000000000000E+00	0.0000000000000000E+00	0.0000000000000000E+00	
6.6709082413756074E-02	5.3901879893264490E-02	6.7192898566152459E-02	2.9362127250499415E-02	6.3058499297421258E-03	3.2608354750828829E-03	1.4681585561399879E-01	0.0000000000000000E+00	0.0000000000000000E+00	0.0000000000000000E+00	
5.9189741930480835E-02	4.7825367385586591E-02	5.9618226592083705E-02	2.6049376647680162E-02	5.5945786568079676E-03	2.8930557611959343E-03	1.3025027390568628E-01	2.5155528298590601E-01	0.0000000000000000E+00	0.0000000000000000E+00	
5.4420881871927618E-02	4.3966925315043169E-02	5.4808603871824998E-02	2.3944935773268870E-02	5.1427064910016243E-03	2.6593184738778388E-03	1.1972702521765637E-01	2.3123149615945951E-01	2.6063374078554841E-01	0.0000000000000000E+00	

b
1.1790515512580146E-01	
9.3505549853328082E-02	
1.1363572300722818E-01	
9.1604492476985988E-02	
6.4408717285897837E-02	
2.3561387533675926E-02	
8.6179652702387893E-02	
1.5680845771279275E-01	
1.3690206095595697E-01	
1.1548880334594477E-01	

c
0.0000000000000000E+00	
2.8354434700050701E-01	
4.3948225997752682E-01	
7.2302512880601233E-01	
9.9161531030419103E-01	
1.2751191547217438E+00	
3.8320449400584683E-01	
3.7354852914249626E-01	
5.8297590386542752E-01	
7.9653563395960836E-01	

r
3.5267270140762963E+00	

errcoeff
4.1598491097667636E-03	

v_opt
1.0000000000000000E+00	
1.6491762384718278E-05	
2.2501845583127067E-01	
2.4087503133207733E-06	
1.4828666192737039E-02	
4.4206854094008818E-06	
5.7063636345728441E-01	
4.1561543688152525E-01	
1.1280043839949705E-01	
8.0742884886006117E-02	
3.0115909765981996E-12	

alpha_opt
0.0000000000000000E+00	0.0000000000000000E+00	0.0000000000000000E+00	0.0000000000000000E+00	0.0000000000000000E+00	0.0000000000000000E+00	0.0000000000000000E+00	0.0000000000000000E+00	0.0000000000000000E+00	0.0000000000000000E+00	0.0000000000000000E+00	
9.9998350823761528E-01	0.0000000000000000E+00	0.0000000000000000E+00	0.0000000000000000E+00	0.0000000000000000E+00	0.0000000000000000E+00	0.0000000000000000E+00	0.0000000000000000E+00	0.0000000000000000E+00	0.0000000000000000E+00	0.0000000000000000E+00	
1.6349352991828796E-05	7.7496519481573756E-01	0.0000000000000000E+00	0.0000000000000000E+00	0.0000000000000000E+00	0.0000000000000000E+00	0.0000000000000000E+00	0.0000000000000000E+00	0.0000000000000000E+00	0.0000000000000000E+00	0.0000000000000000E+00	
1.6102906406637066E-06	2.3760091860656037E-05	9.9997222086718540E-01	0.0000000000000000E+00	0.0000000000000000E+00	0.0000000000000000E+00	0.0000000000000000E+00	0.0000000000000000E+00	0.0000000000000000E+00	0.0000000000000000E+00	0.0000000000000000E+00	
2.9782293899030981E-05	4.9999104419972554E-06	3.1596334492799189E-05	9.8510495526842912E-01	0.0000000000000000E+00	0.0000000000000000E+00	0.0000000000000000E+00	0.0000000000000000E+00	0.0000000000000000E+00	0.0000000000000000E+00	0.0000000000000000E+00	
1.1331191322562845E-05	3.5890527431291781E-05	5.8731802987886154E-16	1.0769129974034900E-05	9.9993758846586211E-01	0.0000000000000000E+00	0.0000000000000000E+00	0.0000000000000000E+00	0.0000000000000000E+00	0.0000000000000000E+00	0.0000000000000000E+00	
1.6597300039185588E-05	1.2122519083383560E-02	2.1676076961097121E-01	1.5756469859567016E-01	2.0689559881891740E-02	2.2209492070759736E-02	0.0000000000000000E+00	0.0000000000000000E+00	0.0000000000000000E+00	0.0000000000000000E+00	0.0000000000000000E+00	
4.5157214690103607E-02	1.7315505128256950E-04	2.1186706291774399E-02	6.0561246481961501E-05	2.7023658835780709E-05	4.5810054463904196E-07	5.1777944407945176E-01	0.0000000000000000E+00	0.0000000000000000E+00	0.0000000000000000E+00	0.0000000000000000E+00	
7.9332974248132176E-06	1.6420387636996184E-07	2.3344445487391976E-05	6.5890110349464914E-08	2.9860765953147085E-07	5.2230143304528383E-07	4.2083020896962038E-07	8.8716681202430248E-01	0.0000000000000000E+00	0.0000000000000000E+00	0.0000000000000000E+00	
2.7291806509523066E-05	1.2945468241913240E-14	2.4441993312463466E-05	9.8762287976805082E-08	4.5136199359424604E-07	2.7530532650571635E-17	-1.4682950746971538E-16	2.0776797991136832E-05	9.1918405439188633E-01	0.0000000000000000E+00	0.0000000000000000E+00	
6.1048544714020728E-02	1.5399757843952441E-02	8.1463453853122581E-05	5.1372083986381413E-02	1.3775907312171298E-01	7.6343898617724018E-02	1.7589194883050621E-02	1.2467365553053765E-01	1.0843484526947478E-01	4.0729748257628073E-01	0.0000000000000000E+00	

beta_opt
0.0000000000000000E+00	0.0000000000000000E+00	0.0000000000000000E+00	0.0000000000000000E+00	0.0000000000000000E+00	0.0000000000000000E+00	0.0000000000000000E+00	0.0000000000000000E+00	0.0000000000000000E+00	0.0000000000000000E+00	0.0000000000000000E+00	
2.8354434700050701E-01	0.0000000000000000E+00	0.0000000000000000E+00	0.0000000000000000E+00	0.0000000000000000E+00	0.0000000000000000E+00	0.0000000000000000E+00	0.0000000000000000E+00	0.0000000000000000E+00	0.0000000000000000E+00	0.0000000000000000E+00	
4.6358430711712639E-06	2.1974062402230665E-01	0.0000000000000000E+00	0.0000000000000000E+00	0.0000000000000000E+00	0.0000000000000000E+00	0.0000000000000000E+00	0.0000000000000000E+00	0.0000000000000000E+00	0.0000000000000000E+00	0.0000000000000000E+00	
4.5659633826633517E-07	6.7371508387925605E-06	2.8354114647764683E-01	0.0000000000000000E+00	0.0000000000000000E+00	0.0000000000000000E+00	0.0000000000000000E+00	0.0000000000000000E+00	0.0000000000000000E+00	0.0000000000000000E+00	0.0000000000000000E+00	
8.4447403444290836E-06	1.4177197220339120E-06	8.9591097828800592E-06	2.7932554783911334E-01	0.0000000000000000E+00	0.0000000000000000E+00	0.0000000000000000E+00	0.0000000000000000E+00	0.0000000000000000E+00	0.0000000000000000E+00	0.0000000000000000E+00	
3.2129482314726811E-06	1.0176723996123411E-05	1.6653345369377348E-16	3.0535762851058301E-06	2.8353132649407975E-01	0.0000000000000000E+00	0.0000000000000000E+00	0.0000000000000000E+00	0.0000000000000000E+00	0.0000000000000000E+00	0.0000000000000000E+00	
4.7061482142604638E-06	3.4373284451031313E-03	6.1462304496391548E-02	4.4677316381326743E-02	5.8665044954370480E-03	6.2974797829567107E-03	0.0000000000000000E+00	0.0000000000000000E+00	0.0000000000000000E+00	0.0000000000000000E+00	0.0000000000000000E+00	
1.2804284116878291E-02	4.9097945657408833E-05	6.0074698743584065E-03	1.7172082285165224E-05	7.6625320668140342E-06	1.2989396197060979E-07	1.4681585561399879E-01	0.0000000000000000E+00	0.0000000000000000E+00	0.0000000000000000E+00	0.0000000000000000E+00	
2.2494787357482671E-06	4.6559848754235134E-08	6.6192947156470949E-06	1.8683076429687473E-08	8.4669910187240571E-08	1.4809806116828847E-07	1.1932599469632876E-07	2.5155528298590601E-01	0.0000000000000000E+00	0.0000000000000000E+00	0.0000000000000000E+00	
7.7385650777833659E-06	3.6706748751669238E-15	6.9305033293873275E-06	2.8003950287153190E-08	1.2798325240391539E-07	7.8062556418956319E-18	-4.1633363423443370E-17	5.8912407761013696E-06	2.6063374078554841E-01	0.0000000000000000E+00	0.0000000000000000E+00	
1.7310255222884215E-02	4.3665862945330321E-03	2.3098882768475548E-05	1.4566504235300344E-02	3.9061450623853293E-02	2.1647237882138903E-02	4.9873990283789416E-03	3.5351093247402321E-02	3.0746594459564208E-02	1.1548880334594477E-01	0.0000000000000000E+00	

==============================================================

