#stage		 order
11	 		3


A
0.0000000000000000E+00	0.0000000000000000E+00	0.0000000000000000E+00	0.0000000000000000E+00	0.0000000000000000E+00	0.0000000000000000E+00	0.0000000000000000E+00	0.0000000000000000E+00	0.0000000000000000E+00	0.0000000000000000E+00	0.0000000000000000E+00	
2.7141031884682548E-01	0.0000000000000000E+00	0.0000000000000000E+00	0.0000000000000000E+00	0.0000000000000000E+00	0.0000000000000000E+00	0.0000000000000000E+00	0.0000000000000000E+00	0.0000000000000000E+00	0.0000000000000000E+00	0.0000000000000000E+00	
2.7076829422546617E-01	2.7075558044873366E-01	0.0000000000000000E+00	0.0000000000000000E+00	0.0000000000000000E+00	0.0000000000000000E+00	0.0000000000000000E+00	0.0000000000000000E+00	0.0000000000000000E+00	0.0000000000000000E+00	0.0000000000000000E+00	
1.7908479857894760E-01	1.7907200044211904E-01	1.7950478039145501E-01	0.0000000000000000E+00	0.0000000000000000E+00	0.0000000000000000E+00	0.0000000000000000E+00	0.0000000000000000E+00	0.0000000000000000E+00	0.0000000000000000E+00	0.0000000000000000E+00	
1.7789707142991412E-01	1.7787348175583065E-01	1.7829642877881999E-01	2.6958466885644955E-01	0.0000000000000000E+00	0.0000000000000000E+00	0.0000000000000000E+00	0.0000000000000000E+00	0.0000000000000000E+00	0.0000000000000000E+00	0.0000000000000000E+00	
1.0160065059359302E-01	1.0158136346487849E-01	1.0181103624232389E-01	1.2229893190864607E-01	1.2307456212694570E-01	0.0000000000000000E+00	0.0000000000000000E+00	0.0000000000000000E+00	0.0000000000000000E+00	0.0000000000000000E+00	0.0000000000000000E+00	
1.2738447559304930E-01	1.2685087740805093E-01	1.1101252627574008E-01	1.1562111148023257E-01	3.7266441576684593E-02	2.7423432048873549E-02	0.0000000000000000E+00	0.0000000000000000E+00	0.0000000000000000E+00	0.0000000000000000E+00	0.0000000000000000E+00	
1.2412177017472409E-01	1.2360015577528605E-01	1.0817025498324725E-01	1.1265814966177111E-01	3.6311294505758519E-02	2.6718351561427350E-02	2.6442038530490375E-01	0.0000000000000000E+00	0.0000000000000000E+00	0.0000000000000000E+00	0.0000000000000000E+00	
1.2106028949911697E-01	1.2055156523109997E-01	1.0550189345115359E-01	1.0988106098350454E-01	3.5415135132350152E-02	2.6060721429598421E-02	2.5788571244108810E-01	2.6471145784927747E-01	0.0000000000000000E+00	0.0000000000000000E+00	0.0000000000000000E+00	
1.2106804131510657E-01	1.2053420182534456E-01	1.0548579618666196E-01	1.0986114587415943E-01	3.5416011533402465E-02	2.6058306836668096E-02	2.5781395681354430E-01	2.6463556689519790E-01	2.7134127496168531E-01	0.0000000000000000E+00	0.0000000000000000E+00	
7.2570305119767461E-02	7.2250513041037148E-02	6.3223933278200986E-02	6.5843962779286044E-02	2.1243276806251161E-02	1.5668007514016553E-02	1.5443997375620044E-01	1.5852497729793821E-01	1.6252857738378090E-01	1.6257121421016196E-01	0.0000000000000000E+00	

b
1.4943048931564326E-01	
1.4909357013433377E-01	
1.3952062047150865E-01	
1.3869222046433519E-01	
4.3392426248694105E-02	
1.6919493118441938E-02	
1.6698308131891398E-01	
1.2608873940268894E-01	
4.6831228876901415E-02	
8.6338243701259906E-03	
1.4414306278412689E-02	

c
0.0000000000000000E+00	
2.7141031884682548E-01	
5.4152387467419982E-01	
5.3766157941252168E-01	
8.0365165082101431E-01	
5.5036654433638721E-01	
5.4555886438263101E-01	
7.9600036196711810E-01	
1.0410678360171892E+00	
1.3122143022417707E+00	
9.4886474118664088E-01	

r
3.6843392111340880E+00	

errcoeff
5.4613383926415474E-03	

v_opt
1.0000000000000000E+00	
3.2319969440974816E-05	
2.3655154963231340E-03	
3.3860508194053851E-01	
6.6751714019599451E-03	
4.6917015912230198E-01	
3.3712809839889557E-01	
2.5677805829282918E-02	
2.4677737885978601E-02	
1.0396123301958937E-04	
4.0065222279686064E-01	
4.7162274086076650E-13	

alpha_opt
0.0000000000000000E+00	0.0000000000000000E+00	0.0000000000000000E+00	0.0000000000000000E+00	0.0000000000000000E+00	0.0000000000000000E+00	0.0000000000000000E+00	0.0000000000000000E+00	0.0000000000000000E+00	0.0000000000000000E+00	0.0000000000000000E+00	0.0000000000000000E+00	
9.9996768003055903E-01	0.0000000000000000E+00	0.0000000000000000E+00	0.0000000000000000E+00	0.0000000000000000E+00	0.0000000000000000E+00	0.0000000000000000E+00	0.0000000000000000E+00	0.0000000000000000E+00	0.0000000000000000E+00	0.0000000000000000E+00	0.0000000000000000E+00	
7.9082826234896553E-05	9.9755540167744194E-01	0.0000000000000000E+00	0.0000000000000000E+00	0.0000000000000000E+00	0.0000000000000000E+00	0.0000000000000000E+00	0.0000000000000000E+00	0.0000000000000000E+00	0.0000000000000000E+00	0.0000000000000000E+00	0.0000000000000000E+00	
1.6174223547465771E-05	2.2242855782862809E-05	6.6135650098013121E-01	0.0000000000000000E+00	0.0000000000000000E+00	0.0000000000000000E+00	0.0000000000000000E+00	0.0000000000000000E+00	0.0000000000000000E+00	0.0000000000000000E+00	0.0000000000000000E+00	0.0000000000000000E+00	
4.0078357566823371E-05	2.5494871354441848E-05	1.7889183886860919E-05	9.9324136618523196E-01	0.0000000000000000E+00	0.0000000000000000E+00	0.0000000000000000E+00	0.0000000000000000E+00	0.0000000000000000E+00	0.0000000000000000E+00	0.0000000000000000E+00	0.0000000000000000E+00	
2.8030505098207018E-05	4.9209004727391509E-05	7.7097159131510246E-02	2.0700710035125125E-04	4.5344843513601096E-01	0.0000000000000000E+00	0.0000000000000000E+00	0.0000000000000000E+00	0.0000000000000000E+00	0.0000000000000000E+00	0.0000000000000000E+00	0.0000000000000000E+00	
1.9334913505685968E-03	5.9335770286857284E-02	1.1948613137362539E-01	2.8959224264959760E-01	9.1487039939243439E-02	1.0103722600121218E-01	0.0000000000000000E+00	0.0000000000000000E+00	0.0000000000000000E+00	0.0000000000000000E+00	0.0000000000000000E+00	0.0000000000000000E+00	
6.5353961545631443E-06	2.2593135067678838E-13	2.9208844949655367E-05	4.6594466384452171E-05	1.7911229662788531E-05	7.5504344217487695E-06	9.7421439379891794E-01	0.0000000000000000E+00	0.0000000000000000E+00	0.0000000000000000E+00	0.0000000000000000E+00	0.0000000000000000E+00	
7.2895509150250894E-10	4.0702476070797092E-06	9.8765563977830846E-10	2.1564895771261605E-05	3.4092424928302674E-14	9.8214635181860253E-06	3.0449222129907128E-12	9.7528680378743515E-01	0.0000000000000000E+00	0.0000000000000000E+00	0.0000000000000000E+00	0.0000000000000000E+00	
9.3049914297121299E-05	1.0879997376183670E-05	2.1501377071536101E-05	4.7494515359568496E-14	3.1454543844428544E-05	1.7820168379027459E-05	8.0260834674683774E-06	7.7452482515875810E-09	9.9971329893724892E-01	0.0000000000000000E+00	0.0000000000000000E+00	0.0000000000000000E+00	
3.3881618593360811E-15	4.4634342822692590E-05	2.8371474434409260E-05	2.0295034517234196E-05	5.2844086965775587E-06	2.1417334500737064E-04	4.9896463335911035E-06	4.7893749789147704E-05	1.4636087275869864E-05	5.9896749911425906E-01	0.0000000000000000E+00	0.0000000000000000E+00	
6.4837142340976384E-06	2.6549830380905788E-10	9.7760101093573123E-02	1.7399432957033575E-01	7.5311263144633392E-02	1.5965273595199553E-04	1.6264690556266917E-01	2.9627307764127681E-01	1.4074053784882348E-01	4.5459985028333511E-07	5.3107193822681913E-02	0.0000000000000000E+00	

beta_opt
0.0000000000000000E+00	0.0000000000000000E+00	0.0000000000000000E+00	0.0000000000000000E+00	0.0000000000000000E+00	0.0000000000000000E+00	0.0000000000000000E+00	0.0000000000000000E+00	0.0000000000000000E+00	0.0000000000000000E+00	0.0000000000000000E+00	0.0000000000000000E+00	
2.7141031884682548E-01	0.0000000000000000E+00	0.0000000000000000E+00	0.0000000000000000E+00	0.0000000000000000E+00	0.0000000000000000E+00	0.0000000000000000E+00	0.0000000000000000E+00	0.0000000000000000E+00	0.0000000000000000E+00	0.0000000000000000E+00	0.0000000000000000E+00	
2.1464588818576047E-05	2.7075558044873366E-01	0.0000000000000000E+00	0.0000000000000000E+00	0.0000000000000000E+00	0.0000000000000000E+00	0.0000000000000000E+00	0.0000000000000000E+00	0.0000000000000000E+00	0.0000000000000000E+00	0.0000000000000000E+00	0.0000000000000000E+00	
4.3899930545588866E-06	6.0371357001320902E-06	1.7950478039145501E-01	0.0000000000000000E+00	0.0000000000000000E+00	0.0000000000000000E+00	0.0000000000000000E+00	0.0000000000000000E+00	0.0000000000000000E+00	0.0000000000000000E+00	0.0000000000000000E+00	0.0000000000000000E+00	
1.0878031383710511E-05	6.9197948108246830E-06	4.8554660311561637E-06	2.6958466885644955E-01	0.0000000000000000E+00	0.0000000000000000E+00	0.0000000000000000E+00	0.0000000000000000E+00	0.0000000000000000E+00	0.0000000000000000E+00	0.0000000000000000E+00	0.0000000000000000E+00	
7.6080142169289314E-06	1.3356263337219176E-05	2.0925640858140707E-02	5.6185679029319147E-05	1.2307456212694570E-01	0.0000000000000000E+00	0.0000000000000000E+00	0.0000000000000000E+00	0.0000000000000000E+00	0.0000000000000000E+00	0.0000000000000000E+00	0.0000000000000000E+00	
5.2478646502791479E-04	1.6104860841188166E-02	3.2430817176909446E-02	7.8600863290594125E-02	2.4831329228064150E-02	2.7423432048873549E-02	0.0000000000000000E+00	0.0000000000000000E+00	0.0000000000000000E+00	0.0000000000000000E+00	0.0000000000000000E+00	0.0000000000000000E+00	
1.7738312842732012E-06	6.1322081852492605E-14	7.9278381484201415E-06	1.2646627716523185E-05	4.8614496756211086E-06	2.0493320481880517E-06	2.6442038530490375E-01	0.0000000000000000E+00	0.0000000000000000E+00	0.0000000000000000E+00	0.0000000000000000E+00	0.0000000000000000E+00	
1.9785232839092023E-10	1.1047429060799970E-06	2.6806859607192922E-10	5.8531244099787354E-06	9.2533349875561144E-15	2.6657327014127808E-06	8.2645001953096653E-13	2.6471145784927747E-01	0.0000000000000000E+00	0.0000000000000000E+00	0.0000000000000000E+00	0.0000000000000000E+00	
2.5255523165788412E-05	2.9530389990528422E-06	5.8358842222311596E-06	1.2890918191297944E-14	8.5373637013317364E-06	4.8367339047479555E-06	2.1784322798615414E-06	2.1022082408173048E-09	2.7134127496168531E-01	0.0000000000000000E+00	0.0000000000000000E+00	0.0000000000000000E+00	
9.1961181237273232E-16	1.2114612760939734E-05	7.7005598042551271E-06	5.5084598225829950E-06	1.4342894054448062E-06	5.8130734640508787E-05	1.3542852727914860E-06	1.2999278037311580E-05	3.9725135057289140E-06	1.6257121421016196E-01	0.0000000000000000E+00	0.0000000000000000E+00	
1.7598038243939675E-06	7.2061308309390171E-11	2.6533957785009332E-02	4.7225382789153045E-02	2.0440914592577103E-02	4.3332800484286588E-05	4.4145475278625515E-02	8.0414169451848524E-02	3.8199668864353241E-02	1.2338707817971528E-07	1.4414306278412689E-02	0.0000000000000000E+00	

==============================================================

