#stage		 order
10	 		4


A
0.0000000000000000E+00	0.0000000000000000E+00	0.0000000000000000E+00	0.0000000000000000E+00	0.0000000000000000E+00	0.0000000000000000E+00	0.0000000000000000E+00	0.0000000000000000E+00	0.0000000000000000E+00	0.0000000000000000E+00	
2.8742411034304821E-01	0.0000000000000000E+00	0.0000000000000000E+00	0.0000000000000000E+00	0.0000000000000000E+00	0.0000000000000000E+00	0.0000000000000000E+00	0.0000000000000000E+00	0.0000000000000000E+00	0.0000000000000000E+00	
2.8742411034304821E-01	2.8737439334184672E-01	0.0000000000000000E+00	0.0000000000000000E+00	0.0000000000000000E+00	0.0000000000000000E+00	0.0000000000000000E+00	0.0000000000000000E+00	0.0000000000000000E+00	0.0000000000000000E+00	
2.8742411034304821E-01	2.8721380545066683E-01	2.6507588806027216E-01	0.0000000000000000E+00	0.0000000000000000E+00	0.0000000000000000E+00	0.0000000000000000E+00	0.0000000000000000E+00	0.0000000000000000E+00	0.0000000000000000E+00	
8.9578821428066266E-02	8.9552597543192433E-02	3.6140202704303508E-02	2.7453425892298391E-02	0.0000000000000000E+00	0.0000000000000000E+00	0.0000000000000000E+00	0.0000000000000000E+00	0.0000000000000000E+00	0.0000000000000000E+00	
1.0239723341440650E-01	9.5761303322014976E-02	2.6357332960037387E-02	9.6017252438411922E-03	1.0017514154835649E-01	0.0000000000000000E+00	0.0000000000000000E+00	0.0000000000000000E+00	0.0000000000000000E+00	0.0000000000000000E+00	
8.6652391035467055E-02	8.1336211859890567E-02	2.1171296002867476E-02	7.7360742912632070E-03	8.0694165906356724E-02	2.3023503859997943E-01	0.0000000000000000E+00	0.0000000000000000E+00	0.0000000000000000E+00	0.0000000000000000E+00	
8.8721373996905023E-02	8.4114237509752124E-02	2.5231577260147228E-02	1.0206311536443887E-02	1.0659659123492642E-01	1.9934362417399604E-01	2.4658713249168901E-01	0.0000000000000000E+00	0.0000000000000000E+00	0.0000000000000000E+00	
6.3107857243147478E-02	5.9830075465461402E-02	1.7950036809698512E-02	7.2597642949743480E-03	7.5814997610675061E-02	1.4177997940597753E-01	1.7538034782221962E-01	2.0442480792143003E-01	0.0000000000000000E+00	0.0000000000000000E+00	
6.3107984034107528E-02	5.9830104740297221E-02	1.7950045585111405E-02	7.2597678481825471E-03	7.5815034724262736E-02	1.4178004881081027E-01	1.7538043367558381E-01	2.0442490799118826E-01	2.8742343163820155E-01	0.0000000000000000E+00	

b
1.1213648601626341E-01	
1.0899443916728049E-01	
3.8171832744057291E-02	
1.4663020058991269E-02	
7.2505076687027700E-02	
1.3558999983192849E-01	
1.6772397481417667E-01	
1.9550051209526390E-01	
7.7357237959081337E-02	
7.7357420625929429E-02	

c
0.0000000000000000E+00	
2.8742411034304821E-01	
5.7479850368489493E-01	
8.3971380385398720E-01	
2.4272504756786059E-01	
3.3429273648865659E-01	
5.0782517769582447E-01	
7.6080084820385974E-01	
7.4554786657358396E-01	
1.0329717590477454E+00	

r
3.4791792477202894E+00	

errcoeff
2.4859492944515715E-03	

v_opt
1.0000000000000000E+00	
2.2328361382051298E-11	
3.8857805861880479E-15	
1.2767564783189300E-14	
6.8833922345223053E-01	
4.0383667761615705E-01	
1.8178505168722447E-01	
5.5035975776718260E-12	
2.8874520996865283E-01	
6.4471761263007465E-12	
6.1919223569967596E-02	

alpha_opt
0.0000000000000000E+00	0.0000000000000000E+00	0.0000000000000000E+00	0.0000000000000000E+00	0.0000000000000000E+00	0.0000000000000000E+00	0.0000000000000000E+00	0.0000000000000000E+00	0.0000000000000000E+00	0.0000000000000000E+00	0.0000000000000000E+00	
9.9999999997767164E-01	0.0000000000000000E+00	0.0000000000000000E+00	0.0000000000000000E+00	0.0000000000000000E+00	0.0000000000000000E+00	0.0000000000000000E+00	0.0000000000000000E+00	0.0000000000000000E+00	0.0000000000000000E+00	0.0000000000000000E+00	
1.7297438115970460E-04	9.9982702561883641E-01	0.0000000000000000E+00	0.0000000000000000E+00	0.0000000000000000E+00	0.0000000000000000E+00	0.0000000000000000E+00	0.0000000000000000E+00	0.0000000000000000E+00	0.0000000000000000E+00	0.0000000000000000E+00	
5.7216341696887359E-04	7.7181307793285206E-02	9.2224652878973312E-01	0.0000000000000000E+00	0.0000000000000000E+00	0.0000000000000000E+00	0.0000000000000000E+00	0.0000000000000000E+00	0.0000000000000000E+00	0.0000000000000000E+00	0.0000000000000000E+00	
1.4837696477169034E-05	1.7848104249827951E-01	3.7649506711834001E-02	9.5515389641178741E-02	0.0000000000000000E+00	0.0000000000000000E+00	0.0000000000000000E+00	0.0000000000000000E+00	0.0000000000000000E+00	0.0000000000000000E+00	0.0000000000000000E+00	
2.3047443093234171E-02	1.7670087605465556E-01	4.7771324760243233E-02	1.1640487100754299E-04	3.4852727360470243E-01	0.0000000000000000E+00	0.0000000000000000E+00	0.0000000000000000E+00	0.0000000000000000E+00	0.0000000000000000E+00	0.0000000000000000E+00	
1.9640701827194198E-06	1.5608940178392270E-02	8.5765645940588102E-13	6.0506857822762774E-06	1.5690250003179908E-03	8.0102896837724258E-01	0.0000000000000000E+00	0.0000000000000000E+00	0.0000000000000000E+00	0.0000000000000000E+00	0.0000000000000000E+00	
1.7590661930036180E-06	2.2984720600080248E-06	7.9416573107614179E-03	3.6051639727186565E-13	1.2780069135739849E-01	6.3327596869408873E-03	8.5792083410078201E-01	0.0000000000000000E+00	0.0000000000000000E+00	0.0000000000000000E+00	0.0000000000000000E+00	
3.5770410624358326E-06	2.3235656077570788E-06	1.3422382127616179E-05	2.4361417692805560E-06	1.1548064424110949E-11	2.3210776809097896E-06	1.6038798606979668E-07	7.1123054942356501E-01	0.0000000000000000E+00	0.0000000000000000E+00	0.0000000000000000E+00	
3.3370374425619079E-07	7.2424967016203434E-17	3.1384152373688155E-16	4.6771168564046066E-12	1.4618738175663943E-12	5.7706282386057129E-12	5.3668831891460507E-12	2.0276306778306637E-06	9.9999763864185387E-01	0.0000000000000000E+00	0.0000000000000000E+00	
2.3449755820506349E-12	1.0499892321773041E-01	4.8319477092296226E-02	2.6861639281889407E-02	1.3947479439702097E-12	6.9045135222113941E-14	9.3627134693640265E-12	4.8876040432604168E-01	6.0094857798251522E-12	2.6914033249289371E-01	0.0000000000000000E+00	

beta_opt
0.0000000000000000E+00	0.0000000000000000E+00	0.0000000000000000E+00	0.0000000000000000E+00	0.0000000000000000E+00	0.0000000000000000E+00	0.0000000000000000E+00	0.0000000000000000E+00	0.0000000000000000E+00	0.0000000000000000E+00	0.0000000000000000E+00	
2.8742411034304821E-01	0.0000000000000000E+00	0.0000000000000000E+00	0.0000000000000000E+00	0.0000000000000000E+00	0.0000000000000000E+00	0.0000000000000000E+00	0.0000000000000000E+00	0.0000000000000000E+00	0.0000000000000000E+00	0.0000000000000000E+00	
4.9717007618077513E-05	2.8737439334184672E-01	0.0000000000000000E+00	0.0000000000000000E+00	0.0000000000000000E+00	0.0000000000000000E+00	0.0000000000000000E+00	0.0000000000000000E+00	0.0000000000000000E+00	0.0000000000000000E+00	0.0000000000000000E+00	
1.6445356109678899E-04	2.2183768728093300E-02	2.6507588806027216E-01	0.0000000000000000E+00	0.0000000000000000E+00	0.0000000000000000E+00	0.0000000000000000E+00	0.0000000000000000E+00	0.0000000000000000E+00	0.0000000000000000E+00	0.0000000000000000E+00	
4.2647117095857140E-06	5.1299754854313206E-02	1.0821375971745133E-02	2.7453425892298391E-02	0.0000000000000000E+00	0.0000000000000000E+00	0.0000000000000000E+00	0.0000000000000000E+00	0.0000000000000000E+00	0.0000000000000000E+00	0.0000000000000000E+00	
6.6243908269027745E-03	5.0788092097980624E-02	1.3730630519428324E-02	3.3457566489687382E-05	1.0017514154835649E-01	0.0000000000000000E+00	0.0000000000000000E+00	0.0000000000000000E+00	0.0000000000000000E+00	0.0000000000000000E+00	0.0000000000000000E+00	
5.6452112493204226E-07	4.4863857442724317E-03	2.4651114483020820E-13	1.7391129779749213E-06	4.5097561483246895E-04	2.3023503859997943E-01	0.0000000000000000E+00	0.0000000000000000E+00	0.0000000000000000E+00	0.0000000000000000E+00	0.0000000000000000E+00	
5.0559803556988678E-07	6.6063628701091073E-07	2.2826237872459326E-03	1.0362110475226061E-13	3.6733000015446937E-02	1.8201878190759468E-03	2.4658713249168901E-01	0.0000000000000000E+00	0.0000000000000000E+00	0.0000000000000000E+00	0.0000000000000000E+00	
1.0281278450541276E-06	6.6784877764819450E-07	3.8579162418006518E-06	7.0020588072063766E-07	3.3191921433584071E-12	6.6713368748749780E-07	4.6099374206853838E-08	2.0442480792143003E-01	0.0000000000000000E+00	0.0000000000000000E+00	0.0000000000000000E+00	
9.5914501813121333E-08	2.0816681711721685E-17	9.0205620750793969E-17	1.3443161514525848E-12	4.2017778145719831E-13	1.6586176876387526E-12	1.5425716259898081E-12	5.8278994369276305E-07	2.8742343163820155E-01	0.0000000000000000E+00	0.0000000000000000E+00	
6.7400252046212472E-13	3.0179222093508044E-02	1.3888182715804640E-02	7.7206827731253289E-03	4.0088418695738426E-13	1.9845236565174673E-14	2.6910695893889169E-12	1.4048152438745778E-01	1.7272711039240107E-12	7.7357420625929429E-02	0.0000000000000000E+00	

==============================================================

