#stage		 order
6	 		3


A
0.0000000000000000E+00	0.0000000000000000E+00	0.0000000000000000E+00	0.0000000000000000E+00	0.0000000000000000E+00	0.0000000000000000E+00	
4.2238091341658951E-01	0.0000000000000000E+00	0.0000000000000000E+00	0.0000000000000000E+00	0.0000000000000000E+00	0.0000000000000000E+00	
3.8797773120802659E-01	3.8797773120802659E-01	0.0000000000000000E+00	0.0000000000000000E+00	0.0000000000000000E+00	0.0000000000000000E+00	
2.9594923289555874E-01	1.2629218639291986E-01	1.3749090412979889E-01	0.0000000000000000E+00	0.0000000000000000E+00	0.0000000000000000E+00	
2.3467552627583343E-01	7.6472079157995698E-02	6.2806612414944368E-02	1.9294595877689294E-01	0.0000000000000000E+00	0.0000000000000000E+00	
1.9676118567167683E-01	9.1338913044307746E-02	8.2373800353719134E-02	1.1986698374768401E-01	2.6240262509142331E-01	0.0000000000000000E+00	

b
2.2502372952511260E-01	
7.7498066611120880E-02	
7.1820941532458368E-02	
1.2206960397645317E-01	
1.9297006438540512E-01	
3.1061759396944988E-01	

c
0.0000000000000000E+00	
4.2238091341658951E-01	
7.7595546241605318E-01	
5.5973232341827750E-01	
5.6690017662566639E-01	
7.5274350790881106E-01	

r
2.3675312217853728E+00	

errcoeff
1.3804953572824855E-02	

v_opt
1.0000000000000000E+00	
2.9094837650234240E-11	
8.1450608007543779E-02	
2.7281763718276908E-01	
3.0766231539753119E-01	
2.4972033961311124E-01	
5.0351318144549850E-02	

alpha_opt
0.0000000000000000E+00	0.0000000000000000E+00	0.0000000000000000E+00	0.0000000000000000E+00	0.0000000000000000E+00	0.0000000000000000E+00	0.0000000000000000E+00	
9.9999999997090516E-01	0.0000000000000000E+00	0.0000000000000000E+00	0.0000000000000000E+00	0.0000000000000000E+00	0.0000000000000000E+00	0.0000000000000000E+00	
2.6725016999675031E-11	9.1854939196573115E-01	0.0000000000000000E+00	0.0000000000000000E+00	0.0000000000000000E+00	0.0000000000000000E+00	0.0000000000000000E+00	
4.0166835457920402E-01	8.6993742298191247E-12	3.2551400822932758E-01	0.0000000000000000E+00	0.0000000000000000E+00	0.0000000000000000E+00	0.0000000000000000E+00	
1.9106725414890610E-01	4.4464848940919503E-02	4.3262935746121320E-12	4.5680558150831690E-01	0.0000000000000000E+00	0.0000000000000000E+00	0.0000000000000000E+00	
1.6901685689070939E-02	9.4862613358440082E-03	1.0264530578940544E-01	8.2568026177315034E-12	6.2124640756431160E-01	0.0000000000000000E+00	0.0000000000000000E+00	
1.3346707408131589E-01	2.1576598192868655E-13	4.7856694109848748E-04	8.0306189082399490E-02	1.3292262166753377E-11	7.3539685173712832E-01	0.0000000000000000E+00	

beta_opt
0.0000000000000000E+00	0.0000000000000000E+00	0.0000000000000000E+00	0.0000000000000000E+00	0.0000000000000000E+00	0.0000000000000000E+00	0.0000000000000000E+00	
4.2238091341658951E-01	0.0000000000000000E+00	0.0000000000000000E+00	0.0000000000000000E+00	0.0000000000000000E+00	0.0000000000000000E+00	0.0000000000000000E+00	
1.1288137091725048E-11	3.8797773120802659E-01	0.0000000000000000E+00	0.0000000000000000E+00	0.0000000000000000E+00	0.0000000000000000E+00	0.0000000000000000E+00	
1.6965704650263888E-01	3.6744496334506493E-12	1.3749090412979889E-01	0.0000000000000000E+00	0.0000000000000000E+00	0.0000000000000000E+00	0.0000000000000000E+00	
8.0703161333762652E-02	1.8781103511142684E-02	1.8273438318061608E-12	1.9294595877689294E-01	0.0000000000000000E+00	0.0000000000000000E+00	0.0000000000000000E+00	
7.1389494398375886E-03	4.0068157280588462E-03	4.3355418018515626E-02	3.4875158316793886E-12	2.6240262509142331E-01	0.0000000000000000E+00	0.0000000000000000E+00	
5.6373944663146019E-02	9.1135432533917538E-14	2.0213754171804349E-04	3.3919801498616134E-02	5.6143978355294166E-12	3.1061759396944988E-01	0.0000000000000000E+00	

==============================================================

