#stage		 order
3	 		2


A
0.0000000000000000E+00	0.0000000000000000E+00	0.0000000000000000E+00	
8.5390240420583463E-01	0.0000000000000000E+00	0.0000000000000000E+00	
4.8636955379068086E-01	4.8636955379068086E-01	0.0000000000000000E+00	

b
4.6214270467097529E-01	
1.9518233681713748E-01	
3.4267495851188728E-01	

c
0.0000000000000000E+00	
8.5390240420583463E-01	
9.7273910758136173E-01	

r
1.1710940209028247E+00	

errcoeff
7.0925792822958897E-02	

v_opt
1.0000000000000000E+00	
1.2471135235614383E-12	
4.3041552360655888E-01	
2.8605971436256250E-01	

alpha_opt
0.0000000000000000E+00	0.0000000000000000E+00	0.0000000000000000E+00	0.0000000000000000E+00	
9.9999999999875289E-01	0.0000000000000000E+00	0.0000000000000000E+00	0.0000000000000000E+00	
7.1035090956013166E-13	5.6958447639273080E-01	0.0000000000000000E+00	0.0000000000000000E+00	
3.1263569061125823E-01	2.8506348846171660E-13	4.0130459502589427E-01	0.0000000000000000E+00	

beta_opt
0.0000000000000000E+00	0.0000000000000000E+00	0.0000000000000000E+00	0.0000000000000000E+00	
8.5390240420583463E-01	0.0000000000000000E+00	0.0000000000000000E+00	0.0000000000000000E+00	
6.0657034950395428E-13	4.8636955379068086E-01	0.0000000000000000E+00	0.0000000000000000E+00	
2.6696036785383781E-01	2.4341639814906557E-13	3.4267495851188728E-01	0.0000000000000000E+00	

==============================================================

