#stage		 order
11	 		3


A
0.0000000000000000E+00	0.0000000000000000E+00	0.0000000000000000E+00	0.0000000000000000E+00	0.0000000000000000E+00	0.0000000000000000E+00	0.0000000000000000E+00	0.0000000000000000E+00	0.0000000000000000E+00	0.0000000000000000E+00	0.0000000000000000E+00	
-6.8887048709337440E-01	0.0000000000000000E+00	0.0000000000000000E+00	0.0000000000000000E+00	0.0000000000000000E+00	0.0000000000000000E+00	0.0000000000000000E+00	0.0000000000000000E+00	0.0000000000000000E+00	0.0000000000000000E+00	0.0000000000000000E+00	
4.4947953716129924E-01	-1.3001097935733401E+00	0.0000000000000000E+00	0.0000000000000000E+00	0.0000000000000000E+00	0.0000000000000000E+00	0.0000000000000000E+00	0.0000000000000000E+00	0.0000000000000000E+00	0.0000000000000000E+00	0.0000000000000000E+00	
-4.0220457775904922E-01	4.6631894885199382E-01	-1.1113959288328783E+00	0.0000000000000000E+00	0.0000000000000000E+00	0.0000000000000000E+00	0.0000000000000000E+00	0.0000000000000000E+00	0.0000000000000000E+00	0.0000000000000000E+00	0.0000000000000000E+00	
2.2660266130802586E-02	5.5950924951055236E-01	-1.9054582392951700E+00	1.3253585637331433E+00	0.0000000000000000E+00	0.0000000000000000E+00	0.0000000000000000E+00	0.0000000000000000E+00	0.0000000000000000E+00	0.0000000000000000E+00	0.0000000000000000E+00	
1.9658588460427193E+00	-9.7809250305850604E-01	8.9234292151381689E-01	-1.3366755456091064E+00	-1.0462149127460336E+00	0.0000000000000000E+00	0.0000000000000000E+00	0.0000000000000000E+00	0.0000000000000000E+00	0.0000000000000000E+00	0.0000000000000000E+00	
-1.7106785128107149E+00	-9.5251693886458066E-01	-1.1476584786112867E+00	-2.8885675694366095E-02	2.2148524926010968E+00	1.2333325747294188E+00	0.0000000000000000E+00	0.0000000000000000E+00	0.0000000000000000E+00	0.0000000000000000E+00	0.0000000000000000E+00	
-1.4240544149821766E+00	1.2678640236900418E+00	-4.7839749081092980E-02	1.2718796694031618E+00	1.4863904319064436E+00	-2.1387098051303437E+00	-1.2929585733196651E+00	0.0000000000000000E+00	0.0000000000000000E+00	0.0000000000000000E+00	0.0000000000000000E+00	
2.1497328274290434E-01	-2.2792643881113522E-01	-9.2533093265059418E-01	-6.4669340054957680E-01	-9.6217304223878075E-01	-4.7156865364657241E-01	-4.7397368084624919E-01	3.6038735564087498E+00	0.0000000000000000E+00	0.0000000000000000E+00	0.0000000000000000E+00	
1.8924372340468093E-01	-1.2610522026164765E+00	-2.8016160847562727E-01	-8.2011715526814588E-01	2.1292690179527915E-01	-7.9289526971429630E-02	6.6970905294917005E-01	6.9999223307629727E-02	2.1182300996049555E+00	0.0000000000000000E+00	0.0000000000000000E+00	
-6.6585766988694040E-01	1.8597313297247204E+00	1.2547084276410270E-01	-7.1353638738131997E-01	-1.7474651357699961E-01	-2.7595423621740001E-01	-1.3409191007221450E+00	2.8870446792386656E-01	6.7169141445525704E-01	1.4829089662737499E-01	0.0000000000000000E+00	

b
9.5641201486197602E-01	
-2.1702260678328161E-01	
1.6078078580802946E+00	
-4.9750125473562767E-01	
-2.0787995419318563E+00	
-1.7601721143615792E-01	
-1.1498336867216137E+00	
-3.7459599886531136E-01	
7.8968202616574601E-01	
4.5868860878524725E-01	
1.6811797925805847E+00	

c
0.0000000000000000E+00	
-6.8887048709337440E-01	
-8.5063025641204071E-01	
-1.0472815577399335E+00	
2.0698400793280058E-03	
-5.0278119385710995E-01	
-3.9155453865043188E-01	
-8.7742841751363188E-01	
1.1118069040874544E-01	
8.1948850773003568E-01	
-7.7124956289482141E-02	

r
0.0000000000000000E+00	

errcoeff
5.7872019303142244E+00	

==============================================================

