#stage		 order
9	 		3


A
0.0000000000000000E+00	0.0000000000000000E+00	0.0000000000000000E+00	0.0000000000000000E+00	0.0000000000000000E+00	0.0000000000000000E+00	0.0000000000000000E+00	0.0000000000000000E+00	0.0000000000000000E+00	
-2.5866770264388772E-01	0.0000000000000000E+00	0.0000000000000000E+00	0.0000000000000000E+00	0.0000000000000000E+00	0.0000000000000000E+00	0.0000000000000000E+00	0.0000000000000000E+00	0.0000000000000000E+00	
-2.8376861549246818E-01	4.3038436562993859E-02	0.0000000000000000E+00	0.0000000000000000E+00	0.0000000000000000E+00	0.0000000000000000E+00	0.0000000000000000E+00	0.0000000000000000E+00	0.0000000000000000E+00	
1.3717621266114591E-01	-1.3658325875122743E-01	-6.9196995279375909E-02	0.0000000000000000E+00	0.0000000000000000E+00	0.0000000000000000E+00	0.0000000000000000E+00	0.0000000000000000E+00	0.0000000000000000E+00	
-1.7085712426477559E-01	-6.1241427342943577E-01	5.8894107857977018E-01	1.7112970307540298E-01	0.0000000000000000E+00	0.0000000000000000E+00	0.0000000000000000E+00	0.0000000000000000E+00	0.0000000000000000E+00	
3.9336609643788717E-01	6.2093328999339581E-01	1.5351394571497701E-01	-3.4082253863642459E-01	-6.1885104417175218E-01	0.0000000000000000E+00	0.0000000000000000E+00	0.0000000000000000E+00	0.0000000000000000E+00	
-1.0766366870442456E+00	-2.3037109717994433E-01	-8.7970571944302178E-01	-5.2925057430665079E-01	-1.7382922738958428E-02	3.0181387582760557E+00	0.0000000000000000E+00	0.0000000000000000E+00	0.0000000000000000E+00	
-1.0692520961644506E-02	-3.1456875748109792E-02	-1.8047502059890648E-02	3.0068349763916452E-01	3.7092268942439484E-03	4.0736760316977794E-01	-5.0822589505992478E-03	0.0000000000000000E+00	0.0000000000000000E+00	
3.1719558123713393E-01	2.0697128792464065E-01	6.2287631644626629E-01	5.3643835075171391E-02	2.7522584691428729E-02	-1.4657131426938816E-02	8.5607622334436487E-02	-7.8278790124566400E-01	0.0000000000000000E+00	

b
3.8500704742698189E-01	
7.5541128556437687E-02	
-3.6505105388989512E-01	
1.1330997006630263E-01	
3.9131304974402575E-01	
-1.6603198979506159E-01	
-2.0227604746823680E-01	
1.1068184073481799E+00	
-3.3863051198873445E-01	

c
0.0000000000000000E+00	
-2.5866770264388772E-01	
-2.4073017892947432E-01	
-6.8604041369457427E-02	
-2.3200616039038249E-02	
2.0813974933808327E-01	
2.8479175756323460E-01	
6.4648116998294225E-01	
5.1637219503647458E-01	

r
0.0000000000000000E+00	

errcoeff
2.2116983981914327E-03	

==============================================================

