#stage		 order
4	 		3


A
0.0000000000000000E+00	0.0000000000000000E+00	0.0000000000000000E+00	0.0000000000000000E+00	
-4.3177951063307746E-04	0.0000000000000000E+00	0.0000000000000000E+00	0.0000000000000000E+00	
-5.6584276956790900E+00	5.6457426854655228E+00	0.0000000000000000E+00	0.0000000000000000E+00	
1.4836678732374791E+01	2.8046034085278508E+00	-1.6991638117929245E+01	0.0000000000000000E+00	

b
-9.4846618904397814E-02	
-7.3208943421226080E-01	
1.0375118016086009E+00	
7.8942425150805784E-01	

c
0.0000000000000000E+00	
-4.3177951063307746E-04	
-1.2685010213566137E-02	
6.4964402297339607E-01	

r
0.0000000000000000E+00	

errcoeff
4.6533739306192826E-02	

==============================================================

