#stage		 order
5	 		2


A
0.0000000000000000E+00	0.0000000000000000E+00	0.0000000000000000E+00	0.0000000000000000E+00	0.0000000000000000E+00	
-1.0948775027479823E-03	0.0000000000000000E+00	0.0000000000000000E+00	0.0000000000000000E+00	0.0000000000000000E+00	
-9.4422041027763515E-01	9.3654954430820414E-01	0.0000000000000000E+00	0.0000000000000000E+00	0.0000000000000000E+00	
2.2884009052873902E+00	-3.5518931236162031E-02	-2.1569489596684686E+00	0.0000000000000000E+00	0.0000000000000000E+00	
-3.2889006531406800E-01	-2.7966560761986886E-01	-3.0914987733528820E-01	1.4031999122299803E+00	0.0000000000000000E+00	

b
2.7967124894376183E-01	
5.3514982182924886E-01	
9.9626538569434386E-01	
-2.3154402997879533E+00	
1.5043538433205987E+00	

c
0.0000000000000000E+00	
-1.0948775027479823E-03	
-7.6708659694311489E-03	
9.5933014382759529E-02	
4.8549436196075529E-01	

r
0.0000000000000000E+00	

errcoeff
4.4521737526362809E-04	

==============================================================

