#stage		 order
16	 		4


A
0.0000000000000000E+00	0.0000000000000000E+00	0.0000000000000000E+00	0.0000000000000000E+00	0.0000000000000000E+00	0.0000000000000000E+00	0.0000000000000000E+00	0.0000000000000000E+00	0.0000000000000000E+00	0.0000000000000000E+00	0.0000000000000000E+00	0.0000000000000000E+00	0.0000000000000000E+00	0.0000000000000000E+00	0.0000000000000000E+00	0.0000000000000000E+00	
-2.2924965679506473E-01	0.0000000000000000E+00	0.0000000000000000E+00	0.0000000000000000E+00	0.0000000000000000E+00	0.0000000000000000E+00	0.0000000000000000E+00	0.0000000000000000E+00	0.0000000000000000E+00	0.0000000000000000E+00	0.0000000000000000E+00	0.0000000000000000E+00	0.0000000000000000E+00	0.0000000000000000E+00	0.0000000000000000E+00	0.0000000000000000E+00	
-1.5256199367243153E-01	2.2123521837807028E-01	0.0000000000000000E+00	0.0000000000000000E+00	0.0000000000000000E+00	0.0000000000000000E+00	0.0000000000000000E+00	0.0000000000000000E+00	0.0000000000000000E+00	0.0000000000000000E+00	0.0000000000000000E+00	0.0000000000000000E+00	0.0000000000000000E+00	0.0000000000000000E+00	0.0000000000000000E+00	0.0000000000000000E+00	
2.0539926049000526E-01	-1.9999947392920200E-01	-2.7029579314388391E-01	0.0000000000000000E+00	0.0000000000000000E+00	0.0000000000000000E+00	0.0000000000000000E+00	0.0000000000000000E+00	0.0000000000000000E+00	0.0000000000000000E+00	0.0000000000000000E+00	0.0000000000000000E+00	0.0000000000000000E+00	0.0000000000000000E+00	0.0000000000000000E+00	0.0000000000000000E+00	
-3.5134283972132968E-01	8.0524735683111068E-02	4.0092404801736606E-02	1.7970680266969416E-04	0.0000000000000000E+00	0.0000000000000000E+00	0.0000000000000000E+00	0.0000000000000000E+00	0.0000000000000000E+00	0.0000000000000000E+00	0.0000000000000000E+00	0.0000000000000000E+00	0.0000000000000000E+00	0.0000000000000000E+00	0.0000000000000000E+00	0.0000000000000000E+00	
8.3702854393102114E-02	1.9348611654010325E-01	-1.1936268206453719E-01	-6.3307813439174937E-02	-4.1702568300008636E-01	0.0000000000000000E+00	0.0000000000000000E+00	0.0000000000000000E+00	0.0000000000000000E+00	0.0000000000000000E+00	0.0000000000000000E+00	0.0000000000000000E+00	0.0000000000000000E+00	0.0000000000000000E+00	0.0000000000000000E+00	0.0000000000000000E+00	
-1.4690222103201839E-01	1.0520392108438556E-01	1.2611607828705626E-01	2.4629481031676834E-01	-6.9432028956588690E-02	-3.1588813450543812E-01	0.0000000000000000E+00	0.0000000000000000E+00	0.0000000000000000E+00	0.0000000000000000E+00	0.0000000000000000E+00	0.0000000000000000E+00	0.0000000000000000E+00	0.0000000000000000E+00	0.0000000000000000E+00	0.0000000000000000E+00	
-1.8140635399940659E-02	-3.0970696173311918E-01	4.1924383962003436E-01	3.8139319701193619E-01	-4.9764554225692748E-01	9.1147246055358039E-02	3.9593125422577030E-01	0.0000000000000000E+00	0.0000000000000000E+00	0.0000000000000000E+00	0.0000000000000000E+00	0.0000000000000000E+00	0.0000000000000000E+00	0.0000000000000000E+00	0.0000000000000000E+00	0.0000000000000000E+00	
2.0669844780455263E-01	-2.5843125107036419E-01	-3.0222319145597970E-01	1.8064664228482402E-01	-1.1044318663123689E-02	6.6034925849589129E-02	3.7754227220802217E-01	2.6392823284273714E-01	0.0000000000000000E+00	0.0000000000000000E+00	0.0000000000000000E+00	0.0000000000000000E+00	0.0000000000000000E+00	0.0000000000000000E+00	0.0000000000000000E+00	0.0000000000000000E+00	
1.8882375384339964E-01	5.7315920202349235E-01	-1.7303656890967445E-01	-1.0127639169387681E-01	4.3663776055688663E-02	4.2178010593018088E-02	-2.8880868094483830E-01	-1.8706392881935680E-01	-1.3072695477346102E-01	0.0000000000000000E+00	0.0000000000000000E+00	0.0000000000000000E+00	0.0000000000000000E+00	0.0000000000000000E+00	0.0000000000000000E+00	0.0000000000000000E+00	
-9.6376762473156158E-02	-1.2386920200082721E-01	3.2403051884606415E-01	7.9653417710978475E-02	2.3411275326103753E-01	-3.8740735917647667E-01	1.4750427562898030E-01	-2.7848378191016193E-01	4.1277344778681591E-01	-8.6879204256751816E-02	0.0000000000000000E+00	0.0000000000000000E+00	0.0000000000000000E+00	0.0000000000000000E+00	0.0000000000000000E+00	0.0000000000000000E+00	
3.2299997458417579E-01	4.1762272992130273E-01	-1.8592665430535435E-01	-3.1808753550547531E-01	-2.4126124372458965E-01	-1.9402111250320361E-01	-8.1635692106450691E-02	2.1051401942349968E-01	-7.8193406706538260E-01	4.9075464992859774E-01	5.7369312433551256E-01	0.0000000000000000E+00	0.0000000000000000E+00	0.0000000000000000E+00	0.0000000000000000E+00	0.0000000000000000E+00	
-3.0029651829525349E-02	6.6364993088830893E-01	-2.3828913780387048E-01	-8.8109034772762662E-02	-3.6064509137333478E-01	-1.9810348753952389E-01	1.1242017280399723E-01	1.4824850628493605E-01	2.6573279073900868E-01	1.6746439198130272E-01	3.3086087691548216E-01	-2.0668222809656862E-02	0.0000000000000000E+00	0.0000000000000000E+00	0.0000000000000000E+00	0.0000000000000000E+00	
-2.7010740281190176E-01	-4.6554651060225483E-01	2.5248968212989670E-01	-9.6768116357688672E-02	2.5355160298669599E-01	-5.5779857484607585E-02	2.9414158443879485E-01	4.7427015490078339E-01	6.5478193825509526E-02	1.8284250411575378E-01	-1.8071878390980442E-01	6.0225343882542004E-01	-5.8465854733851685E-01	0.0000000000000000E+00	0.0000000000000000E+00	0.0000000000000000E+00	
-2.9829237191658425E-01	-8.8204901748685408E-02	-2.5385611497877447E-01	2.1114555797786033E-01	4.6515798726086466E-01	4.2092660938996229E-01	1.6865396179178271E-01	5.4921153806356682E-01	-3.4703393939561578E-01	-2.2981291463716758E-01	-8.7271614957923516E-02	-4.7954192451020300E-01	1.5805542000040404E-01	-1.5185166235083579E-02	0.0000000000000000E+00	0.0000000000000000E+00	
2.2495783931455557E-01	2.2845590029125842E-01	-1.8100733555147303E-01	1.2001416417059575E-01	2.5303643388899372E-01	-7.3791627154496872E-02	-6.1584250898201423E-02	-1.9535233472064079E-01	-4.2576203261940104E-01	-1.2482137249920700E-01	8.9206067340782264E-02	-5.5398519522612866E-01	-1.0611778325735170E-01	8.4638275143265351E-01	-2.0079478502596348E-01	0.0000000000000000E+00	

b
6.4207598267091515E-01	
-4.8182812841917405E-01	
7.5741164354328794E-01	
-4.1165018352172467E-01	
-2.2052842151359123E-01	
6.8202195002060362E-01	
-3.9944832863358959E-01	
-2.0781521333244149E-01	
1.6929666168489935E-01	
1.3726828801147792E-01	
5.6131465998404968E-02	
-7.5914360925207314E-02	
6.1731629690415735E-01	
-8.9218178087208416E-02	
-1.7719312283302571E-01	
2.0736484322149387E-03	

c
0.0000000000000000E+00	
-2.2924965679506470E-01	
6.8673224705638733E-02	
-2.6489600658308121E-01	
-2.3054599243381252E-01	
-3.2250720757059287E-01	
-5.4607574805835050E-02	
4.6222239752311217E-01	
5.2315175980025708E-01	
-3.3087782625609248E-02	
2.2505810341650254E-01	
2.1271819298263259E-01	
7.5253204348436020E-01	
4.7144794271808016E-01	
1.7395212610440322E-01	
-1.6116356051402453E-01	

r
0.0000000000000000E+00	

errcoeff
1.2827766577776204E-04	

==============================================================

