#stage		 order
8	 		3


A
0.0000000000000000E+00	0.0000000000000000E+00	0.0000000000000000E+00	0.0000000000000000E+00	0.0000000000000000E+00	0.0000000000000000E+00	0.0000000000000000E+00	0.0000000000000000E+00	
-2.3920786177611987E-02	0.0000000000000000E+00	0.0000000000000000E+00	0.0000000000000000E+00	0.0000000000000000E+00	0.0000000000000000E+00	0.0000000000000000E+00	0.0000000000000000E+00	
1.0251151694547282E-01	-1.4240172866045009E-01	0.0000000000000000E+00	0.0000000000000000E+00	0.0000000000000000E+00	0.0000000000000000E+00	0.0000000000000000E+00	0.0000000000000000E+00	
-1.7409429632106543E-01	4.7616456158925492E-02	-1.7820161348257640E-01	0.0000000000000000E+00	0.0000000000000000E+00	0.0000000000000000E+00	0.0000000000000000E+00	0.0000000000000000E+00	
-9.7902937146887664E-02	-2.4050659622629939E-01	8.0290770424532620E-01	-1.4134881590047507E-01	0.0000000000000000E+00	0.0000000000000000E+00	0.0000000000000000E+00	0.0000000000000000E+00	
5.4483074827499289E-01	1.6274210724147464E-01	3.0914899892544923E-01	-2.9988906176288516E-01	-6.4943212408980100E-01	0.0000000000000000E+00	0.0000000000000000E+00	0.0000000000000000E+00	
1.1343327610105690E-01	-2.9516534431354640E-02	1.2834545955943336E-01	-3.8302618064472477E-01	1.0691481243122853E+00	-2.3807350615913733E-01	0.0000000000000000E+00	0.0000000000000000E+00	
-7.6653936894343716E-02	1.8976326821767706E-01	6.2029681998079185E-02	-3.4106878245732491E-01	3.5885063367472558E-01	2.9283073452755309E-01	1.9714286560978173E-01	0.0000000000000000E+00	

b
2.0973644164114774E-01	
4.4132330694683491E-01	
-1.6094513764267912E-01	
-1.1034330994922872E-01	
-6.0257539983361794E-02	
-3.9388547007935494E-03	
-1.0124451088214490E+00	
1.6968702025095295E+00	

c
0.0000000000000000E+00	
-2.3920786177611987E-02	
-3.9890211714977301E-02	
-3.0467945364471644E-01	
3.2314935497166397E-01	
6.7400668589230606E-02	
6.6031063873755913E-01	
6.8289446467614756E-01	

r
0.0000000000000000E+00	

errcoeff
2.4842543674924362E-03	

==============================================================

