#stage		 order
6	 		4


A
0.0000000000000000E+00	0.0000000000000000E+00	0.0000000000000000E+00	0.0000000000000000E+00	0.0000000000000000E+00	0.0000000000000000E+00	
-2.4472283626849030E-03	0.0000000000000000E+00	0.0000000000000000E+00	0.0000000000000000E+00	0.0000000000000000E+00	0.0000000000000000E+00	
5.0000000000000000E+01	-4.9506112381624831E+01	0.0000000000000000E+00	0.0000000000000000E+00	0.0000000000000000E+00	0.0000000000000000E+00	
4.9942441799952825E+01	-4.9999999999968445E+01	-1.8939652895561404E-01	0.0000000000000000E+00	0.0000000000000000E+00	0.0000000000000000E+00	
1.3513473389258559E+01	-4.9911937323680746E+00	-2.5414864183802965E+00	-6.9912557678330298E+00	0.0000000000000000E+00	0.0000000000000000E+00	
-3.9158381787320550E+01	3.9747005745156308E+01	5.4254765261426441E-01	-4.0882936674910786E-01	6.4510773946927173E-03	0.0000000000000000E+00	

b
7.1160472603898595E-01	
-8.3738881844028928E-04	
-1.5347458026287736E-01	
-2.7776999376494055E-01	
1.0279376702010116E-02	
7.1019786010526209E-01	

c
0.0000000000000000E+00	
-2.4472283626849030E-03	
4.9388761837516781E-01	
-2.4695472897123502E-01	
-1.0104625293228426E+00	
7.2879332109560646E-01	

r
0.0000000000000000E+00	

errcoeff
3.3454707334197491E-03	

==============================================================

