#stage		 order
7	 		4


A
0.0000000000000000E+00	0.0000000000000000E+00	0.0000000000000000E+00	0.0000000000000000E+00	0.0000000000000000E+00	0.0000000000000000E+00	0.0000000000000000E+00	
-1.8741270660923258E-02	0.0000000000000000E+00	0.0000000000000000E+00	0.0000000000000000E+00	0.0000000000000000E+00	0.0000000000000000E+00	0.0000000000000000E+00	
-1.8910705271687376E+00	1.8877116240592526E+00	0.0000000000000000E+00	0.0000000000000000E+00	0.0000000000000000E+00	0.0000000000000000E+00	0.0000000000000000E+00	
-1.3993357226725656E+00	-3.1227307553213777E+00	4.5518072847196374E+00	0.0000000000000000E+00	0.0000000000000000E+00	0.0000000000000000E+00	0.0000000000000000E+00	
-2.4227955709135478E+00	-2.3047848799313515E+00	-7.4254800330801118E-01	6.3433601583429775E+00	0.0000000000000000E+00	0.0000000000000000E+00	0.0000000000000000E+00	
3.3558144197583267E-02	2.2965070895549982E+00	-5.9563518829380400E-02	-2.5800210618083477E+00	-2.9252471984825702E-04	0.0000000000000000E+00	0.0000000000000000E+00	
7.1205397363754024E+00	-7.6499601915008206E+00	-2.0697603953172496E+00	3.1908406646540146E+00	6.4032391573383779E-02	1.5906202095035574E-01	0.0000000000000000E+00	

b
-3.8693237395400365E-01	
1.2421179111588809E-02	
6.5810063166501098E-01	
1.9237865412008578E-01	
-7.2188328429024418E-01	
-9.9574839901688528E-02	
1.3454900332492508E+00	

c
0.0000000000000000E+00	
-1.8741270660923258E-02	
-3.3589031094849973E-03	
2.9740806725694117E-02	
8.7323170419006646E-01	
-3.0981187160499507E-01	
8.1475422673508680E-01	

r
0.0000000000000000E+00	

errcoeff
9.3173452944896144E-03	

==============================================================

