#stage		 order
8	 		2


A
0.0000000000000000E+00	0.0000000000000000E+00	0.0000000000000000E+00	0.0000000000000000E+00	0.0000000000000000E+00	0.0000000000000000E+00	0.0000000000000000E+00	0.0000000000000000E+00	
-1.1847844901372566E-01	0.0000000000000000E+00	0.0000000000000000E+00	0.0000000000000000E+00	0.0000000000000000E+00	0.0000000000000000E+00	0.0000000000000000E+00	0.0000000000000000E+00	
9.8194918904236789E-02	1.6837999486502245E-01	0.0000000000000000E+00	0.0000000000000000E+00	0.0000000000000000E+00	0.0000000000000000E+00	0.0000000000000000E+00	0.0000000000000000E+00	
-3.9923152161364250E-01	2.9279928552396722E-01	6.9746797896268711E-02	0.0000000000000000E+00	0.0000000000000000E+00	0.0000000000000000E+00	0.0000000000000000E+00	0.0000000000000000E+00	
9.7743765992622897E-02	2.7373496182818491E-01	2.3532905710302568E-01	-2.9449782523547358E-01	0.0000000000000000E+00	0.0000000000000000E+00	0.0000000000000000E+00	0.0000000000000000E+00	
1.9899022693160179E-01	-4.0968035477322140E-02	-1.0303992364655759E-01	2.9548039992179642E-01	-9.6929036615302291E-02	0.0000000000000000E+00	0.0000000000000000E+00	0.0000000000000000E+00	
2.3587951823286915E-01	1.5461253114754350E-01	3.7091899634059278E-01	-2.8603842570963078E-01	1.8573973909426880E-01	-2.2369452393130881E-01	0.0000000000000000E+00	0.0000000000000000E+00	
3.2412514967121692E-01	-1.9868265021886125E-01	-5.0160839178729510E-01	2.6756329749068863E-01	6.2601382986550519E-02	2.3572756818030974E-01	3.3689873478765187E-01	0.0000000000000000E+00	

b
4.1765779662383717E-01	
9.4422777655120596E-02	
-3.8924690557835900E-01	
-3.7853392905411190E-02	
-4.6649057693229290E-01	
-1.6912665106785027E-01	
1.6224602595464543E-01	
1.3883909262503100E+00	

c
0.0000000000000000E+00	
-1.1847844901372566E-01	
2.6657491376925924E-01	
-3.6685438193406597E-02	
3.1230995968835989E-01	
2.5353363111421617E-01	
4.3741783517433469E-01	
5.2662509111026135E-01	

r
0.0000000000000000E+00	

errcoeff
3.5802079411314243E-03	

==============================================================

