#stage		 order
6	 		3


A
0.0000000000000000E+00	0.0000000000000000E+00	0.0000000000000000E+00	0.0000000000000000E+00	0.0000000000000000E+00	0.0000000000000000E+00	
-3.7387269736995188E-01	0.0000000000000000E+00	0.0000000000000000E+00	0.0000000000000000E+00	0.0000000000000000E+00	0.0000000000000000E+00	
-4.7769398468244478E-01	1.5048845040889355E-01	0.0000000000000000E+00	0.0000000000000000E+00	0.0000000000000000E+00	0.0000000000000000E+00	
-5.9613645228257045E-02	1.1809991762288086E-01	-6.4620235237104542E-02	0.0000000000000000E+00	0.0000000000000000E+00	0.0000000000000000E+00	
6.3547206448731508E-01	-1.7080254489832467E-01	-3.8883372804066457E-01	4.2345597942004498E-01	0.0000000000000000E+00	0.0000000000000000E+00	
1.7252803306574141E-01	-3.6566240256736077E-01	9.9330045262014569E-02	4.6190786769576453E-01	2.6965289240568402E-01	0.0000000000000000E+00	

b
2.0520365397796914E-01	
-1.7590314659387030E-02	
-9.6042087077546578E-02	
3.3809305982818538E-01	
-7.2463652701349335E-01	
1.2949722149442724E+00	

c
0.0000000000000000E+00	
-3.7387269736995188E-01	
-3.2720553427355120E-01	
-6.1339628424807195E-03	
4.9929177096837080E-01	
6.3775643586184383E-01	

r
0.0000000000000000E+00	

errcoeff
4.4113958531349622E-03	

==============================================================

