#stage		 order
3	 		2


A
0.0000000000000000E+00	0.0000000000000000E+00	0.0000000000000000E+00	
3.5491371431874447E-01	0.0000000000000000E+00	0.0000000000000000E+00	
8.7465185547349028E-02	5.2722429449745367E-01	0.0000000000000000E+00	

b
3.0570643472604653E-01	
-2.8187790788968098E-01	
9.7617147316363451E-01	

c
0.0000000000000000E+00	
3.5491371431874447E-01	
6.1468948004480273E-01	

r
0.0000000000000000E+00	

errcoeff
1.5993692698817126E-02	

==============================================================

