#stage		 order
5	 		2


A
0.0000000000000000E+00	0.0000000000000000E+00	0.0000000000000000E+00	0.0000000000000000E+00	0.0000000000000000E+00	
4.7284906442779040E-01	0.0000000000000000E+00	0.0000000000000000E+00	0.0000000000000000E+00	0.0000000000000000E+00	
4.6960815484767315E-01	4.6960815484767315E-01	0.0000000000000000E+00	0.0000000000000000E+00	0.0000000000000000E+00	
4.4197109666576884E-01	2.0385745082731910E-01	2.0526433347734219E-01	0.0000000000000000E+00	0.0000000000000000E+00	
2.5330215449603544E-01	1.1516206479754608E-01	7.6777755691815108E-02	1.7686604064484310E-01	0.0000000000000000E+00	

b
2.5829353400146643E-01	
1.1694436981837623E-01	
6.7076130604651729E-02	
1.5181378404848567E-01	
4.0587218152701998E-01	

c
0.0000000000000000E+00	
4.7284906442779040E-01	
9.3921630969534631E-01	
8.5109288097043012E-01	
6.2210801563023976E-01	

r
2.1148397559168939E+00	

errcoeff
1.0566769040696061E-02	

v_opt
1.0000000000000000E+00	
5.8413274217627986E-12	
6.8540044253638799E-03	
6.2326622447823832E-02	
4.3988077288032612E-01	
5.5193893768907820E-02	

alpha_opt
0.0000000000000000E+00	0.0000000000000000E+00	0.0000000000000000E+00	0.0000000000000000E+00	0.0000000000000000E+00	0.0000000000000000E+00	
9.9999999999415867E-01	0.0000000000000000E+00	0.0000000000000000E+00	0.0000000000000000E+00	0.0000000000000000E+00	0.0000000000000000E+00	
5.8012995173150495E-12	9.9314599556883487E-01	0.0000000000000000E+00	0.0000000000000000E+00	0.0000000000000000E+00	0.0000000000000000E+00	
5.0357220464252728E-01	2.5182871123912323E-12	4.3410117290713057E-01	0.0000000000000000E+00	0.0000000000000000E+00	0.0000000000000000E+00	
1.0378632713146857E-01	8.2289565762114339E-02	9.4848124342859825E-13	3.7404333422514252E-01	0.0000000000000000E+00	0.0000000000000000E+00	
4.8167546396367562E-02	3.5801982091978372E-02	2.4819524318243913E-03	1.8754788011750562E-12	8.5835462530904638E-01	0.0000000000000000E+00	

beta_opt
0.0000000000000000E+00	0.0000000000000000E+00	0.0000000000000000E+00	0.0000000000000000E+00	0.0000000000000000E+00	0.0000000000000000E+00	
4.7284906442779040E-01	0.0000000000000000E+00	0.0000000000000000E+00	0.0000000000000000E+00	0.0000000000000000E+00	0.0000000000000000E+00	
2.7431390492438368E-12	4.6960815484767315E-01	0.0000000000000000E+00	0.0000000000000000E+00	0.0000000000000000E+00	0.0000000000000000E+00	
2.3811364583844974E-01	1.1907697050617116E-12	2.0526433347734219E-01	0.0000000000000000E+00	0.0000000000000000E+00	0.0000000000000000E+00	
4.9075267684798175E-02	3.8910544183012187E-02	4.4848846858513980E-13	1.7686604064484310E-01	0.0000000000000000E+00	0.0000000000000000E+00	
2.2775979249437632E-02	1.6928933736951368E-02	1.1735888853492979E-03	8.8681839649495942E-13	4.0587218152701998E-01	0.0000000000000000E+00	

==============================================================

