#stage		 order
4	 		3


A
0.0000000000000000E+00	0.0000000000000000E+00	0.0000000000000000E+00	0.0000000000000000E+00	
5.8577042157395753E-01	0.0000000000000000E+00	0.0000000000000000E+00	0.0000000000000000E+00	
4.5979301864915550E-01	4.5979301864915545E-01	0.0000000000000000E+00	0.0000000000000000E+00	
2.4093039730342206E-01	1.4072442786631570E-01	1.7928112018574499E-01	0.0000000000000000E+00	

b
2.1315474364798576E-01	
1.2667632044321958E-01	
1.5470307538931116E-01	
5.0546586051948350E-01	

c
0.0000000000000000E+00	
5.8577042157395753E-01	
9.1958603729831090E-01	
5.6093594535548275E-01	

r
1.7071534566614222E+00	

errcoeff
3.1968751516505294E-02	

v_opt
1.0000000000000000E+00	
5.1797233169281753E-11	
2.1506275886430448E-01	
5.2287264887037888E-01	
1.2812277913046344E-01	

alpha_opt
0.0000000000000000E+00	0.0000000000000000E+00	0.0000000000000000E+00	0.0000000000000000E+00	0.0000000000000000E+00	
9.9999999994820277E-01	0.0000000000000000E+00	0.0000000000000000E+00	0.0000000000000000E+00	0.0000000000000000E+00	
4.0657669552214601E-11	7.8493724109503782E-01	0.0000000000000000E+00	0.0000000000000000E+00	0.0000000000000000E+00	
1.7106696709380409E-01	1.2443683128686258E-11	3.0606038402337332E-01	0.0000000000000000E+00	0.0000000000000000E+00	
1.6920411383692872E-05	8.9525094789929590E-03	1.3679716767131724E-11	8.6290779096548020E-01	0.0000000000000000E+00	

beta_opt
0.0000000000000000E+00	0.0000000000000000E+00	0.0000000000000000E+00	0.0000000000000000E+00	0.0000000000000000E+00	
5.8577042157395753E-01	0.0000000000000000E+00	0.0000000000000000E+00	0.0000000000000000E+00	0.0000000000000000E+00	
2.3816060235049008E-11	4.5979301864915545E-01	0.0000000000000000E+00	0.0000000000000000E+00	0.0000000000000000E+00	
1.0020596943710633E-01	7.2891415126008496E-12	1.7928112018574499E-01	0.0000000000000000E+00	0.0000000000000000E+00	
9.9114765099439506E-06	5.2441152519261871E-03	8.0131734581101455E-12	5.0546586051948350E-01	0.0000000000000000E+00	

==============================================================

