#stage		 order
7	 		2


A
0.0000000000000000E+00	0.0000000000000000E+00	0.0000000000000000E+00	0.0000000000000000E+00	0.0000000000000000E+00	0.0000000000000000E+00	0.0000000000000000E+00	
3.2191563095141479E-01	0.0000000000000000E+00	0.0000000000000000E+00	0.0000000000000000E+00	0.0000000000000000E+00	0.0000000000000000E+00	0.0000000000000000E+00	
2.4550637156309763E-01	2.4550637156309757E-01	0.0000000000000000E+00	0.0000000000000000E+00	0.0000000000000000E+00	0.0000000000000000E+00	0.0000000000000000E+00	
2.4550637156309774E-01	2.4550637156309768E-01	3.2191563095141484E-01	0.0000000000000000E+00	0.0000000000000000E+00	0.0000000000000000E+00	0.0000000000000000E+00	
2.4550637156309776E-01	2.4550637156309765E-01	3.2191563095141468E-01	3.2191563095141479E-01	0.0000000000000000E+00	0.0000000000000000E+00	0.0000000000000000E+00	
2.4977084760656432E-01	2.4944187998507258E-01	2.9329790490483132E-01	1.2646007341455187E-01	1.2646007341455193E-01	0.0000000000000000E+00	0.0000000000000000E+00	
2.7504662489432524E-01	2.4057550022877056E-01	1.6986637522799905E-01	5.8599970153488799E-02	5.3044430962208206E-02	1.3502942866149786E-01	0.0000000000000000E+00	

b
2.6124942787322514E-01	
2.0269208461121788E-01	
1.7522048255408415E-01	
4.9777009600795175E-02	
4.6561220670678069E-02	
7.8160935775825335E-02	
1.8633883891417419E-01	

c
0.0000000000000000E+00	
3.2191563095141479E-01	
4.9101274312619519E-01	
8.1292837407761021E-01	
1.1348440050290249E+00	
1.0454307793255722E+00	
9.3216233012828975E-01	

r
3.1064039886616288E+00	

errcoeff
3.5362807995375591E-02	

v_opt
1.0000000000000000E+00	
9.3902663422795740E-13	
2.3735802813454954E-01	
2.2248869413488137E-13	
1.1102230246251565E-16	
7.8535204184111418E-03	
1.7052299682879912E-02	
4.7480983065402826E-02	

alpha_opt
0.0000000000000000E+00	0.0000000000000000E+00	0.0000000000000000E+00	0.0000000000000000E+00	0.0000000000000000E+00	0.0000000000000000E+00	0.0000000000000000E+00	0.0000000000000000E+00	
9.9999999999906097E-01	0.0000000000000000E+00	0.0000000000000000E+00	0.0000000000000000E+00	0.0000000000000000E+00	0.0000000000000000E+00	0.0000000000000000E+00	0.0000000000000000E+00	
7.1631601588563696E-13	7.6264197186473415E-01	0.0000000000000000E+00	0.0000000000000000E+00	0.0000000000000000E+00	0.0000000000000000E+00	0.0000000000000000E+00	0.0000000000000000E+00	
-8.6220030127250037E-17	7.1640223591643687E-13	9.9999999999906120E-01	0.0000000000000000E+00	0.0000000000000000E+00	0.0000000000000000E+00	0.0000000000000000E+00	0.0000000000000000E+00	
2.5866009239968645E-16	2.9356008336032743E-16	9.3841881522620037E-13	9.9999999999906097E-01	0.0000000000000000E+00	0.0000000000000000E+00	0.0000000000000000E+00	0.0000000000000000E+00	
1.0219063316163697E-03	8.0022791587991707E-02	5.1826570520057436E-01	3.6867685170040728E-13	3.9283607646103769E-01	0.0000000000000000E+00	0.0000000000000000E+00	0.0000000000000000E+00	
1.0665259445790844E-01	3.1133263317163973E-01	1.2824876780408928E-01	1.7257749102943899E-02	1.5470029026273521E-13	4.1945595578038403E-01	0.0000000000000000E+00	0.0000000000000000E+00	
1.1991946266889048E-01	1.4890773137254117E-02	1.8960748749309533E-01	5.3758189203742735E-14	4.9257581190051518E-02	2.2796576143495716E-13	5.7884371244502397E-01	0.0000000000000000E+00	

beta_opt
0.0000000000000000E+00	0.0000000000000000E+00	0.0000000000000000E+00	0.0000000000000000E+00	0.0000000000000000E+00	0.0000000000000000E+00	0.0000000000000000E+00	0.0000000000000000E+00	
3.2191563095141479E-01	0.0000000000000000E+00	0.0000000000000000E+00	0.0000000000000000E+00	0.0000000000000000E+00	0.0000000000000000E+00	0.0000000000000000E+00	0.0000000000000000E+00	
2.3059332221464501E-13	2.4550637156309757E-01	0.0000000000000000E+00	0.0000000000000000E+00	0.0000000000000000E+00	0.0000000000000000E+00	0.0000000000000000E+00	0.0000000000000000E+00	
-2.7755575399089750E-17	2.3062107779026064E-13	3.2191563095141484E-01	0.0000000000000000E+00	0.0000000000000000E+00	0.0000000000000000E+00	0.0000000000000000E+00	0.0000000000000000E+00	
8.3266726846874501E-17	9.4501579457178469E-17	3.0209168500050509E-13	3.2191563095141479E-01	0.0000000000000000E+00	0.0000000000000000E+00	0.0000000000000000E+00	0.0000000000000000E+00	
3.2896762151583825E-04	2.5760587444566108E-02	1.6683783149027950E-01	1.1868284133242923E-13	1.2646007341455193E-01	0.0000000000000000E+00	0.0000000000000000E+00	0.0000000000000000E+00	
3.4333137237555197E-02	1.0022284104330789E-01	4.1285283006433658E-02	5.5555391912806146E-03	4.9800441548342178E-14	1.3502942866149786E-01	0.0000000000000000E+00	0.0000000000000000E+00	
3.8603949488446761E-02	4.7935726298380388E-03	6.1037613969509588E-02	1.7305601396344628E-14	1.5856785327950866E-02	7.3385741927722847E-14	1.8633883891417419E-01	0.0000000000000000E+00	

==============================================================

