#stage		 order
4	 		2


A
0.0000000000000000E+00	0.0000000000000000E+00	0.0000000000000000E+00	0.0000000000000000E+00	
5.9692845425236807E-01	0.0000000000000000E+00	0.0000000000000000E+00	0.0000000000000000E+00	
2.3657913494672325E-01	2.3657913494672325E-01	0.0000000000000000E+00	0.0000000000000000E+00	
2.3399894545873121E-01	2.3399894545873701E-01	5.9041820759393515E-01	0.0000000000000000E+00	

b
3.2256041585203882E-01	
1.1651485243292986E-01	
2.7892458482118304E-01	
2.8200014689384828E-01	

c
0.0000000000000000E+00	
5.9692845425236807E-01	
4.7315826989344650E-01	
1.0584160985114035E+00	

r
1.6752426406820646E+00	

errcoeff
4.4217020832711784E-02	

v_opt
1.0000000000000000E+00	
1.5335719816267357E-07	
6.0367254524158209E-01	
1.0906334371431514E-02	
1.7240490650983986E-01	

alpha_opt
0.0000000000000000E+00	0.0000000000000000E+00	0.0000000000000000E+00	0.0000000000000000E+00	0.0000000000000000E+00	
9.9999984664280184E-01	0.0000000000000000E+00	0.0000000000000000E+00	0.0000000000000000E+00	0.0000000000000000E+00	
6.0779658697669840E-08	3.9632739397875916E-01	0.0000000000000000E+00	0.0000000000000000E+00	0.0000000000000000E+00	
-4.9859808980908768E-16	6.0116781001593317E-08	9.8909360551178793E-01	0.0000000000000000E+00	0.0000000000000000E+00	
3.4517626236138083E-01	1.0000161163754125E-02	7.1658648430248586E-08	4.7241859830637678E-01	0.0000000000000000E+00	

beta_opt
0.0000000000000000E+00	0.0000000000000000E+00	0.0000000000000000E+00	0.0000000000000000E+00	0.0000000000000000E+00	
5.9692845425236807E-01	0.0000000000000000E+00	0.0000000000000000E+00	0.0000000000000000E+00	0.0000000000000000E+00	
3.6281113280356436E-08	2.3657913494672325E-01	0.0000000000000000E+00	0.0000000000000000E+00	0.0000000000000000E+00	
-2.9762743268623126E-16	3.5885422661197097E-08	5.9041820759393515E-01	0.0000000000000000E+00	0.0000000000000000E+00	
2.0604556433455934E-01	5.9693816612019579E-03	4.2775092801150549E-08	2.8200014689384828E-01	0.0000000000000000E+00	

==============================================================

