#stage		 order
8	 		3


A
0.0000000000000000E+00	0.0000000000000000E+00	0.0000000000000000E+00	0.0000000000000000E+00	0.0000000000000000E+00	0.0000000000000000E+00	0.0000000000000000E+00	0.0000000000000000E+00	
2.9244241673709087E-01	0.0000000000000000E+00	0.0000000000000000E+00	0.0000000000000000E+00	0.0000000000000000E+00	0.0000000000000000E+00	0.0000000000000000E+00	0.0000000000000000E+00	
2.8764270254279517E-01	2.9715105999580010E-01	0.0000000000000000E+00	0.0000000000000000E+00	0.0000000000000000E+00	0.0000000000000000E+00	0.0000000000000000E+00	0.0000000000000000E+00	
2.6289415824345080E-01	2.2090734017625924E-01	2.2459676439073509E-01	0.0000000000000000E+00	0.0000000000000000E+00	0.0000000000000000E+00	0.0000000000000000E+00	0.0000000000000000E+00	
1.4444115464652063E-01	1.3118513656167058E-01	7.8545999547943390E-02	1.0564735877022323E-01	0.0000000000000000E+00	0.0000000000000000E+00	0.0000000000000000E+00	0.0000000000000000E+00	
1.1956804205997996E-01	1.1212695781766703E-01	5.2237844960755384E-02	6.6726190180502312E-02	1.9072634809275926E-01	0.0000000000000000E+00	0.0000000000000000E+00	0.0000000000000000E+00	
1.1957458508445612E-01	1.1213769986623315E-01	5.2216956042944879E-02	6.6692905503166769E-02	1.9060473437062275E-01	3.0192356842556617E-01	0.0000000000000000E+00	0.0000000000000000E+00	
1.1957815282338727E-01	1.1213939273568628E-01	5.2221013415870834E-02	6.6698497980529278E-02	1.9059740036051420E-01	3.0191122290214811E-01	3.0209559287519389E-01	0.0000000000000000E+00	

b
1.4479966112332190E-01	
1.3133897180486237E-01	
8.1713800224265276E-02	
1.0759929727881080E-01	
1.8708220696626399E-01	
1.9715094313239459E-01	
9.0448807562407182E-02	
5.9866311907673948E-02	

c
0.0000000000000000E+00	
2.9244241673709087E-01	
5.8479376253859527E-01	
7.0839826281044505E-01	
4.5981964952635784E-01	
5.4138538311166384E-01	
8.4315044929298977E-01	
1.1452412730933299E+00	

r
3.3099609193518522E+00	

errcoeff
4.4946980850073450E-03	

v_opt
1.0000000000000000E+00	
3.2027029442480037E-02	
1.6413442151260837E-02	
9.4210757506224541E-02	
4.7078705465560633E-01	
2.7149627356653938E-01	
3.5328480056440181E-04	
8.5964457425813379E-06	
6.3637983771513973E-13	

alpha_opt
0.0000000000000000E+00	0.0000000000000000E+00	0.0000000000000000E+00	0.0000000000000000E+00	0.0000000000000000E+00	0.0000000000000000E+00	0.0000000000000000E+00	0.0000000000000000E+00	0.0000000000000000E+00	
9.6797297055751996E-01	0.0000000000000000E+00	0.0000000000000000E+00	0.0000000000000000E+00	0.0000000000000000E+00	0.0000000000000000E+00	0.0000000000000000E+00	0.0000000000000000E+00	0.0000000000000000E+00	
2.8162121771321053E-05	9.8355839572696779E-01	0.0000000000000000E+00	0.0000000000000000E+00	0.0000000000000000E+00	0.0000000000000000E+00	0.0000000000000000E+00	0.0000000000000000E+00	0.0000000000000000E+00	
1.6237178401817334E-01	1.0945731742565573E-05	7.4340651274385960E-01	0.0000000000000000E+00	0.0000000000000000E+00	0.0000000000000000E+00	0.0000000000000000E+00	0.0000000000000000E+00	0.0000000000000000E+00	
9.9671586638479010E-04	1.7850421589608664E-01	2.3384820844157011E-05	3.4968862876107804E-01	0.0000000000000000E+00	0.0000000000000000E+00	0.0000000000000000E+00	0.0000000000000000E+00	0.0000000000000000E+00	
2.0376038187897088E-05	8.8381911986424658E-02	8.7008959518017105E-03	1.0378398131046241E-04	6.3129675847573585E-01	0.0000000000000000E+00	0.0000000000000000E+00	0.0000000000000000E+00	0.0000000000000000E+00	
5.5450986062697858E-06	2.3240374939776534E-04	1.8379968865790220E-05	3.0658432753835754E-05	4.5158330910848565E-06	9.9935521211672085E-01	0.0000000000000000E+00	0.0000000000000000E+00	0.0000000000000000E+00	
3.4046259654781925E-06	3.5652042877491242E-07	2.6135805799321326E-08	2.7006225678162727E-05	1.5218593517150239E-06	3.4481864867621886E-05	9.9992460632215985E-01	0.0000000000000000E+00	0.0000000000000000E+00	
8.2914985746577307E-06	4.2009309806901332E-04	7.7887442609903743E-06	1.3952784754946748E-01	2.0727291734508921E-01	3.5336610388555179E-01	1.0124180507884749E-01	1.9815515279950302E-01	0.0000000000000000E+00	

beta_opt
0.0000000000000000E+00	0.0000000000000000E+00	0.0000000000000000E+00	0.0000000000000000E+00	0.0000000000000000E+00	0.0000000000000000E+00	0.0000000000000000E+00	0.0000000000000000E+00	0.0000000000000000E+00	
2.9244241673709087E-01	0.0000000000000000E+00	0.0000000000000000E+00	0.0000000000000000E+00	0.0000000000000000E+00	0.0000000000000000E+00	0.0000000000000000E+00	0.0000000000000000E+00	0.0000000000000000E+00	
8.5082943447334358E-06	2.9715105999580010E-01	0.0000000000000000E+00	0.0000000000000000E+00	0.0000000000000000E+00	0.0000000000000000E+00	0.0000000000000000E+00	0.0000000000000000E+00	0.0000000000000000E+00	
4.9055498833648362E-02	3.3069066400770453E-06	2.2459676439073509E-01	0.0000000000000000E+00	0.0000000000000000E+00	0.0000000000000000E+00	0.0000000000000000E+00	0.0000000000000000E+00	0.0000000000000000E+00	
3.0112617359334681E-04	5.3929402867875835E-02	7.0649839723213592E-06	1.0564735877022323E-01	0.0000000000000000E+00	0.0000000000000000E+00	0.0000000000000000E+00	0.0000000000000000E+00	0.0000000000000000E+00	
6.1559754584508686E-06	2.6701799247832406E-02	2.6287005085041887E-03	3.1355047337269792E-05	1.9072634809275926E-01	0.0000000000000000E+00	0.0000000000000000E+00	0.0000000000000000E+00	0.0000000000000000E+00	
1.6752761562432994E-06	7.0213442110370422E-05	5.5529262470710439E-06	9.2624757515070869E-06	1.3643161357879130E-06	3.0192356842556617E-01	0.0000000000000000E+00	0.0000000000000000E+00	0.0000000000000000E+00	
1.0286000495001724E-06	1.0771137105928487E-07	7.8961070647691397E-09	8.1590769003811547E-06	4.5978166775994432E-07	1.0417604832169136E-05	3.0209559287519389E-01	0.0000000000000000E+00	0.0000000000000000E+00	
2.5050140399565657E-06	1.2691784232685211E-04	2.3531227258538623E-06	4.2153925967570144E-02	6.2620956076524265E-02	1.0675839156308337E-01	3.0587009196166678E-02	5.9866311907673948E-02	0.0000000000000000E+00	

==============================================================

