#stage		 order
8	 		2


A
0.0000000000000000E+00	0.0000000000000000E+00	0.0000000000000000E+00	0.0000000000000000E+00	0.0000000000000000E+00	0.0000000000000000E+00	0.0000000000000000E+00	0.0000000000000000E+00	
2.7487310981959667E-01	0.0000000000000000E+00	0.0000000000000000E+00	0.0000000000000000E+00	0.0000000000000000E+00	0.0000000000000000E+00	0.0000000000000000E+00	0.0000000000000000E+00	
1.5099304724998966E-01	1.5099304724998966E-01	0.0000000000000000E+00	0.0000000000000000E+00	0.0000000000000000E+00	0.0000000000000000E+00	0.0000000000000000E+00	0.0000000000000000E+00	
1.6882421940436046E-01	1.1968470536369269E-01	2.1787829148644872E-01	0.0000000000000000E+00	0.0000000000000000E+00	0.0000000000000000E+00	0.0000000000000000E+00	0.0000000000000000E+00	
1.3336142353580649E-01	9.5706143964035206E-02	1.6669101821428409E-01	2.1029574925965067E-01	0.0000000000000000E+00	0.0000000000000000E+00	0.0000000000000000E+00	0.0000000000000000E+00	
1.7038964844843646E-01	6.9916947586927652E-02	1.1422575371097393E-01	1.4205782656158567E-01	1.8568076957648735E-01	0.0000000000000000E+00	0.0000000000000000E+00	0.0000000000000000E+00	
2.0274240389994619E-01	1.0820996836974596E-01	7.7415631619970282E-02	9.4135294109821285E-02	1.2301598256482990E-01	1.8210709575489553E-01	0.0000000000000000E+00	0.0000000000000000E+00	
1.9228219358654583E-01	9.2992759292072569E-02	9.9707656983144308E-02	1.0665349084495616E-01	1.3812915622992719E-01	1.0310858423473998E-01	1.5563247044390313E-01	0.0000000000000000E+00	

b
1.8154558828826206E-01	
8.5260054719456746E-02	
1.0567918054049308E-01	
1.2048758368646312E-01	
1.4791172248425360E-01	
7.0598880875585010E-02	
1.0430204365464840E-01	
1.8421494575083813E-01	

c
0.0000000000000000E+00	
2.7487310981959667E-01	
3.0198609449997932E-01	
5.0638721625450189E-01	
6.0605433497377648E-01	
6.8227094588441106E-01	
7.8762637631920907E-01	
8.8850631161528926E-01	

r
3.6380422976125781E+00	

errcoeff
6.8291808076348069E-03	

v_opt
1.0000000000000000E+00	
1.6485923737263875E-11	
4.5068090745912315E-01	
2.8577929285497072E-02	
2.1965557096470245E-01	
2.9681190210559594E-02	
7.7288964335320287E-03	
9.2826887294616967E-06	
2.4970447408146579E-02	

alpha_opt
0.0000000000000000E+00	0.0000000000000000E+00	0.0000000000000000E+00	0.0000000000000000E+00	0.0000000000000000E+00	0.0000000000000000E+00	0.0000000000000000E+00	0.0000000000000000E+00	0.0000000000000000E+00	
9.9999999998351408E-01	0.0000000000000000E+00	0.0000000000000000E+00	0.0000000000000000E+00	0.0000000000000000E+00	0.0000000000000000E+00	0.0000000000000000E+00	0.0000000000000000E+00	0.0000000000000000E+00	
9.0560288006359701E-12	5.4931909253182087E-01	0.0000000000000000E+00	0.0000000000000000E+00	0.0000000000000000E+00	0.0000000000000000E+00	0.0000000000000000E+00	0.0000000000000000E+00	0.0000000000000000E+00	
1.7877163056112930E-01	7.1783303721113984E-12	7.9265044014619535E-01	0.0000000000000000E+00	0.0000000000000000E+00	0.0000000000000000E+00	0.0000000000000000E+00	0.0000000000000000E+00	0.0000000000000000E+00	
2.1961252105015029E-04	1.5059985702124520E-02	9.9975286337979238E-12	7.6506483080212540E-01	0.0000000000000000E+00	0.0000000000000000E+00	0.0000000000000000E+00	0.0000000000000000E+00	0.0000000000000000E+00	
2.7298419186705913E-01	1.5913562739730359E-02	5.9065616127515945E-03	8.5200484151336479E-12	6.7551449356137927E-01	0.0000000000000000E+00	0.0000000000000000E+00	0.0000000000000000E+00	0.0000000000000000E+00	
1.0173545644331458E-01	2.2167862206162209E-01	6.2706116622550786E-03	7.3096351126472007E-05	7.3781113051777789E-12	6.6251331704077177E-01	0.0000000000000000E+00	0.0000000000000000E+00	0.0000000000000000E+00	
1.3174124963611469E-01	2.5755874518149260E-12	4.9418411787514473E-02	3.5083647836591202E-03	2.4912518074769779E-01	6.1841210888303402E-12	5.6619751034752475E-01	0.0000000000000000E+00	0.0000000000000000E+00	
7.4801739979444240E-02	2.6772415208117253E-03	8.6369785745932737E-13	2.4271597272508060E-02	1.9764964859956360E-01	5.4475607294994476E-03	6.2556625551318462E-12	6.7018176448290701E-01	0.0000000000000000E+00	

beta_opt
0.0000000000000000E+00	0.0000000000000000E+00	0.0000000000000000E+00	0.0000000000000000E+00	0.0000000000000000E+00	0.0000000000000000E+00	0.0000000000000000E+00	0.0000000000000000E+00	0.0000000000000000E+00	
2.7487310981959667E-01	0.0000000000000000E+00	0.0000000000000000E+00	0.0000000000000000E+00	0.0000000000000000E+00	0.0000000000000000E+00	0.0000000000000000E+00	0.0000000000000000E+00	0.0000000000000000E+00	
2.4892587990876791E-12	1.5099304724998966E-01	0.0000000000000000E+00	0.0000000000000000E+00	0.0000000000000000E+00	0.0000000000000000E+00	0.0000000000000000E+00	0.0000000000000000E+00	0.0000000000000000E+00	
4.9139514040667770E-02	1.9731299927272516E-12	2.1787829148644872E-01	0.0000000000000000E+00	0.0000000000000000E+00	0.0000000000000000E+00	0.0000000000000000E+00	0.0000000000000000E+00	0.0000000000000000E+00	
6.0365576617371630E-05	4.1395851038498735E-03	2.7480517861278031E-12	2.1029574925965067E-01	0.0000000000000000E+00	0.0000000000000000E+00	0.0000000000000000E+00	0.0000000000000000E+00	0.0000000000000000E+00	
7.5036013751325029E-02	4.3742104786510579E-03	1.6235549588648488E-03	2.3419322037199208E-12	1.8568076957648735E-01	0.0000000000000000E+00	0.0000000000000000E+00	0.0000000000000000E+00	0.0000000000000000E+00	
2.7964341291951023E-02	6.0933492227605655E-02	1.7236225281034995E-03	2.0092221350929776E-05	2.0280443990827735E-12	1.8210709575489553E-01	0.0000000000000000E+00	0.0000000000000000E+00	0.0000000000000000E+00	
3.6212126979595645E-02	7.0795973250437072E-13	1.3583792530603458E-02	9.6435513848183718E-04	6.8477813167617724E-02	1.6998485952157694E-12	1.5563247044390313E-01	0.0000000000000000E+00	0.0000000000000000E+00	
2.0560986888405658E-02	7.3590170257579741E-04	2.3740731602828191E-13	6.6716094226931186E-03	5.4328573566208196E-02	1.4973879586733096E-03	1.7195134205394424E-12	1.8421494575083813E-01	0.0000000000000000E+00	

==============================================================

