#stage		 order
5	 		3


A
0.0000000000000000E+00	0.0000000000000000E+00	0.0000000000000000E+00	0.0000000000000000E+00	0.0000000000000000E+00	
4.6904140847188991E-01	0.0000000000000000E+00	0.0000000000000000E+00	0.0000000000000000E+00	0.0000000000000000E+00	
2.4190140895110460E-01	2.4190140895110460E-01	0.0000000000000000E+00	0.0000000000000000E+00	0.0000000000000000E+00	
2.5252422192013857E-01	1.5081113837246468E-01	2.9241941608437622E-01	0.0000000000000000E+00	0.0000000000000000E+00	
2.1250838388950580E-01	8.6371967872421754E-02	1.6265950204182256E-01	2.6090621122442303E-01	0.0000000000000000E+00	

b
2.3059809419050120E-01	
7.1735669887890513E-02	
1.3538576792944385E-01	
2.0097670379467106E-01	
3.6130376419749338E-01	

c
0.0000000000000000E+00	
4.6904140847188991E-01	
4.8380281790220919E-01	
6.9575477637697947E-01	
7.2244606502817310E-01	

r
2.1320079249675263E+00	

errcoeff
1.4162493644980500E-02	

v_opt
1.0000000000000000E+00	
5.2799986605123195E-12	
4.8426427905543445E-01	
1.5970638729994746E-01	
2.9015444525570833E-01	
7.6644973704301900E-02	

alpha_opt
0.0000000000000000E+00	0.0000000000000000E+00	0.0000000000000000E+00	0.0000000000000000E+00	0.0000000000000000E+00	0.0000000000000000E+00	
9.9999999999472000E-01	0.0000000000000000E+00	0.0000000000000000E+00	0.0000000000000000E+00	0.0000000000000000E+00	0.0000000000000000E+00	
2.7230609068371785E-12	5.1573572094184250E-01	0.0000000000000000E+00	0.0000000000000000E+00	0.0000000000000000E+00	0.0000000000000000E+00	
2.1685310019537990E-01	1.6977338248290556E-12	6.2344051250297494E-01	0.0000000000000000E+00	0.0000000000000000E+00	0.0000000000000000E+00	
1.4829841032394006E-01	5.2930344177363770E-03	1.8309961661854527E-12	5.5625411000078429E-01	0.0000000000000000E+00	0.0000000000000000E+00	
1.3154324549689683E-01	8.0123095113926151E-14	2.1509292210871649E-02	2.2623826974856903E-12	7.7030248858558714E-01	0.0000000000000000E+00	

beta_opt
0.0000000000000000E+00	0.0000000000000000E+00	0.0000000000000000E+00	0.0000000000000000E+00	0.0000000000000000E+00	0.0000000000000000E+00	
4.6904140847188991E-01	0.0000000000000000E+00	0.0000000000000000E+00	0.0000000000000000E+00	0.0000000000000000E+00	0.0000000000000000E+00	
1.2772283231043957E-12	2.4190140895110460E-01	0.0000000000000000E+00	0.0000000000000000E+00	0.0000000000000000E+00	0.0000000000000000E+00	
1.0171308354767389E-01	7.9630746441239353E-13	2.9241941608437622E-01	0.0000000000000000E+00	0.0000000000000000E+00	0.0000000000000000E+00	
6.9558095252850366E-02	2.4826523183983681E-03	8.5881302069878984E-13	2.6090621122442303E-01	0.0000000000000000E+00	0.0000000000000000E+00	
6.1699229143153844E-02	3.7581049383561549E-14	1.0088748713873958E-02	1.0611511669367246E-12	3.6130376419749338E-01	0.0000000000000000E+00	

==============================================================

