#stage		 order
3	 		2


A
0.0000000000000000E+00	0.0000000000000000E+00	0.0000000000000000E+00	
8.9987551845533742E-01	0.0000000000000000E+00	0.0000000000000000E+00	
3.5183061170301871E-01	3.5183061170301877E-01	0.0000000000000000E+00	

b
3.4107639076149660E-01	
1.8521080221490507E-01	
4.7371280702359830E-01	

c
0.0000000000000000E+00	
8.9987551845533742E-01	
7.0366122340603754E-01	

r
1.1112648132894305E+00	

errcoeff
3.0558486396624698E-02	

v_opt
1.0000000000000000E+00	
4.0966119385643651E-11	
6.0902302097633876E-01	
3.0037168181586327E-01	

alpha_opt
0.0000000000000000E+00	0.0000000000000000E+00	0.0000000000000000E+00	0.0000000000000000E+00	
9.9999999995903388E-01	0.0000000000000000E+00	0.0000000000000000E+00	0.0000000000000000E+00	
1.6016750698238243E-11	3.9097697900764444E-01	0.0000000000000000E+00	0.0000000000000000E+00	
1.7320794414737958E-01	8.4315522103859938E-12	5.2642037402832553E-01	0.0000000000000000E+00	

beta_opt
0.0000000000000000E+00	0.0000000000000000E+00	0.0000000000000000E+00	0.0000000000000000E+00	
8.9987551845533742E-01	0.0000000000000000E+00	0.0000000000000000E+00	0.0000000000000000E+00	
1.4413081839137476E-11	3.5183061170301877E-01	0.0000000000000000E+00	0.0000000000000000E+00	
1.5586558854659155E-01	7.5873474170151667E-12	4.7371280702359830E-01	0.0000000000000000E+00	

==============================================================

