#stage		 order
7	 		3


A
0.0000000000000000E+00	0.0000000000000000E+00	0.0000000000000000E+00	0.0000000000000000E+00	0.0000000000000000E+00	0.0000000000000000E+00	0.0000000000000000E+00	
3.3531227256076213E-01	0.0000000000000000E+00	0.0000000000000000E+00	0.0000000000000000E+00	0.0000000000000000E+00	0.0000000000000000E+00	0.0000000000000000E+00	
1.4526378401871498E-01	1.4526378401871501E-01	0.0000000000000000E+00	0.0000000000000000E+00	0.0000000000000000E+00	0.0000000000000000E+00	0.0000000000000000E+00	
1.3058842154321845E-01	1.2623719545577960E-01	2.9139321391025114E-01	0.0000000000000000E+00	0.0000000000000000E+00	0.0000000000000000E+00	0.0000000000000000E+00	
9.2166319119376339E-02	8.9033855316949476E-02	2.0458010484797404E-01	2.3541461023324095E-01	0.0000000000000000E+00	0.0000000000000000E+00	0.0000000000000000E+00	
1.4390807647735293E-01	7.3951566238843969E-02	1.6225731082418793E-01	1.8404657656720930E-01	2.6214632891576273E-01	0.0000000000000000E+00	0.0000000000000000E+00	
1.4068849677173573E-01	8.8385158934244118E-02	1.2134432718165597E-01	1.3763999787683132E-01	1.9599318045174494E-01	2.5069555242495101E-01	0.0000000000000000E+00	

b
1.2676153977267979E-01	
1.0380657450633286E-01	
1.9941281438997610E-01	
1.5784386780075363E-01	
1.7006261395009320E-01	
1.0357634626343493E-01	
1.3853624331672942E-01	

c
0.0000000000000000E+00	
3.3531227256076213E-01	
2.9052756803742996E-01	
5.4821883090924917E-01	
6.2119488951754076E-01	
8.2630985902335674E-01	
9.3474671364116313E-01	

r
2.9822946603267835E+00	

errcoeff
3.6041269796506770E-03	

v_opt
1.0000000000000000E+00	
5.5983884195143219E-11	
5.6678059258212310E-01	
1.1800293580188526E-01	
2.9648275172262395E-01	
2.4394153363971327E-11	
1.5358115121058813E-01	
1.5520435232531771E-02	

alpha_opt
0.0000000000000000E+00	0.0000000000000000E+00	0.0000000000000000E+00	0.0000000000000000E+00	0.0000000000000000E+00	0.0000000000000000E+00	0.0000000000000000E+00	0.0000000000000000E+00	
9.9999999994401612E-01	0.0000000000000000E+00	0.0000000000000000E+00	0.0000000000000000E+00	0.0000000000000000E+00	0.0000000000000000E+00	0.0000000000000000E+00	0.0000000000000000E+00	
2.4253247125113576E-11	4.3321940739362363E-01	0.0000000000000000E+00	0.0000000000000000E+00	0.0000000000000000E+00	0.0000000000000000E+00	0.0000000000000000E+00	0.0000000000000000E+00	
1.2976638325717079E-02	2.1046614586727103E-11	8.6902042585135109E-01	0.0000000000000000E+00	0.0000000000000000E+00	0.0000000000000000E+00	0.0000000000000000E+00	0.0000000000000000E+00	
2.3134718054429091E-04	1.2101660404745254E-03	3.4156650159720414E-11	7.0207573502220055E-01	0.0000000000000000E+00	0.0000000000000000E+00	0.0000000000000000E+00	0.0000000000000000E+00	
2.0132742844781382E-01	9.9647698064831928E-03	6.9102047846004632E-03	3.0728510905292686E-11	7.8179759690597983E-01	0.0000000000000000E+00	0.0000000000000000E+00	0.0000000000000000E+00	
1.5429647943555382E-11	9.8657688255995912E-02	4.0340815664598803E-14	1.1315316268722141E-04	3.2510414894911563E-11	7.4764800732274839E-01	0.0000000000000000E+00	0.0000000000000000E+00	
4.3480464340231810E-05	7.4900010476885402E-03	1.8349324029531733E-01	1.1461363164263152E-01	2.6568331261839906E-01	1.7007303868214692E-11	4.1315589868208419E-01	0.0000000000000000E+00	

beta_opt
0.0000000000000000E+00	0.0000000000000000E+00	0.0000000000000000E+00	0.0000000000000000E+00	0.0000000000000000E+00	0.0000000000000000E+00	0.0000000000000000E+00	0.0000000000000000E+00	
3.3531227256076213E-01	0.0000000000000000E+00	0.0000000000000000E+00	0.0000000000000000E+00	0.0000000000000000E+00	0.0000000000000000E+00	0.0000000000000000E+00	0.0000000000000000E+00	
8.1324114109548873E-12	1.4526378401871501E-01	0.0000000000000000E+00	0.0000000000000000E+00	0.0000000000000000E+00	0.0000000000000000E+00	0.0000000000000000E+00	0.0000000000000000E+00	
4.3512260874388753E-03	7.0571881671810388E-12	2.9139321391025114E-01	0.0000000000000000E+00	0.0000000000000000E+00	0.0000000000000000E+00	0.0000000000000000E+00	0.0000000000000000E+00	
7.7573548863173983E-05	4.0578352523008967E-04	1.1453143988759962E-11	2.3541461023324095E-01	0.0000000000000000E+00	0.0000000000000000E+00	0.0000000000000000E+00	0.0000000000000000E+00	
6.7507557565430018E-02	3.3413096095438050E-03	2.3170764703143521E-03	1.0303646824638690E-11	2.6214632891576273E-01	0.0000000000000000E+00	0.0000000000000000E+00	0.0000000000000000E+00	
5.1737503170556920E-12	3.3081133656561214E-02	1.3526770578208697E-14	3.7941644130213965E-05	1.0901141100916334E-11	2.5069555242495101E-01	0.0000000000000000E+00	0.0000000000000000E+00	
1.4579533310736525E-05	2.5114892729235366E-03	6.1527535406405418E-02	3.8431357294684387E-02	8.9086875340534222E-02	5.7027577105017713E-12	1.3853624331672942E-01	0.0000000000000000E+00	

==============================================================

