#stage		 order
9	 		2


A
0.0000000000000000E+00	0.0000000000000000E+00	0.0000000000000000E+00	0.0000000000000000E+00	0.0000000000000000E+00	0.0000000000000000E+00	0.0000000000000000E+00	0.0000000000000000E+00	0.0000000000000000E+00	
2.6282130232375928E-01	0.0000000000000000E+00	0.0000000000000000E+00	0.0000000000000000E+00	0.0000000000000000E+00	0.0000000000000000E+00	0.0000000000000000E+00	0.0000000000000000E+00	0.0000000000000000E+00	
2.1307023669654737E-01	1.4924969219164705E-01	0.0000000000000000E+00	0.0000000000000000E+00	0.0000000000000000E+00	0.0000000000000000E+00	0.0000000000000000E+00	0.0000000000000000E+00	0.0000000000000000E+00	
2.0585338820614868E-01	1.4136460278099039E-01	2.3866137942400739E-01	0.0000000000000000E+00	0.0000000000000000E+00	0.0000000000000000E+00	0.0000000000000000E+00	0.0000000000000000E+00	0.0000000000000000E+00	
2.1093092714006870E-01	1.6874674257043662E-01	1.5639671271195674E-01	1.6505660706456576E-01	0.0000000000000000E+00	0.0000000000000000E+00	0.0000000000000000E+00	0.0000000000000000E+00	0.0000000000000000E+00	
2.1248487177446138E-01	1.5869984494803147E-01	1.5322469373908146E-01	1.5845085137346002E-01	2.3511198128877267E-01	0.0000000000000000E+00	0.0000000000000000E+00	0.0000000000000000E+00	0.0000000000000000E+00	
2.1108017768989179E-01	1.5790892875887996E-01	1.5198808700147404E-01	1.5723136306934604E-01	2.3294208458113200E-01	2.5645651120150675E-01	0.0000000000000000E+00	0.0000000000000000E+00	0.0000000000000000E+00	
1.9968828506111047E-01	1.2650665980501072E-01	1.4415907997338021E-01	7.4644894307203502E-02	7.1436236820138152E-02	2.6863635587094974E-02	2.7550163112989096E-02	0.0000000000000000E+00	0.0000000000000000E+00	
2.0458104082672790E-01	1.3892278740718209E-01	1.3307995256819521E-01	7.4261268847504669E-02	6.0756410128383447E-02	2.2850958449476613E-02	2.3428818348432461E-02	2.2369211204583303E-01	0.0000000000000000E+00	

b
2.1386730616700494E-01	
1.1841638743512808E-01	
1.1495843121204498E-01	
6.3224134556620043E-02	
5.3542883168573127E-02	
2.0031698985125357E-02	
2.0469338791696278E-02	
1.8174614045171167E-01	
2.1374367923209542E-01	

c
0.0000000000000000E+00	
2.6282130232375928E-01	
3.6231992888819442E-01	
5.8587937041114646E-01	
7.0113098948702779E-01	
9.1797224312380699E-01	
1.1676071523022307E+00	
6.7084895466692718E-01	
8.8157334862173553E-01	

r
3.8011746720877233E+00	

errcoeff
1.5578339719553138E-02	

v_opt
1.0000000000000000E+00	
9.7032233808835855E-04	
1.8953232561108457E-01	
4.5051399373292611E-02	
5.6651345432551015E-02	
3.5686736168135669E-03	
6.9992189954396489E-03	
1.0736119608656070E-01	
7.9402265578493170E-03	
2.6596502777920250E-12	

alpha_opt
0.0000000000000000E+00	0.0000000000000000E+00	0.0000000000000000E+00	0.0000000000000000E+00	0.0000000000000000E+00	0.0000000000000000E+00	0.0000000000000000E+00	0.0000000000000000E+00	0.0000000000000000E+00	0.0000000000000000E+00	
9.9902967766191164E-01	0.0000000000000000E+00	0.0000000000000000E+00	0.0000000000000000E+00	0.0000000000000000E+00	0.0000000000000000E+00	0.0000000000000000E+00	0.0000000000000000E+00	0.0000000000000000E+00	0.0000000000000000E+00	
2.4314352462237848E-01	5.6732414976653689E-01	0.0000000000000000E+00	0.0000000000000000E+00	0.0000000000000000E+00	0.0000000000000000E+00	0.0000000000000000E+00	0.0000000000000000E+00	0.0000000000000000E+00	0.0000000000000000E+00	
2.5076294850631235E-02	2.2678715118797699E-02	9.0719359065727845E-01	0.0000000000000000E+00	0.0000000000000000E+00	0.0000000000000000E+00	0.0000000000000000E+00	0.0000000000000000E+00	0.0000000000000000E+00	0.0000000000000000E+00	
6.9206918930876519E-04	2.8993778628606370E-01	2.5309804867732918E-02	6.2740899422434360E-01	0.0000000000000000E+00	0.0000000000000000E+00	0.0000000000000000E+00	0.0000000000000000E+00	0.0000000000000000E+00	0.0000000000000000E+00	
4.7694671717853611E-02	3.9785931474713753E-05	1.3412287349114434E-02	4.1582873020055124E-02	8.9370170836468854E-01	0.0000000000000000E+00	0.0000000000000000E+00	0.0000000000000000E+00	0.0000000000000000E+00	0.0000000000000000E+00	
1.2905423790225362E-04	2.1579098998631614E-03	5.0992939307226573E-05	1.5858710910705296E-03	1.4240957981146612E-02	9.7483599485527062E-01	0.0000000000000000E+00	0.0000000000000000E+00	0.0000000000000000E+00	0.0000000000000000E+00	
1.3321964230324523E-01	8.4600076654320316E-02	2.8232071373777384E-01	1.0895838616763347E-01	1.7879136419453007E-01	2.5638620662551526E-05	1.0472298223527386E-01	0.0000000000000000E+00	0.0000000000000000E+00	0.0000000000000000E+00	
2.4259239815420282E-03	9.5590994151353831E-02	2.7074911746636770E-03	4.0982956036884129E-02	2.5098527027673319E-05	2.2684837579352316E-05	1.1834092520125806E-05	8.5029279064057983E-01	0.0000000000000000E+00	0.0000000000000000E+00	
1.5319954686149567E-01	1.4713201554236381E-03	1.5537748988644703E-02	7.7086601065907978E-04	1.0829590470131959E-02	2.5826047045035490E-04	5.4501679254417498E-03	5.4393124432058223E-06	8.1247705980264995E-01	0.0000000000000000E+00	

beta_opt
0.0000000000000000E+00	0.0000000000000000E+00	0.0000000000000000E+00	0.0000000000000000E+00	0.0000000000000000E+00	0.0000000000000000E+00	0.0000000000000000E+00	0.0000000000000000E+00	0.0000000000000000E+00	0.0000000000000000E+00	
2.6282130232375928E-01	0.0000000000000000E+00	0.0000000000000000E+00	0.0000000000000000E+00	0.0000000000000000E+00	0.0000000000000000E+00	0.0000000000000000E+00	0.0000000000000000E+00	0.0000000000000000E+00	0.0000000000000000E+00	
6.3965364815186693E-02	1.4924969219164705E-01	0.0000000000000000E+00	0.0000000000000000E+00	0.0000000000000000E+00	0.0000000000000000E+00	0.0000000000000000E+00	0.0000000000000000E+00	0.0000000000000000E+00	0.0000000000000000E+00	
6.5969856726597106E-03	5.9662386171565329E-03	2.3866137942400739E-01	0.0000000000000000E+00	0.0000000000000000E+00	0.0000000000000000E+00	0.0000000000000000E+00	0.0000000000000000E+00	0.0000000000000000E+00	0.0000000000000000E+00	
1.8206718949327627E-04	7.6275838734751814E-02	6.6584166873458195E-03	1.6505660706456576E-01	0.0000000000000000E+00	0.0000000000000000E+00	0.0000000000000000E+00	0.0000000000000000E+00	0.0000000000000000E+00	0.0000000000000000E+00	
1.2547350709467681E-02	1.0466746442228114E-05	3.5284585704046193E-03	1.0939479662978452E-02	2.3511198128877267E-01	0.0000000000000000E+00	0.0000000000000000E+00	0.0000000000000000E+00	0.0000000000000000E+00	0.0000000000000000E+00	
3.3951146431656894E-05	5.6769553784096925E-04	1.3415047638431793E-05	4.1720552931742835E-04	3.7464623990975388E-03	2.5645651120150675E-01	0.0000000000000000E+00	0.0000000000000000E+00	0.0000000000000000E+00	0.0000000000000000E+00	
3.5046966739954305E-02	2.2256298106193922E-02	7.4271965404660828E-02	2.8664398657998233E-02	4.7035819087799115E-02	6.7449204192680801E-06	2.7550163112989096E-02	0.0000000000000000E+00	0.0000000000000000E+00	0.0000000000000000E+00	
6.3820376353532562E-04	2.5147750997827546E-02	7.1227749531981889E-04	1.0781655559922627E-02	6.6028344375706469E-06	5.9678492930877584E-06	3.1132724857968475E-06	2.2369211204583303E-01	0.0000000000000000E+00	0.0000000000000000E+00	
4.0303211527990393E-02	3.8706986191705539E-04	4.0876177311693941E-03	2.0279678709114735E-04	2.8490115305225914E-03	6.7942279093614194E-05	1.4338114913664628E-03	1.4309556683189673E-06	2.1374367923209542E-01	0.0000000000000000E+00	

==============================================================

