#stage		 order
9	 		3


A
0.0000000000000000E+00	0.0000000000000000E+00	0.0000000000000000E+00	0.0000000000000000E+00	0.0000000000000000E+00	0.0000000000000000E+00	0.0000000000000000E+00	0.0000000000000000E+00	0.0000000000000000E+00	
3.0632579047020075E-01	0.0000000000000000E+00	0.0000000000000000E+00	0.0000000000000000E+00	0.0000000000000000E+00	0.0000000000000000E+00	0.0000000000000000E+00	0.0000000000000000E+00	0.0000000000000000E+00	
1.9411287658021947E-01	1.9412658959541021E-01	0.0000000000000000E+00	0.0000000000000000E+00	0.0000000000000000E+00	0.0000000000000000E+00	0.0000000000000000E+00	0.0000000000000000E+00	0.0000000000000000E+00	
1.9553903682782336E-01	1.9555305414728791E-01	3.0247999139091813E-01	0.0000000000000000E+00	0.0000000000000000E+00	0.0000000000000000E+00	0.0000000000000000E+00	0.0000000000000000E+00	0.0000000000000000E+00	
1.9553929382364110E-01	1.9555329157718554E-01	3.0247928518351563E-01	3.0637289299880510E-01	0.0000000000000000E+00	0.0000000000000000E+00	0.0000000000000000E+00	0.0000000000000000E+00	0.0000000000000000E+00	
2.1414991057029981E-01	1.1403733419549980E-01	1.7639630750741983E-01	1.7795450930049608E-01	1.7795634399399052E-01	0.0000000000000000E+00	0.0000000000000000E+00	0.0000000000000000E+00	0.0000000000000000E+00	
2.0246573502001958E-01	1.6653251688747631E-01	2.5694406610566234E-01	2.3617016079649267E-01	1.6231918163495276E-01	1.0821052857695022E-01	0.0000000000000000E+00	0.0000000000000000E+00	0.0000000000000000E+00	
2.0591121771283288E-01	1.4590220075907842E-01	1.3933329301949579E-01	7.0042817098056362E-02	3.0179016945303717E-02	1.0153937303551080E-02	2.2525747146080428E-02	0.0000000000000000E+00	0.0000000000000000E+00	
1.6371807515233014E-01	1.1751264483564289E-01	1.1708006731504908E-01	6.5382850275207627E-02	2.3300597599761112E-02	8.6952649828587417E-03	1.6849984881961433E-02	2.2917692802479353E-01	0.0000000000000000E+00	

b
1.7467127678164796E-01	
1.2217204637497704E-01	
1.2187315492154915E-01	
6.2864741896393905E-02	
2.2318599332061505E-02	
8.2203243774937387E-03	
1.6207834494294696E-02	
2.2042589197930917E-01	
2.5124612984227279E-01	

c
0.0000000000000000E+00	
3.0632579047020075E-01	
3.8823946617562977E-01	
6.9357208236602941E-01	
9.9994476358314754E-01	
8.6049440556770607E-01	
1.1326421890215539E+00	
6.2404822998439868E-01	
7.4171641306760461E-01	

r
3.2639605335629764E+00	

errcoeff
9.6455493941690409E-03	

v_opt
1.0000000000000000E+00	
1.6470950795277606E-04	
3.6631886830546412E-01	
2.8694967161291274E-06	
5.4567377283376572E-09	
9.0051863610403515E-02	
4.6972288435531695E-05	
1.5825296303467662E-01	
2.0464462406029449E-01	
3.3587577163984861E-12	

alpha_opt
0.0000000000000000E+00	0.0000000000000000E+00	0.0000000000000000E+00	0.0000000000000000E+00	0.0000000000000000E+00	0.0000000000000000E+00	0.0000000000000000E+00	0.0000000000000000E+00	0.0000000000000000E+00	0.0000000000000000E+00	
9.9983529049204722E-01	0.0000000000000000E+00	0.0000000000000000E+00	0.0000000000000000E+00	0.0000000000000000E+00	0.0000000000000000E+00	0.0000000000000000E+00	0.0000000000000000E+00	0.0000000000000000E+00	0.0000000000000000E+00	
5.9604749553399919E-05	6.3362152694498253E-01	0.0000000000000000E+00	0.0000000000000000E+00	0.0000000000000000E+00	0.0000000000000000E+00	0.0000000000000000E+00	0.0000000000000000E+00	0.0000000000000000E+00	0.0000000000000000E+00	
5.3164606943492903E-07	1.2713844779768101E-02	9.8728275407744637E-01	0.0000000000000000E+00	0.0000000000000000E+00	0.0000000000000000E+00	0.0000000000000000E+00	0.0000000000000000E+00	0.0000000000000000E+00	0.0000000000000000E+00	
6.4133256932236823E-08	2.3749349233097160E-06	8.5241886415624742E-06	9.9998903128644046E-01	0.0000000000000000E+00	0.0000000000000000E+00	0.0000000000000000E+00	0.0000000000000000E+00	0.0000000000000000E+00	0.0000000000000000E+00	
3.2679014175453358E-01	1.9348240212949116E-05	2.2957801824533110E-03	3.8272766763672382E-07	5.8084248348472911E-01	0.0000000000000000E+00	0.0000000000000000E+00	0.0000000000000000E+00	0.0000000000000000E+00	0.0000000000000000E+00	
1.9030932913314531E-03	2.3569562817241214E-03	7.6792923160466542E-02	2.4105235742889952E-01	3.2465280296334731E-01	3.5319489458579539E-01	0.0000000000000000E+00	0.0000000000000000E+00	0.0000000000000000E+00	0.0000000000000000E+00	
1.8494784914924770E-01	1.8498089321522382E-01	2.2334577314276630E-01	1.1239200962837871E-01	5.5383312636704714E-02	7.1740495202923414E-03	7.3523149672709856E-02	0.0000000000000000E+00	0.0000000000000000E+00	0.0000000000000000E+00	
3.1281703140139867E-03	2.0770309292614242E-04	9.4289356236096182E-05	4.0026342457437379E-02	2.8411476351348093E-04	3.5897355143958776E-03	5.7217640287248751E-07	7.4802444826477965E-01	0.0000000000000000E+00	0.0000000000000000E+00	
2.6900429924912539E-02	1.0725906644481477E-02	3.0319872720871107E-02	5.9040962934148108E-03	8.7081930791280391E-06	4.0951483374905432E-05	4.1938284630922021E-06	1.0603838890486877E-01	8.2005745200317537E-01	0.0000000000000000E+00	

beta_opt
0.0000000000000000E+00	0.0000000000000000E+00	0.0000000000000000E+00	0.0000000000000000E+00	0.0000000000000000E+00	0.0000000000000000E+00	0.0000000000000000E+00	0.0000000000000000E+00	0.0000000000000000E+00	0.0000000000000000E+00	
3.0632579047020075E-01	0.0000000000000000E+00	0.0000000000000000E+00	0.0000000000000000E+00	0.0000000000000000E+00	0.0000000000000000E+00	0.0000000000000000E+00	0.0000000000000000E+00	0.0000000000000000E+00	0.0000000000000000E+00	
1.8261479862086150E-05	1.9412658959541021E-01	0.0000000000000000E+00	0.0000000000000000E+00	0.0000000000000000E+00	0.0000000000000000E+00	0.0000000000000000E+00	0.0000000000000000E+00	0.0000000000000000E+00	0.0000000000000000E+00	
1.6288373096921133E-07	3.8952201318691870E-03	3.0247999139091813E-01	0.0000000000000000E+00	0.0000000000000000E+00	0.0000000000000000E+00	0.0000000000000000E+00	0.0000000000000000E+00	0.0000000000000000E+00	0.0000000000000000E+00	
1.9648906986997567E-08	7.2762366423384515E-07	2.6116089805738874E-06	3.0637289299880510E-01	0.0000000000000000E+00	0.0000000000000000E+00	0.0000000000000000E+00	0.0000000000000000E+00	0.0000000000000000E+00	0.0000000000000000E+00	
1.0012073932853713E-01	5.9278413492708237E-06	7.0337253127936671E-04	1.1725866894130021E-07	1.7795634399399052E-01	0.0000000000000000E+00	0.0000000000000000E+00	0.0000000000000000E+00	0.0000000000000000E+00	0.0000000000000000E+00	
5.8306259275840234E-04	7.2211543538089340E-04	2.3527528097223541E-02	7.3852718178985255E-02	9.9465909477121750E-02	1.0821052857695022E-01	0.0000000000000000E+00	0.0000000000000000E+00	0.0000000000000000E+00	0.0000000000000000E+00	
5.6663629124878725E-02	5.6673753042014621E-02	6.8427841222194002E-02	3.4434242839142287E-02	1.6968131834942241E-02	2.1979584148249225E-03	2.2525747146080428E-02	0.0000000000000000E+00	0.0000000000000000E+00	0.0000000000000000E+00	
9.5839710128072593E-04	6.3635295461910102E-05	2.8888019713461249E-05	1.2263120845505892E-02	8.7046016824121543E-05	1.0998097181437870E-03	1.7530126268303081E-07	2.2917692802479353E-01	0.0000000000000000E+00	0.0000000000000000E+00	
8.2416529393374328E-03	3.2861630936865810E-03	9.2892890123991816E-03	1.8088749029876935E-03	2.6679835707921994E-06	1.2546562053807574E-05	1.2848894525626514E-06	3.2487644325381870E-02	2.5124612984227279E-01	0.0000000000000000E+00	

==============================================================

