#stage		 order
6	 		2


A
0.0000000000000000E+00	0.0000000000000000E+00	0.0000000000000000E+00	0.0000000000000000E+00	0.0000000000000000E+00	0.0000000000000000E+00	
3.8284218811143012E-01	0.0000000000000000E+00	0.0000000000000000E+00	0.0000000000000000E+00	0.0000000000000000E+00	0.0000000000000000E+00	
3.8175487309661033E-01	3.8175487309661033E-01	0.0000000000000000E+00	0.0000000000000000E+00	0.0000000000000000E+00	0.0000000000000000E+00	
3.8188719448947245E-01	3.2097399944018412E-01	3.2188819824563003E-01	0.0000000000000000E+00	0.0000000000000000E+00	0.0000000000000000E+00	
2.1388368528198035E-01	1.9995889399551486E-01	7.3583826534135907E-02	8.7517943539028004E-02	0.0000000000000000E+00	0.0000000000000000E+00	
2.1388207077008645E-01	2.0004339413050087E-01	7.3165111937384245E-02	8.6976709085421530E-02	3.8047458926117161E-01	0.0000000000000000E+00	

b
2.5249832167250785E-01	
2.2341428681801243E-01	
7.9263985794531713E-02	
5.2083036392709489E-02	
1.9576109831949715E-01	
1.9697927100274151E-01	

c
0.0000000000000000E+00	
3.8284218811143012E-01	
7.6350974619322065E-01	
1.0247493921752866E+00	
5.7494434935065908E-01	
9.5454187518456468E-01	

r
2.6120423272393896E+00	

errcoeff
2.2945431577979035E-02	

v_opt
1.0000000000000000E+00	
1.4899970146586838E-11	
2.8401128417523402E-03	
1.0655778986701225E-04	
4.4075652052021197E-01	
2.7332306824157104E-03	
1.1308008608246656E-01	

alpha_opt
0.0000000000000000E+00	0.0000000000000000E+00	0.0000000000000000E+00	0.0000000000000000E+00	0.0000000000000000E+00	0.0000000000000000E+00	0.0000000000000000E+00	
9.9999999998510003E-01	0.0000000000000000E+00	0.0000000000000000E+00	0.0000000000000000E+00	0.0000000000000000E+00	0.0000000000000000E+00	0.0000000000000000E+00	
1.4857601437133649E-11	9.9715988714339010E-01	0.0000000000000000E+00	0.0000000000000000E+00	0.0000000000000000E+00	0.0000000000000000E+00	0.0000000000000000E+00	
1.5910784375375922E-01	1.2492112603103528E-11	8.4078559844388168E-01	0.0000000000000000E+00	0.0000000000000000E+00	0.0000000000000000E+00	0.0000000000000000E+00	
5.4685073330286233E-12	3.3064290655797363E-01	2.8638451612681683E-12	2.2860057291348204E-01	0.0000000000000000E+00	0.0000000000000000E+00	0.0000000000000000E+00	
4.9795305300612209E-14	3.3560964340239915E-03	9.4941305731860562E-05	3.3850385910782249E-12	9.9381573157439362E-01	0.0000000000000000E+00	0.0000000000000000E+00	
5.4323206492097820E-02	2.0631822241977055E-01	9.2608961350188382E-02	1.9151330207604719E-02	7.6189649091902453E-12	5.1451819344025296E-01	0.0000000000000000E+00	

beta_opt
0.0000000000000000E+00	0.0000000000000000E+00	0.0000000000000000E+00	0.0000000000000000E+00	0.0000000000000000E+00	0.0000000000000000E+00	0.0000000000000000E+00	
3.8284218811143012E-01	0.0000000000000000E+00	0.0000000000000000E+00	0.0000000000000000E+00	0.0000000000000000E+00	0.0000000000000000E+00	0.0000000000000000E+00	
5.6881166443645270E-12	3.8175487309661033E-01	0.0000000000000000E+00	0.0000000000000000E+00	0.0000000000000000E+00	0.0000000000000000E+00	0.0000000000000000E+00	
6.0913195049288327E-02	4.7825077231777868E-12	3.2188819824563003E-01	0.0000000000000000E+00	0.0000000000000000E+00	0.0000000000000000E+00	0.0000000000000000E+00	
2.0935753131112733E-12	1.2658405383206384E-01	1.0964007479685733E-12	8.7517943539028004E-02	0.0000000000000000E+00	0.0000000000000000E+00	0.0000000000000000E+00	
1.9063743639247122E-14	1.2848553023338571E-03	3.6347537229083339E-05	1.2959355810693296E-12	3.8047458926117161E-01	0.0000000000000000E+00	0.0000000000000000E+00	
2.0797215238973654E-02	7.8987319719622584E-02	3.5454617402561256E-02	7.3319371620331648E-03	2.9168611970220581E-12	1.9697927100274151E-01	0.0000000000000000E+00	

==============================================================

