#stage		 order
6	 		3


A
0.0000000000000000E+00	0.0000000000000000E+00	0.0000000000000000E+00	0.0000000000000000E+00	0.0000000000000000E+00	0.0000000000000000E+00	
3.8550560215797613E-01	0.0000000000000000E+00	0.0000000000000000E+00	0.0000000000000000E+00	0.0000000000000000E+00	0.0000000000000000E+00	
2.7541771353918504E-01	2.7541771353918504E-01	0.0000000000000000E+00	0.0000000000000000E+00	0.0000000000000000E+00	0.0000000000000000E+00	
1.6882482180170777E-01	1.6882482180170774E-01	2.3630620467924515E-01	0.0000000000000000E+00	0.0000000000000000E+00	0.0000000000000000E+00	
1.1601817760434650E-01	1.1592607490858761E-01	1.6226317014677930E-01	2.6471315554496044E-01	0.0000000000000000E+00	0.0000000000000000E+00	
1.7169330010179623E-01	9.7261352073123933E-02	1.2963159975971039E-01	2.0972240900935446E-01	3.0542178156854261E-01	0.0000000000000000E+00	

b
1.9094835929811743E-01	
1.5570665763454350E-01	
1.3865914358471007E-01	
2.1447525424730360E-01	
1.3270692976991741E-01	
1.6750365546540799E-01	

c
0.0000000000000000E+00	
3.8550560215797613E-01	
5.5083542707837008E-01	
5.7395584828266066E-01	
6.5892057820467387E-01	
9.1373044251252766E-01	

r
2.5939960260038206E+00	

errcoeff
5.3501019060780948E-03	

v_opt
1.0000000000000000E+00	
3.3636649021673293E-11	
2.8556754558829534E-01	
3.8702264414788057E-01	
3.1309621246760555E-01	
1.4858558827768320E-11	
7.8867529563191319E-02	

alpha_opt
0.0000000000000000E+00	0.0000000000000000E+00	0.0000000000000000E+00	0.0000000000000000E+00	0.0000000000000000E+00	0.0000000000000000E+00	0.0000000000000000E+00	
9.9999999996636335E-01	0.0000000000000000E+00	0.0000000000000000E+00	0.0000000000000000E+00	0.0000000000000000E+00	0.0000000000000000E+00	0.0000000000000000E+00	
2.4031155330848323E-11	7.1443245438767355E-01	0.0000000000000000E+00	0.0000000000000000E+00	0.0000000000000000E+00	0.0000000000000000E+00	0.0000000000000000E+00	
7.1998348327493088E-17	1.4730472700464516E-11	6.1297735583738888E-01	0.0000000000000000E+00	0.0000000000000000E+00	0.0000000000000000E+00	0.0000000000000000E+00	
2.3891402677473156E-04	1.7495528178295179E-16	1.4158017772502123E-11	6.8666487349146155E-01	0.0000000000000000E+00	0.0000000000000000E+00	0.0000000000000000E+00	
1.9288689467126521E-01	1.2057749774134117E-02	2.7924679042858132E-03	1.8298974278822952E-11	7.9226288761715735E-01	0.0000000000000000E+00	0.0000000000000000E+00	
7.5244980964315946E-03	1.4169534213095655E-01	1.7439229734068813E-02	3.1996958386000623E-01	1.1579198679336871E-11	4.3450381660376625E-01	0.0000000000000000E+00	

beta_opt
0.0000000000000000E+00	0.0000000000000000E+00	0.0000000000000000E+00	0.0000000000000000E+00	0.0000000000000000E+00	0.0000000000000000E+00	0.0000000000000000E+00	
3.8550560215797613E-01	0.0000000000000000E+00	0.0000000000000000E+00	0.0000000000000000E+00	0.0000000000000000E+00	0.0000000000000000E+00	0.0000000000000000E+00	
9.2641450066821562E-12	2.7541771353918504E-01	0.0000000000000000E+00	0.0000000000000000E+00	0.0000000000000000E+00	0.0000000000000000E+00	0.0000000000000000E+00	
2.7755766627303547E-17	5.6786797486552132E-12	2.3630620467924515E-01	0.0000000000000000E+00	0.0000000000000000E+00	0.0000000000000000E+00	0.0000000000000000E+00	
9.2102695758877751E-05	6.7446241256723883E-17	5.4579951669353477E-12	2.6471315554496044E-01	0.0000000000000000E+00	0.0000000000000000E+00	0.0000000000000000E+00	
7.4358978481129406E-02	4.6483300875041281E-03	1.0765120209847343E-03	7.0543570984682447E-12	3.0542178156854261E-01	0.0000000000000000E+00	0.0000000000000000E+00	
2.9007361696989781E-03	5.4624348193012234E-02	6.7229207600296159E-03	1.2335006710233783E-01	4.4638459595347513E-12	1.6750365546540799E-01	0.0000000000000000E+00	

==============================================================

