#stage		 order
8	 		2


A
0.0000000000000000E+00	0.0000000000000000E+00	0.0000000000000000E+00	0.0000000000000000E+00	0.0000000000000000E+00	0.0000000000000000E+00	0.0000000000000000E+00	0.0000000000000000E+00	
3.3193396912493711E-01	0.0000000000000000E+00	0.0000000000000000E+00	0.0000000000000000E+00	0.0000000000000000E+00	0.0000000000000000E+00	0.0000000000000000E+00	0.0000000000000000E+00	
1.9947619125773500E-01	1.9947619125773500E-01	0.0000000000000000E+00	0.0000000000000000E+00	0.0000000000000000E+00	0.0000000000000000E+00	0.0000000000000000E+00	0.0000000000000000E+00	
2.6516287495997271E-01	1.0000486226658896E-01	1.6641089171916071E-01	0.0000000000000000E+00	0.0000000000000000E+00	0.0000000000000000E+00	0.0000000000000000E+00	0.0000000000000000E+00	
2.2636685527880210E-01	1.2449363948459617E-01	4.8140632055269340E-02	9.6024430307459482E-02	0.0000000000000000E+00	0.0000000000000000E+00	0.0000000000000000E+00	0.0000000000000000E+00	
2.3728364284008957E-01	1.0162714880593453E-01	3.9206626291101290E-02	5.5588837492054198E-02	1.9215759373628144E-01	0.0000000000000000E+00	0.0000000000000000E+00	0.0000000000000000E+00	
2.3549771326889132E-01	1.0105476388286946E-01	3.8476871767529792E-02	5.4905700021034183E-02	1.8559398724773690E-01	3.2059596311042166E-01	0.0000000000000000E+00	0.0000000000000000E+00	
2.3564555124465350E-01	1.0138345207374164E-01	3.8417886246106502E-02	5.4821528902227537E-02	1.8530946936444939E-01	3.2010448552449650E-01	3.3142511023523269E-01	0.0000000000000000E+00	

b
2.2904331832748676E-01	
1.1487471877160899E-01	
1.2847301602521002E-01	
1.1128694374008360E-01	
8.4401790013619402E-02	
1.1770856738841513E-01	
1.0702366261331350E-01	
1.0718798312026261E-01	

c
0.0000000000000000E+00	
3.3193396912493711E-01	
3.9895238251546999E-01	
5.3157862894572239E-01	
4.9502555712612711E-01	
6.2586384916546101E-01	
9.3612499929848336E-01	
1.2671074835909080E+00	

r
3.0126473727177001E+00	

errcoeff
3.2272507981457248E-02	

v_opt
1.0000000000000000E+00	
2.7752466991159963E-11	
3.9904857648765113E-01	
1.0998112660225434E-03	
2.5984401245145716E-01	
8.7405457619720961E-02	
1.4383601235229304E-02	
4.0067948958721900E-13	
5.3451068578356686E-02	

alpha_opt
0.0000000000000000E+00	0.0000000000000000E+00	0.0000000000000000E+00	0.0000000000000000E+00	0.0000000000000000E+00	0.0000000000000000E+00	0.0000000000000000E+00	0.0000000000000000E+00	0.0000000000000000E+00	
9.9999999997224753E-01	0.0000000000000000E+00	0.0000000000000000E+00	0.0000000000000000E+00	0.0000000000000000E+00	0.0000000000000000E+00	0.0000000000000000E+00	0.0000000000000000E+00	0.0000000000000000E+00	
1.6677897092847177E-11	6.0095142349567099E-01	0.0000000000000000E+00	0.0000000000000000E+00	0.0000000000000000E+00	0.0000000000000000E+00	0.0000000000000000E+00	0.0000000000000000E+00	0.0000000000000000E+00	
4.9756285301019049E-01	8.3611908711034501E-12	5.0133733571542582E-01	0.0000000000000000E+00	0.0000000000000000E+00	0.0000000000000000E+00	0.0000000000000000E+00	0.0000000000000000E+00	0.0000000000000000E+00	
1.6296923883839726E-01	2.8789900103166738E-01	4.0249409716736630E-12	2.8928774767445325E-01	0.0000000000000000E+00	0.0000000000000000E+00	0.0000000000000000E+00	0.0000000000000000E+00	0.0000000000000000E+00	
2.3101515301389658E-01	6.8519325416957808E-02	3.4156994043479508E-02	4.6476424449478659E-12	5.7890306990129747E-01	0.0000000000000000E+00	0.0000000000000000E+00	0.0000000000000000E+00	0.0000000000000000E+00	
8.4814348414004297E-03	7.6301029955627648E-03	9.6662132819253238E-13	3.6622749696156244E-03	1.5517198939158546E-11	9.6584258594170802E-01	0.0000000000000000E+00	0.0000000000000000E+00	0.0000000000000000E+00	
7.6076856989931488E-05	1.4569355406062470E-03	1.6183063053685210E-17	1.0109103796546887E-13	3.7581306505133574E-16	2.6763537068735626E-11	9.9846698757513808E-01	0.0000000000000000E+00	0.0000000000000000E+00	
5.1013529720347443E-02	1.3049001000267606E-02	2.0684880638805508E-01	2.6052949672981035E-01	4.8985462498868315E-02	4.3203039350140020E-02	8.9480203244992284E-12	3.2291959572520651E-01	0.0000000000000000E+00	

beta_opt
0.0000000000000000E+00	0.0000000000000000E+00	0.0000000000000000E+00	0.0000000000000000E+00	0.0000000000000000E+00	0.0000000000000000E+00	0.0000000000000000E+00	0.0000000000000000E+00	0.0000000000000000E+00	
3.3193396912493711E-01	0.0000000000000000E+00	0.0000000000000000E+00	0.0000000000000000E+00	0.0000000000000000E+00	0.0000000000000000E+00	0.0000000000000000E+00	0.0000000000000000E+00	0.0000000000000000E+00	
5.5359605788396493E-12	1.9947619125773500E-01	0.0000000000000000E+00	0.0000000000000000E+00	0.0000000000000000E+00	0.0000000000000000E+00	0.0000000000000000E+00	0.0000000000000000E+00	0.0000000000000000E+00	
1.6515801269338373E-01	2.7753632725335819E-12	1.6641089171916071E-01	0.0000000000000000E+00	0.0000000000000000E+00	0.0000000000000000E+00	0.0000000000000000E+00	0.0000000000000000E+00	0.0000000000000000E+00	
5.4095026294400328E-02	9.5563458122197839E-02	1.3360146322582978E-12	9.6024430307459482E-02	0.0000000000000000E+00	0.0000000000000000E+00	0.0000000000000000E+00	0.0000000000000000E+00	0.0000000000000000E+00	
7.6681776670035479E-02	2.2743891648045189E-02	1.1337866606543642E-02	1.5427104038678863E-12	1.9215759373628144E-01	0.0000000000000000E+00	0.0000000000000000E+00	0.0000000000000000E+00	0.0000000000000000E+00	
2.8152763308587070E-03	2.5326903722195093E-03	3.2085445411667024E-13	1.2156334667251594E-03	5.1506854337191044E-12	3.2059596311042166E-01	0.0000000000000000E+00	0.0000000000000000E+00	0.0000000000000000E+00	
2.5252493099918991E-05	4.8360639676603878E-04	5.3717083521579355E-18	3.3555549475769040E-14	1.2474512233496004E-16	8.8837270872943463E-12	3.3142511023523269E-01	0.0000000000000000E+00	0.0000000000000000E+00	
1.6933123399617805E-02	4.3314066952543084E-03	6.8660145315048257E-02	8.6478589926048260E-02	1.6259938997121373E-02	1.4340556330150807E-02	2.9701519022040657E-12	1.0718798312026261E-01	0.0000000000000000E+00	

==============================================================

