#stage		 order
11	 		3


A
0.0000000000000000E+00	0.0000000000000000E+00	0.0000000000000000E+00	0.0000000000000000E+00	0.0000000000000000E+00	0.0000000000000000E+00	0.0000000000000000E+00	0.0000000000000000E+00	0.0000000000000000E+00	0.0000000000000000E+00	0.0000000000000000E+00	
2.5348913494636199E-01	0.0000000000000000E+00	0.0000000000000000E+00	0.0000000000000000E+00	0.0000000000000000E+00	0.0000000000000000E+00	0.0000000000000000E+00	0.0000000000000000E+00	0.0000000000000000E+00	0.0000000000000000E+00	0.0000000000000000E+00	
2.5348913494636199E-01	2.5348913494636205E-01	0.0000000000000000E+00	0.0000000000000000E+00	0.0000000000000000E+00	0.0000000000000000E+00	0.0000000000000000E+00	0.0000000000000000E+00	0.0000000000000000E+00	0.0000000000000000E+00	0.0000000000000000E+00	
2.5348913494636199E-01	2.5348913494636544E-01	2.5348913494636544E-01	0.0000000000000000E+00	0.0000000000000000E+00	0.0000000000000000E+00	0.0000000000000000E+00	0.0000000000000000E+00	0.0000000000000000E+00	0.0000000000000000E+00	0.0000000000000000E+00	
1.7801538349938079E-01	7.0640453792512339E-02	2.8109071193040236E-02	2.8109071193039858E-02	0.0000000000000000E+00	0.0000000000000000E+00	0.0000000000000000E+00	0.0000000000000000E+00	0.0000000000000000E+00	0.0000000000000000E+00	0.0000000000000000E+00	
1.6864851386679222E-01	6.7969053677176858E-02	2.8997763538120638E-02	2.5756199353301069E-02	2.3227080854919799E-01	0.0000000000000000E+00	0.0000000000000000E+00	0.0000000000000000E+00	0.0000000000000000E+00	0.0000000000000000E+00	0.0000000000000000E+00	
1.6866412003809397E-01	6.7956550978808414E-02	2.8992429488713192E-02	2.5751461579648850E-02	2.3222808304836501E-01	2.5344250639964988E-01	0.0000000000000000E+00	0.0000000000000000E+00	0.0000000000000000E+00	0.0000000000000000E+00	0.0000000000000000E+00	
1.2490460768504476E-01	5.1745474477621262E-02	2.3439942122590415E-02	2.1085537134017566E-02	1.6870236687212994E-01	1.8411360992340112E-01	1.8414748328656586E-01	0.0000000000000000E+00	0.0000000000000000E+00	0.0000000000000000E+00	0.0000000000000000E+00	
1.1218987630924271E-01	5.4165540664812037E-02	3.1863182613136844E-02	3.0008111230087078E-02	1.3292315237019714E-01	1.4506590440325520E-01	1.4509259373960964E-01	1.9972793229512881E-01	0.0000000000000000E+00	0.0000000000000000E+00	0.0000000000000000E+00	
1.1218987630924780E-01	5.4165540664811794E-02	3.1863182613136795E-02	3.0008111230087054E-02	1.3292315237019586E-01	1.4506590440325381E-01	1.4509259373960826E-01	1.9972793229513028E-01	2.5348913494636394E-01	0.0000000000000000E+00	0.0000000000000000E+00	
1.7556328833845092E-01	5.5998843903567234E-02	2.5970762781063684E-02	2.3494208227954852E-02	1.7896884236108593E-01	1.9366566124305087E-01	2.2480014628369412E-02	1.3092700673699954E-02	1.6616891437022312E-02	1.6616891437022191E-02	0.0000000000000000E+00	

b
1.5508103892424177E-01	
5.7606582530258403E-02	
2.7547133777450362E-02	
2.5344316064392428E-02	
1.5881644386062096E-01	
1.7225954036083188E-01	
6.1923158614922744E-02	
7.3733176651250579E-02	
9.3580096441159444E-02	
1.0711135526220907E-02	
1.6339737724865044E-01	

c
0.0000000000000000E+00	
2.5348913494636199E-01	
5.0697826989272410E-01	
7.6046740483909281E-01	
3.0487397967797325E-01	
5.2364233898458867E-01	
7.7703515153327929E-01	
7.5813902150137091E-01	
8.5103629362546951E-01	
1.1045254285718356E+00	
7.2246810503128733E-01	

r
3.9449422564466077E+00	

errcoeff
5.9148157472768796E-03	

v_opt
1.0000000000000000E+00	
5.9346676006821752E-07	
3.5227376571356217E-13	
1.1102230246251565E-16	
2.9773984272114074E-01	
6.1874241152840015E-02	
3.6822717097706459E-08	
2.6416632966650799E-01	
1.5774085080869904E-01	
9.3613930718383642E-08	
2.5946174962746538E-02	
7.8308399022968267E-03	

alpha_opt
0.0000000000000000E+00	0.0000000000000000E+00	0.0000000000000000E+00	0.0000000000000000E+00	0.0000000000000000E+00	0.0000000000000000E+00	0.0000000000000000E+00	0.0000000000000000E+00	0.0000000000000000E+00	0.0000000000000000E+00	0.0000000000000000E+00	0.0000000000000000E+00	
9.9999940653323993E-01	0.0000000000000000E+00	0.0000000000000000E+00	0.0000000000000000E+00	0.0000000000000000E+00	0.0000000000000000E+00	0.0000000000000000E+00	0.0000000000000000E+00	0.0000000000000000E+00	0.0000000000000000E+00	0.0000000000000000E+00	0.0000000000000000E+00	
5.9346640757997820E-07	9.9999940653324015E-01	0.0000000000000000E+00	0.0000000000000000E+00	0.0000000000000000E+00	0.0000000000000000E+00	0.0000000000000000E+00	0.0000000000000000E+00	0.0000000000000000E+00	0.0000000000000000E+00	0.0000000000000000E+00	0.0000000000000000E+00	
3.3884430858295024E-13	5.9346640757997820E-07	9.9999940653325348E-01	0.0000000000000000E+00	0.0000000000000000E+00	0.0000000000000000E+00	0.0000000000000000E+00	0.0000000000000000E+00	0.0000000000000000E+00	0.0000000000000000E+00	0.0000000000000000E+00	0.0000000000000000E+00	
4.2358774567235169E-01	1.6778374886765762E-01	6.5808696339394786E-08	1.1088859693015360E-01	0.0000000000000000E+00	0.0000000000000000E+00	0.0000000000000000E+00	0.0000000000000000E+00	0.0000000000000000E+00	0.0000000000000000E+00	0.0000000000000000E+00	0.0000000000000000E+00	
9.0434399839103927E-03	9.8828317068747962E-08	1.2787775940588574E-02	6.0300174640050017E-08	9.1629438379416928E-01	0.0000000000000000E+00	0.0000000000000000E+00	0.0000000000000000E+00	0.0000000000000000E+00	0.0000000000000000E+00	0.0000000000000000E+00	0.0000000000000000E+00	
1.8395218110187265E-04	4.0321615059875911E-14	7.5877493401914430E-09	3.5765634302803342E-14	5.4369023060915190E-07	9.9981545971812502E-01	0.0000000000000000E+00	0.0000000000000000E+00	0.0000000000000000E+00	0.0000000000000000E+00	0.0000000000000000E+00	0.0000000000000000E+00	
7.9306232299861132E-11	3.3395693825672564E-15	5.5681912140586545E-09	9.3824765298477376E-03	2.3445442867252476E-13	4.3104507300432882E-07	7.2645075711083607E-01	0.0000000000000000E+00	0.0000000000000000E+00	0.0000000000000000E+00	0.0000000000000000E+00	0.0000000000000000E+00	
1.5035961157338312E-03	1.8598974099352790E-14	3.1359074197151253E-08	5.2840489724536761E-02	-1.1433444219016069E-17	2.0139808502965432E-13	3.3968943261122247E-07	7.8791469230230360E-01	0.0000000000000000E+00	0.0000000000000000E+00	0.0000000000000000E+00	0.0000000000000000E+00	
8.9235746569550161E-10	5.4747039058479613E-17	1.8596880999206539E-14	3.1359074231368155E-08	-1.0032880883728979E-16	1.0949407811695923E-16	1.9189498163632175E-13	4.6760117948358987E-07	9.9999940653324759E-01	0.0000000000000000E+00	0.0000000000000000E+00	0.0000000000000000E+00	
1.6558857534853150E-01	5.9475551600283810E-10	1.1323973188246398E-08	1.0445039375655428E-02	5.9729246774053169E-03	6.7533343344338570E-01	5.1161163072876562E-02	-1.1759855091896470E-15	3.8903311843017122E-08	6.5552638297359689E-02	0.0000000000000000E+00	0.0000000000000000E+00	
5.6614601530899358E-03	1.3462559574766449E-02	9.1321324821566553E-10	1.5387741080434870E-03	2.2849102403467293E-09	2.5834519119812726E-07	1.9571494996421560E-08	1.5286506125385003E-07	3.2691307164902134E-01	2.5076810979755336E-08	6.4459283555610003E-01	0.0000000000000000E+00	

beta_opt
0.0000000000000000E+00	0.0000000000000000E+00	0.0000000000000000E+00	0.0000000000000000E+00	0.0000000000000000E+00	0.0000000000000000E+00	0.0000000000000000E+00	0.0000000000000000E+00	0.0000000000000000E+00	0.0000000000000000E+00	0.0000000000000000E+00	0.0000000000000000E+00	
2.5348913494636199E-01	0.0000000000000000E+00	0.0000000000000000E+00	0.0000000000000000E+00	0.0000000000000000E+00	0.0000000000000000E+00	0.0000000000000000E+00	0.0000000000000000E+00	0.0000000000000000E+00	0.0000000000000000E+00	0.0000000000000000E+00	0.0000000000000000E+00	
1.5043737555675563E-07	2.5348913494636205E-01	0.0000000000000000E+00	0.0000000000000000E+00	0.0000000000000000E+00	0.0000000000000000E+00	0.0000000000000000E+00	0.0000000000000000E+00	0.0000000000000000E+00	0.0000000000000000E+00	0.0000000000000000E+00	0.0000000000000000E+00	
8.5893401639068980E-14	1.5043737555675563E-07	2.5348913494636544E-01	0.0000000000000000E+00	0.0000000000000000E+00	0.0000000000000000E+00	0.0000000000000000E+00	0.0000000000000000E+00	0.0000000000000000E+00	0.0000000000000000E+00	0.0000000000000000E+00	0.0000000000000000E+00	
1.0737495494783064E-01	4.2531382599482005E-02	1.6681799407114450E-08	2.8109071193039858E-02	0.0000000000000000E+00	0.0000000000000000E+00	0.0000000000000000E+00	0.0000000000000000E+00	0.0000000000000000E+00	0.0000000000000000E+00	0.0000000000000000E+00	0.0000000000000000E+00	
2.2924151389329727E-03	2.5051919469443185E-08	3.2415641848282926E-03	1.5285448178026240E-08	2.3227080854919799E-01	0.0000000000000000E+00	0.0000000000000000E+00	0.0000000000000000E+00	0.0000000000000000E+00	0.0000000000000000E+00	0.0000000000000000E+00	0.0000000000000000E+00	
4.6629906932310004E-05	1.0221097387049697E-14	1.9234131579167329E-09	9.0662050807169053E-15	1.3781964802728197E-07	2.5344250639964988E-01	0.0000000000000000E+00	0.0000000000000000E+00	0.0000000000000000E+00	0.0000000000000000E+00	0.0000000000000000E+00	0.0000000000000000E+00	
2.0103280152175571E-11	8.4654505627668186E-16	1.4114768117322318E-09	2.3783572706816310E-03	5.9431685579271719E-14	1.0926530752408681E-07	1.8414748328656586E-01	0.0000000000000000E+00	0.0000000000000000E+00	0.0000000000000000E+00	0.0000000000000000E+00	0.0000000000000000E+00	
3.8114550488326676E-04	4.7146406533172440E-15	7.9491893085342769E-09	1.3394497979604273E-02	-2.8982556045542304E-18	5.1052256651838283E-14	8.6107631525056405E-08	1.9972793229512881E-01	0.0000000000000000E+00	0.0000000000000000E+00	0.0000000000000000E+00	0.0000000000000000E+00	
2.2620305628607554E-10	1.3877787807814457E-17	4.7141100748569341E-15	7.9491893172078942E-09	-2.5432278055575166E-17	2.7755575615628914E-17	4.8643321763733789E-14	1.1853188883192978E-07	2.5348913494636394E-01	0.0000000000000000E+00	0.0000000000000000E+00	0.0000000000000000E+00	
4.1974929632825224E-02	1.5076415072964866E-10	2.8705058711941955E-09	2.6477055671408280E-03	1.5140724081268986E-03	1.7118978943937008E-01	1.2968806666748914E-02	-2.9809972634621944E-16	9.8615727181505797E-09	1.6616891437022191E-02	0.0000000000000000E+00	0.0000000000000000E+00	
1.4351194884357791E-03	3.4126146060447435E-03	2.3148977369323240E-10	3.9006274901507917E-04	5.7920026399168055E-10	6.5487737899161402E-08	4.9611642805360448E-09	3.8749655137393368E-08	8.2868960914942225E-02	6.3567028949634841E-09	1.6339737724865044E-01	0.0000000000000000E+00	

==============================================================

