#stage		 order
6	 		2


A
0.0000000000000000E+00	0.0000000000000000E+00	0.0000000000000000E+00	0.0000000000000000E+00	0.0000000000000000E+00	0.0000000000000000E+00	
4.4244926852278454E-01	0.0000000000000000E+00	0.0000000000000000E+00	0.0000000000000000E+00	0.0000000000000000E+00	0.0000000000000000E+00	
4.4244926852278454E-01	4.4244926852278454E-01	0.0000000000000000E+00	0.0000000000000000E+00	0.0000000000000000E+00	0.0000000000000000E+00	
3.3344496952294145E-01	5.9086172809482640E-02	5.9086172809482640E-02	0.0000000000000000E+00	0.0000000000000000E+00	0.0000000000000000E+00	
2.8821041757795479E-01	4.5193429042825056E-02	4.5193429042825028E-02	3.3841758014195172E-01	0.0000000000000000E+00	0.0000000000000000E+00	
2.9723184386523011E-01	4.3198509338970625E-02	4.2553387913230711E-02	3.1862354488516204E-01	4.1657042258101268E-01	0.0000000000000000E+00	

b
3.2448151338738118E-01	
1.1148882467658364E-01	
1.9671644014782465E-02	
1.4729377170905358E-01	
1.9255114003718546E-01	
2.0451310617501370E-01	

c
0.0000000000000000E+00	
4.4244926852278454E-01	
8.8489853704556909E-01	
4.5161731514190673E-01	
7.1701485580555657E-01	
1.1181777085836062E+00	

r
2.2601461255405004E+00	

errcoeff
4.5063593772699993E-02	

v_opt
1.0000000000000000E+00	
1.8732793094500266E-12	
0.0000000000000000E+00	
2.4636564405291539E-01	
1.6016386712885011E-01	
3.8924419243357988E-13	
1.1490559169660375E-01	

alpha_opt
0.0000000000000000E+00	0.0000000000000000E+00	0.0000000000000000E+00	0.0000000000000000E+00	0.0000000000000000E+00	0.0000000000000000E+00	0.0000000000000000E+00	
9.9999999999812672E-01	0.0000000000000000E+00	0.0000000000000000E+00	0.0000000000000000E+00	0.0000000000000000E+00	0.0000000000000000E+00	0.0000000000000000E+00	
1.8732927320675991E-12	9.9999999999812672E-01	0.0000000000000000E+00	0.0000000000000000E+00	0.0000000000000000E+00	0.0000000000000000E+00	0.0000000000000000E+00	
6.2009097139871605E-01	2.5015816396432149E-13	1.3354338454811848E-01	0.0000000000000000E+00	0.0000000000000000E+00	0.0000000000000000E+00	0.0000000000000000E+00	
7.4962950299767281E-02	6.2731657048135009E-17	1.9134723581773474E-13	7.6487318257119119E-01	0.0000000000000000E+00	0.0000000000000000E+00	0.0000000000000000E+00	
5.7024398001187075E-02	1.4580686908864660E-03	7.5066967071741700E-06	1.3489815454551489E-12	9.4151002660948102E-01	0.0000000000000000E+00	0.0000000000000000E+00	
2.1598117394574845E-01	2.0684628276185543E-01	7.8414570862115704E-18	3.7447052132860165E-05	8.1519787868255486E-13	4.6222950454284428E-01	0.0000000000000000E+00	

beta_opt
0.0000000000000000E+00	0.0000000000000000E+00	0.0000000000000000E+00	0.0000000000000000E+00	0.0000000000000000E+00	0.0000000000000000E+00	0.0000000000000000E+00	
4.4244926852278454E-01	0.0000000000000000E+00	0.0000000000000000E+00	0.0000000000000000E+00	0.0000000000000000E+00	0.0000000000000000E+00	0.0000000000000000E+00	
8.2883699903391062E-13	4.4244926852278454E-01	0.0000000000000000E+00	0.0000000000000000E+00	0.0000000000000000E+00	0.0000000000000000E+00	0.0000000000000000E+00	
2.7435879671345881E-01	1.1068229666122420E-13	5.9086172809482640E-02	0.0000000000000000E+00	0.0000000000000000E+00	0.0000000000000000E+00	0.0000000000000000E+00	
3.3167302526504017E-02	2.7755575774221510E-17	8.4661444521572093E-14	3.3841758014195172E-01	0.0000000000000000E+00	0.0000000000000000E+00	0.0000000000000000E+00	
2.5230403183624624E-02	6.4512142573989941E-04	3.3213324671178286E-06	5.9685589803848416E-13	4.1657042258101268E-01	0.0000000000000000E+00	0.0000000000000000E+00	
9.5560712427167710E-02	9.1518986504811439E-02	3.4694469519536142E-18	1.6568420824549596E-05	3.6068370512509773E-13	2.0451310617501370E-01	0.0000000000000000E+00	

==============================================================

