#stage		 order
4	 		3


A
0.0000000000000000E+00	0.0000000000000000E+00	0.0000000000000000E+00	0.0000000000000000E+00	
6.2647281735551474E-01	0.0000000000000000E+00	0.0000000000000000E+00	0.0000000000000000E+00	
2.4970977409686115E-01	2.4970977409686115E-01	0.0000000000000000E+00	0.0000000000000000E+00	
1.6630908714409351E-01	1.6630673803231319E-01	4.1723096781904623E-01	0.0000000000000000E+00	

b
2.2662186358658004E-01	
1.0710591305694288E-01	
2.6634894740319115E-01	
3.9992327595328597E-01	

c
0.0000000000000000E+00	
6.2647281735551474E-01	
4.9941954819372231E-01	
7.4984679299545287E-01	

r
1.5962384516877028E+00	

errcoeff
1.9810207545753623E-02	

v_opt
1.0000000000000000E+00	
1.9251600313907602E-11	
6.0140365682434027E-01	
3.3399613619752377E-01	
1.6935274912851794E-01	

alpha_opt
0.0000000000000000E+00	0.0000000000000000E+00	0.0000000000000000E+00	0.0000000000000000E+00	0.0000000000000000E+00	
9.9999999998074840E-01	0.0000000000000000E+00	0.0000000000000000E+00	0.0000000000000000E+00	0.0000000000000000E+00	
7.6736309613215371E-12	3.9859634316798609E-01	0.0000000000000000E+00	0.0000000000000000E+00	0.0000000000000000E+00	
3.7497425509868699E-06	5.1106589547541210E-12	6.6600011405481463E-01	0.0000000000000000E+00	0.0000000000000000E+00	
1.9077356208770127E-01	1.5007779863385961E-03	8.1848164789929723E-12	6.3837291078925740E-01	0.0000000000000000E+00	

beta_opt
0.0000000000000000E+00	0.0000000000000000E+00	0.0000000000000000E+00	0.0000000000000000E+00	0.0000000000000000E+00	
6.2647281735551474E-01	0.0000000000000000E+00	0.0000000000000000E+00	0.0000000000000000E+00	0.0000000000000000E+00	
4.8073212077781591E-12	2.4970977409686115E-01	0.0000000000000000E+00	0.0000000000000000E+00	0.0000000000000000E+00	
2.3491117803198236E-06	3.2016889139896421E-12	4.1723096781904623E-01	0.0000000000000000E+00	0.0000000000000000E+00	
1.1951445092033028E-01	9.4019661334477679E-04	5.1275650392312855E-12	3.9992327595328597E-01	0.0000000000000000E+00	

==============================================================

