#stage		 order
7	 		2


A
0.0000000000000000E+00	0.0000000000000000E+00	0.0000000000000000E+00	0.0000000000000000E+00	0.0000000000000000E+00	0.0000000000000000E+00	0.0000000000000000E+00	
3.7850088433366375E-01	0.0000000000000000E+00	0.0000000000000000E+00	0.0000000000000000E+00	0.0000000000000000E+00	0.0000000000000000E+00	0.0000000000000000E+00	
3.7850088433366369E-01	3.7850088433366369E-01	0.0000000000000000E+00	0.0000000000000000E+00	0.0000000000000000E+00	0.0000000000000000E+00	0.0000000000000000E+00	
3.7850088433366369E-01	3.5415238772406332E-01	3.5415238772406332E-01	0.0000000000000000E+00	0.0000000000000000E+00	0.0000000000000000E+00	0.0000000000000000E+00	
3.7848216216226077E-01	3.5396465785127368E-01	2.8510997294726359E-01	3.0471170217541310E-01	0.0000000000000000E+00	0.0000000000000000E+00	0.0000000000000000E+00	
2.8600744187387001E-01	1.0201972321111964E-01	4.2196987265012566E-02	2.1998275457663460E-02	2.7325392018413254E-02	0.0000000000000000E+00	0.0000000000000000E+00	
2.3327883131161994E-01	8.9620865207086037E-02	4.3078169713613099E-02	2.7921533896210556E-02	2.1215372304785103E-02	2.9386722698865680E-01	0.0000000000000000E+00	

b
2.5785108396639578E-01	
1.3483842061220191E-01	
6.4970743711267043E-02	
5.7913405034618948E-02	
5.8813682517587958E-02	
1.8601954982869043E-01	
2.3959311432923788E-01	

c
0.0000000000000000E+00	
3.7850088433366375E-01	
7.5700176866732738E-01	
1.0868056597817903E+00	
1.3222684951362111E+00	
4.7954781982607891E-01	
7.0898199942197160E-01	

r
2.6420017532071598E+00	

errcoeff
2.9453817277762438E-02	

v_opt
1.0000000000000000E+00	
1.9226065184341223E-11	
1.1102230246251565E-16	
1.2367884494324244E-12	
4.9464009920230367E-05	
2.4436426615665863E-01	
1.9395028491789801E-01	
7.5881480932637135E-02	

alpha_opt
0.0000000000000000E+00	0.0000000000000000E+00	0.0000000000000000E+00	0.0000000000000000E+00	0.0000000000000000E+00	0.0000000000000000E+00	0.0000000000000000E+00	0.0000000000000000E+00	
9.9999999998077393E-01	0.0000000000000000E+00	0.0000000000000000E+00	0.0000000000000000E+00	0.0000000000000000E+00	0.0000000000000000E+00	0.0000000000000000E+00	0.0000000000000000E+00	
1.9226025983741462E-11	9.9999999998077382E-01	0.0000000000000000E+00	0.0000000000000000E+00	0.0000000000000000E+00	0.0000000000000000E+00	0.0000000000000000E+00	0.0000000000000000E+00	
6.4328770729285972E-02	1.7989384151326761E-11	9.3567122925148782E-01	0.0000000000000000E+00	0.0000000000000000E+00	0.0000000000000000E+00	0.0000000000000000E+00	0.0000000000000000E+00	
1.2987486391472429E-02	1.8191419822942370E-01	1.4482290207003619E-11	8.0504885135470139E-01	0.0000000000000000E+00	0.0000000000000000E+00	0.0000000000000000E+00	0.0000000000000000E+00	
4.8141950528292143E-01	1.4491870808095544E-01	5.7103786860014334E-02	1.1174251306210461E-12	7.2193733618332742E-02	0.0000000000000000E+00	0.0000000000000000E+00	0.0000000000000000E+00	
2.9817303693850634E-04	2.5484529177283703E-04	4.5406043171333348E-04	2.8644907421369121E-02	1.0776526203117528E-12	7.7639772889923053E-01	0.0000000000000000E+00	0.0000000000000000E+00	
7.6349738236129380E-02	8.4939989085925247E-02	1.3639691617294095E-04	9.7817338191297214E-03	1.1990523289851689E-01	9.4489731567716047E-12	6.3300542810203975E-01	0.0000000000000000E+00	

beta_opt
0.0000000000000000E+00	0.0000000000000000E+00	0.0000000000000000E+00	0.0000000000000000E+00	0.0000000000000000E+00	0.0000000000000000E+00	0.0000000000000000E+00	0.0000000000000000E+00	
3.7850088433366375E-01	0.0000000000000000E+00	0.0000000000000000E+00	0.0000000000000000E+00	0.0000000000000000E+00	0.0000000000000000E+00	0.0000000000000000E+00	0.0000000000000000E+00	
7.2770678372080511E-12	3.7850088433366369E-01	0.0000000000000000E+00	0.0000000000000000E+00	0.0000000000000000E+00	0.0000000000000000E+00	0.0000000000000000E+00	0.0000000000000000E+00	
2.4348496609600367E-02	6.8089978100260851E-12	3.5415238772406332E-01	0.0000000000000000E+00	0.0000000000000000E+00	0.0000000000000000E+00	0.0000000000000000E+00	0.0000000000000000E+00	
4.9157750845382486E-03	6.8854684904010088E-02	5.4815596506330166E-12	3.0471170217541310E-01	0.0000000000000000E+00	0.0000000000000000E+00	0.0000000000000000E+00	0.0000000000000000E+00	
1.8221770848856400E-01	5.4851859166188288E-02	2.1613833825732023E-02	4.2294640012485729E-13	2.7325392018413254E-02	0.0000000000000000E+00	0.0000000000000000E+00	0.0000000000000000E+00	
1.1285875816784868E-04	9.6459168306143917E-05	1.7186227494772610E-04	1.0842122790852591E-02	4.0789246980033056E-13	2.9386722698865680E-01	0.0000000000000000E+00	0.0000000000000000E+00	
2.8898443441574315E-02	3.2149860984932568E-02	5.1626353392835323E-05	3.7023949009282880E-03	4.5384236689195112E-02	3.5764446959518637E-12	2.3959311432923788E-01	0.0000000000000000E+00	

==============================================================

