#stage		 order
4	 		2


A
0.0000000000000000E+00	0.0000000000000000E+00	0.0000000000000000E+00	0.0000000000000000E+00	
6.5204857779967118E-01	0.0000000000000000E+00	0.0000000000000000E+00	0.0000000000000000E+00	
1.7417300424406296E-01	1.7417300424406296E-01	0.0000000000000000E+00	0.0000000000000000E+00	
1.3465720423219507E-01	1.3465720423219515E-01	5.0411393482681843E-01	0.0000000000000000E+00	

b
1.5931823454680730E-01	
8.7699199746037113E-02	
3.2831803479971311E-01	
4.2466453090744249E-01	

c
0.0000000000000000E+00	
6.5204857779967118E-01	
3.4834600848812591E-01	
7.7342834329120858E-01	

r
1.5336280670597979E+00	

errcoeff
1.7553076354622194E-02	

v_opt
1.0000000000000000E+00	
9.4168006725681153E-12	
7.3288339216717979E-01	
2.2687672055897323E-01	
2.3888559441179524E-01	

alpha_opt
0.0000000000000000E+00	0.0000000000000000E+00	0.0000000000000000E+00	0.0000000000000000E+00	0.0000000000000000E+00	
9.9999999999058320E-01	0.0000000000000000E+00	0.0000000000000000E+00	0.0000000000000000E+00	0.0000000000000000E+00	
2.5153957629562082E-12	2.6711660783030489E-01	0.0000000000000000E+00	0.0000000000000000E+00	0.0000000000000000E+00	
-1.2770017103094137E-16	1.9446610500508414E-12	7.7312327943908221E-01	0.0000000000000000E+00	0.0000000000000000E+00	
1.0983696190515936E-01	-1.1147997595855149E-16	4.7415080303198693E-12	6.5127744367830398E-01	0.0000000000000000E+00	

beta_opt
0.0000000000000000E+00	0.0000000000000000E+00	0.0000000000000000E+00	0.0000000000000000E+00	0.0000000000000000E+00	
6.5204857779967118E-01	0.0000000000000000E+00	0.0000000000000000E+00	0.0000000000000000E+00	0.0000000000000000E+00	
1.6401602298543594E-12	1.7417300424406296E-01	0.0000000000000000E+00	0.0000000000000000E+00	0.0000000000000000E+00	
-8.3266714906284182E-17	1.2680134720000069E-12	5.0411393482681843E-01	0.0000000000000000E+00	0.0000000000000000E+00	
7.1619034800770240E-02	-7.2690359777599539E-17	3.0916935678249047E-12	4.2466453090744249E-01	0.0000000000000000E+00	

==============================================================

