#stage		 order
5	 		3


A
0.0000000000000000E+00	0.0000000000000000E+00	0.0000000000000000E+00	0.0000000000000000E+00	0.0000000000000000E+00	
5.3623373851408607E-01	0.0000000000000000E+00	0.0000000000000000E+00	0.0000000000000000E+00	0.0000000000000000E+00	
3.6520298216005814E-01	3.6520298216005809E-01	0.0000000000000000E+00	0.0000000000000000E+00	0.0000000000000000E+00	
4.7392270260257102E-01	1.3255106014290746E-01	1.9462697183914321E-01	0.0000000000000000E+00	0.0000000000000000E+00	
2.1277336007918543E-01	5.9510410228892939E-02	8.7380145607793114E-02	2.4074865733356912E-01	0.0000000000000000E+00	

b
2.3401761869671503E-01	
1.1207118455678756E-01	
9.7695413789931365E-02	
1.7234393423861935E-01	
3.8387184871794677E-01	

c
0.0000000000000000E+00	
5.3623373851408607E-01	
7.3040596432011617E-01	
8.0110073458462172E-01	
6.0041257324944064E-01	

r
1.8648584156062600E+00	

errcoeff
2.5073041351618683E-02	

v_opt
1.0000000000000000E+00	
7.3209216466807447E-12	
3.1894814531431281E-01	
4.3847337708458056E-04	
5.5103784032558722E-01	
1.1087117764089149E-01	

alpha_opt
0.0000000000000000E+00	0.0000000000000000E+00	0.0000000000000000E+00	0.0000000000000000E+00	0.0000000000000000E+00	0.0000000000000000E+00	
9.9999999999267908E-01	0.0000000000000000E+00	0.0000000000000000E+00	0.0000000000000000E+00	0.0000000000000000E+00	0.0000000000000000E+00	
4.9860618737694833E-12	6.8105185468070117E-01	0.0000000000000000E+00	0.0000000000000000E+00	0.0000000000000000E+00	0.0000000000000000E+00	
6.3660978028557413E-01	1.8096407685116649E-12	3.6295174633553162E-01	0.0000000000000000E+00	0.0000000000000000E+00	0.0000000000000000E+00	
2.0924844839607815E-12	8.3688681514979205E-17	1.1929695221285068E-12	4.4896215967112724E-01	0.0000000000000000E+00	0.0000000000000000E+00	
2.2808337394175031E-02	8.4917338336246498E-02	6.5536499035578802E-02	2.3529677849028025E-12	7.1586664759075525E-01	0.0000000000000000E+00	

beta_opt
0.0000000000000000E+00	0.0000000000000000E+00	0.0000000000000000E+00	0.0000000000000000E+00	0.0000000000000000E+00	0.0000000000000000E+00	
5.3623373851408607E-01	0.0000000000000000E+00	0.0000000000000000E+00	0.0000000000000000E+00	0.0000000000000000E+00	0.0000000000000000E+00	
2.6736945990535332E-12	3.6520298216005809E-01	0.0000000000000000E+00	0.0000000000000000E+00	0.0000000000000000E+00	0.0000000000000000E+00	
3.4137164245966350E-01	9.7039043467361807E-13	1.9462697183914321E-01	0.0000000000000000E+00	0.0000000000000000E+00	0.0000000000000000E+00	
1.1220607776252225E-12	4.4876694560420528E-17	6.3971050678901520E-13	2.4074865733356912E-01	0.0000000000000000E+00	0.0000000000000000E+00	
1.2230600030258644E-02	4.5535541801044341E-02	3.5142881887230498E-02	1.2617407119108748E-12	3.8387184871794677E-01	0.0000000000000000E+00	

==============================================================

