#stage		 order
7	 		3


A
0.0000000000000000E+00	0.0000000000000000E+00	0.0000000000000000E+00	0.0000000000000000E+00	0.0000000000000000E+00	0.0000000000000000E+00	0.0000000000000000E+00	
3.8123344101741080E-01	0.0000000000000000E+00	0.0000000000000000E+00	0.0000000000000000E+00	0.0000000000000000E+00	0.0000000000000000E+00	0.0000000000000000E+00	
1.1545431071432759E-01	1.1545431071432759E-01	0.0000000000000000E+00	0.0000000000000000E+00	0.0000000000000000E+00	0.0000000000000000E+00	0.0000000000000000E+00	
1.1513196128421144E-01	1.1513196128421145E-01	3.8016903396588675E-01	0.0000000000000000E+00	0.0000000000000000E+00	0.0000000000000000E+00	0.0000000000000000E+00	
1.5676242672314369E-01	8.1536637631777389E-02	2.6923631297115957E-01	2.6999012773367009E-01	0.0000000000000000E+00	0.0000000000000000E+00	0.0000000000000000E+00	
1.7661370145025282E-01	1.0989082156149749E-01	2.4673555499184527E-01	2.3941091790325142E-01	3.3805476080009661E-01	0.0000000000000000E+00	0.0000000000000000E+00	
1.1113617664331757E-01	9.7660136347125781E-02	1.8303005701216774E-01	9.8147842210109817E-02	6.8277022611389626E-02	7.6997833756158096E-02	0.0000000000000000E+00	

b
1.2044713307006513E-01	
9.0211950389137402E-02	
1.9252523304450969E-01	
1.2740756279758089E-01	
1.2319673844448638E-01	
5.8174829879241122E-02	
2.8803655237497933E-01	

c
0.0000000000000000E+00	
3.8123344101741080E-01	
2.3090862142865518E-01	
6.1043295653430973E-01	
7.7752550505975071E-01	
1.1107057567069436E+00	
6.3524906858026864E-01	

r
2.6230647482845826E+00	

errcoeff
9.7599339202456298E-03	

v_opt
1.0000000000000000E+00	
1.6721179996181945E-11	
6.9715586752775227E-01	
2.7920086263030219E-03	
9.4476298032836969E-02	
1.6457946117043321E-12	
3.5613926174732768E-01	
3.1451050423007665E-02	

alpha_opt
0.0000000000000000E+00	0.0000000000000000E+00	0.0000000000000000E+00	0.0000000000000000E+00	0.0000000000000000E+00	0.0000000000000000E+00	0.0000000000000000E+00	0.0000000000000000E+00	
9.9999999998327882E-01	0.0000000000000000E+00	0.0000000000000000E+00	0.0000000000000000E+00	0.0000000000000000E+00	0.0000000000000000E+00	0.0000000000000000E+00	0.0000000000000000E+00	
5.0639289584898228E-12	3.0284413246718378E-01	0.0000000000000000E+00	0.0000000000000000E+00	0.0000000000000000E+00	0.0000000000000000E+00	0.0000000000000000E+00	0.0000000000000000E+00	
-3.6402251543224595E-17	5.0498048521287123E-12	9.9720799136864724E-01	0.0000000000000000E+00	0.0000000000000000E+00	0.0000000000000000E+00	0.0000000000000000E+00	0.0000000000000000E+00	
1.9732211552415446E-01	-1.5478121263299782E-17	1.1808772183295698E-11	7.0820158643119979E-01	0.0000000000000000E+00	0.0000000000000000E+00	0.0000000000000000E+00	0.0000000000000000E+00	
4.5114943773445295E-05	9.2249007236959127E-02	2.0966351777437837E-02	1.0500763446781743E-11	8.8673952602968298E-01	0.0000000000000000E+00	0.0000000000000000E+00	0.0000000000000000E+00	
1.5408562786243725E-12	9.2141926735559862E-02	2.1913576241074403E-01	1.3061274568515507E-01	2.9946745719152020E-12	2.0197030341667782E-01	0.0000000000000000E+00	0.0000000000000000E+00	
1.5536719589420465E-02	1.1791444671368150E-12	2.9760500620395645E-03	6.6578425471725596E-03	1.8783981063502830E-01	2.5515489360033578E-12	7.5553852673960076E-01	0.0000000000000000E+00	

beta_opt
0.0000000000000000E+00	0.0000000000000000E+00	0.0000000000000000E+00	0.0000000000000000E+00	0.0000000000000000E+00	0.0000000000000000E+00	0.0000000000000000E+00	0.0000000000000000E+00	
3.8123344101741080E-01	0.0000000000000000E+00	0.0000000000000000E+00	0.0000000000000000E+00	0.0000000000000000E+00	0.0000000000000000E+00	0.0000000000000000E+00	0.0000000000000000E+00	
1.9305390619450691E-12	1.1545431071432759E-01	0.0000000000000000E+00	0.0000000000000000E+00	0.0000000000000000E+00	0.0000000000000000E+00	0.0000000000000000E+00	0.0000000000000000E+00	
-1.3877755616836917E-17	1.9251544802756371E-12	3.8016903396588675E-01	0.0000000000000000E+00	0.0000000000000000E+00	0.0000000000000000E+00	0.0000000000000000E+00	0.0000000000000000E+00	
7.5225789091366319E-02	-5.9007774297911973E-18	4.5018988537037785E-12	2.6999012773367009E-01	0.0000000000000000E+00	0.0000000000000000E+00	0.0000000000000000E+00	0.0000000000000000E+00	
1.7199325256345155E-05	3.5168406459974016E-02	7.9930744338277872E-03	4.0032421821933895E-12	3.3805476080009661E-01	0.0000000000000000E+00	0.0000000000000000E+00	0.0000000000000000E+00	
5.8742594122307423E-13	3.5127583791959023E-02	8.3541880755218650E-02	4.9793946479116252E-02	1.1416700917976641E-12	7.6997833756158096E-02	0.0000000000000000E+00	0.0000000000000000E+00	
5.9231170712964187E-03	4.4952930267072588E-13	1.1345698058103934E-03	2.5381922240531596E-03	7.1610817369648097E-02	9.7273578081313872E-13	2.8803655237497933E-01	0.0000000000000000E+00	

==============================================================

