#stage		 order
3	 		2


A
0.0000000000000000E+00	0.0000000000000000E+00	0.0000000000000000E+00	
8.9082580778276976E-01	0.0000000000000000E+00	0.0000000000000000E+00	
2.6631923257873702E-01	2.6631923257873702E-01	0.0000000000000000E+00	

b
1.8709231952034894E-01	
1.8709231952034866E-01	
6.2581536095930224E-01	

c
0.0000000000000000E+00	
8.9082580778276987E-01	
5.3263846515747404E-01	

r
1.1225539171220920E+00	

errcoeff
1.8559773291624594E-02	

v_opt
1.0000000000000000E+00	
6.5817795658063005E-11	
7.0104230226378927E-01	
2.9748851519237374E-01	

alpha_opt
0.0000000000000000E+00	0.0000000000000000E+00	0.0000000000000000E+00	0.0000000000000000E+00	
9.9999999993418220E-01	0.0000000000000000E+00	0.0000000000000000E+00	0.0000000000000000E+00	
1.9676724703523686E-11	2.9895769771653397E-01	0.0000000000000000E+00	0.0000000000000000E+00	
3.1157221107852841E-16	1.3823110037996352E-11	7.0251148479380288E-01	0.0000000000000000E+00	

beta_opt
0.0000000000000000E+00	0.0000000000000000E+00	0.0000000000000000E+00	0.0000000000000000E+00	
8.9082580778276976E-01	0.0000000000000000E+00	0.0000000000000000E+00	0.0000000000000000E+00	
1.7528534179689359E-11	2.6631923257873702E-01	0.0000000000000000E+00	0.0000000000000000E+00	
2.7755656663496190E-16	1.2313983166478693E-11	6.2581536095930224E-01	0.0000000000000000E+00	

==============================================================

