#stage		 order
10	 		2


A
0.0000000000000000E+00	0.0000000000000000E+00	0.0000000000000000E+00	0.0000000000000000E+00	0.0000000000000000E+00	0.0000000000000000E+00	0.0000000000000000E+00	0.0000000000000000E+00	0.0000000000000000E+00	0.0000000000000000E+00	
2.7371445674185718E-01	0.0000000000000000E+00	0.0000000000000000E+00	0.0000000000000000E+00	0.0000000000000000E+00	0.0000000000000000E+00	0.0000000000000000E+00	0.0000000000000000E+00	0.0000000000000000E+00	0.0000000000000000E+00	
2.4644315341896089E-01	2.4644315341896089E-01	0.0000000000000000E+00	0.0000000000000000E+00	0.0000000000000000E+00	0.0000000000000000E+00	0.0000000000000000E+00	0.0000000000000000E+00	0.0000000000000000E+00	0.0000000000000000E+00	
2.4644315341896092E-01	2.4644315341896092E-01	2.7371445674185724E-01	0.0000000000000000E+00	0.0000000000000000E+00	0.0000000000000000E+00	0.0000000000000000E+00	0.0000000000000000E+00	0.0000000000000000E+00	0.0000000000000000E+00	
2.5597899591712447E-01	1.6182590686004933E-01	1.7800586819158468E-01	1.7800586819158468E-01	0.0000000000000000E+00	0.0000000000000000E+00	0.0000000000000000E+00	0.0000000000000000E+00	0.0000000000000000E+00	0.0000000000000000E+00	
2.5406632988281452E-01	1.8696939089533271E-01	1.8771574797521864E-01	1.2676114659299761E-01	1.9491693576266916E-01	0.0000000000000000E+00	0.0000000000000000E+00	0.0000000000000000E+00	0.0000000000000000E+00	0.0000000000000000E+00	
2.5172916898136832E-01	2.0518272065804699E-01	2.1410243155151754E-01	1.7149249122960594E-01	1.3473353218486023E-01	1.8920118676498088E-01	0.0000000000000000E+00	0.0000000000000000E+00	0.0000000000000000E+00	0.0000000000000000E+00	
2.6365416151165849E-01	2.3426075822380604E-01	9.8496969331142506E-02	8.2412695812234718E-02	7.8042099267597143E-02	7.1419101154314449E-02	1.0332091889955912E-01	0.0000000000000000E+00	0.0000000000000000E+00	0.0000000000000000E+00	
2.5235982815010616E-01	2.2218188600942707E-01	1.8625319486061975E-01	6.6072304439943316E-02	8.5191456379005631E-02	1.0676674546726019E-01	3.4819869477717362E-02	9.2243678815718030E-02	0.0000000000000000E+00	0.0000000000000000E+00	
2.5224607041385100E-01	2.1781610050866423E-01	1.9250925298894897E-01	9.0794712431047780E-02	9.6721530563577809E-02	1.2600894451311923E-01	9.1030934000413288E-02	7.0366909525745022E-02	2.0879956936583924E-01	0.0000000000000000E+00	

b
2.5546353178691239E-01	
1.8821689840710248E-01	
1.6997297236429754E-01	
9.4331531877576535E-02	
7.0302092338517044E-02	
9.3515125446015687E-02	
3.3251653699283124E-02	
1.8122005770823478E-02	
3.3244333984018874E-02	
4.3579854325452978E-02	

c
0.0000000000000000E+00	
2.7371445674185718E-01	
4.9288630683792178E-01	
7.6660076357977902E-01	
7.7381663916034327E-01	
9.5042955110903271E-01	
1.1664415313703798E+00	
9.3160670420031255E-01	
1.0458889635997974E+00	
1.3462940243112065E+00	

r
3.6534423935930791E+00	

errcoeff
4.0242186194159361E-02	

v_opt
1.0000000000000000E+00	
1.6273871139560470E-11	
9.9634135688405068E-02	
1.6212586828601161E-12	
5.5980775570674268E-12	
3.4533453796354863E-03	
5.1625370645069779E-14	
1.4699352846037073E-13	
8.8732984167561035E-03	
1.3655743202889425E-13	
2.5496930256361239E-03	

alpha_opt
0.0000000000000000E+00	0.0000000000000000E+00	0.0000000000000000E+00	0.0000000000000000E+00	0.0000000000000000E+00	0.0000000000000000E+00	0.0000000000000000E+00	0.0000000000000000E+00	0.0000000000000000E+00	0.0000000000000000E+00	0.0000000000000000E+00	
9.9999999998372613E-01	0.0000000000000000E+00	0.0000000000000000E+00	0.0000000000000000E+00	0.0000000000000000E+00	0.0000000000000000E+00	0.0000000000000000E+00	0.0000000000000000E+00	0.0000000000000000E+00	0.0000000000000000E+00	0.0000000000000000E+00	
1.4652486600109317E-11	9.0036586429694243E-01	0.0000000000000000E+00	0.0000000000000000E+00	0.0000000000000000E+00	0.0000000000000000E+00	0.0000000000000000E+00	0.0000000000000000E+00	0.0000000000000000E+00	0.0000000000000000E+00	0.0000000000000000E+00	
2.3845030914480919E-22	1.4652385196712703E-11	9.9999999998372635E-01	0.0000000000000000E+00	0.0000000000000000E+00	0.0000000000000000E+00	0.0000000000000000E+00	0.0000000000000000E+00	0.0000000000000000E+00	0.0000000000000000E+00	0.0000000000000000E+00	
3.4398288704335744E-01	5.6829277915673628E-03	1.0583269697503817E-11	6.5033418514889385E-01	0.0000000000000000E+00	0.0000000000000000E+00	0.0000000000000000E+00	0.0000000000000000E+00	0.0000000000000000E+00	0.0000000000000000E+00	0.0000000000000000E+00	
1.7846587669170997E-04	6.1556267632381187E-02	2.2269412477074951E-01	7.5366046463243166E-12	7.1211779633300554E-01	0.0000000000000000E+00	0.0000000000000000E+00	0.0000000000000000E+00	0.0000000000000000E+00	0.0000000000000000E+00	0.0000000000000000E+00	
6.0885708171892229E-04	7.1793703827389782E-13	1.7388472524235529E-03	3.0641665902302345E-01	8.0106655254810529E-12	6.9123563663405385E-01	0.0000000000000000E+00	0.0000000000000000E+00	0.0000000000000000E+00	0.0000000000000000E+00	0.0000000000000000E+00	
9.0335130886387352E-03	5.1417689095955321E-01	1.0734034454523866E-14	2.9334354834386687E-12	9.9312570697971947E-02	4.2462165313901157E-12	3.7747702524649868E-01	0.0000000000000000E+00	0.0000000000000000E+00	0.0000000000000000E+00	0.0000000000000000E+00	
5.0296084719089120E-14	8.2800943502766570E-12	3.5198731625388796E-01	3.4562888028902424E-17	4.0460462264798701E-12	3.0213241859406559E-01	2.0702263943623866E-12	3.3700696672084368E-01	0.0000000000000000E+00	0.0000000000000000E+00	0.0000000000000000E+00	
1.6288692417095905E-03	-1.1880323295629957E-16	4.3765081121702962E-12	1.1744978970427090E-12	4.1249909610779101E-18	6.4002274822023963E-12	2.3553393226929742E-01	4.1837013373793932E-12	7.6283719847272158E-01	0.0000000000000000E+00	0.0000000000000000E+00	
1.5633916884404098E-01	7.1991651740207260E-02	1.5730542163815686E-01	1.4037554963208385E-01	6.9728297331400372E-03	2.2098287068783160E-01	5.8990228737943587E-02	2.5276098662353617E-02	1.9765296558937609E-12	1.5921648729662957E-01	0.0000000000000000E+00	

beta_opt
0.0000000000000000E+00	0.0000000000000000E+00	0.0000000000000000E+00	0.0000000000000000E+00	0.0000000000000000E+00	0.0000000000000000E+00	0.0000000000000000E+00	0.0000000000000000E+00	0.0000000000000000E+00	0.0000000000000000E+00	0.0000000000000000E+00	
2.7371445674185718E-01	0.0000000000000000E+00	0.0000000000000000E+00	0.0000000000000000E+00	0.0000000000000000E+00	0.0000000000000000E+00	0.0000000000000000E+00	0.0000000000000000E+00	0.0000000000000000E+00	0.0000000000000000E+00	0.0000000000000000E+00	
4.0105974097315311E-12	2.4644315341896089E-01	0.0000000000000000E+00	0.0000000000000000E+00	0.0000000000000000E+00	0.0000000000000000E+00	0.0000000000000000E+00	0.0000000000000000E+00	0.0000000000000000E+00	0.0000000000000000E+00	0.0000000000000000E+00	
6.5267296828561501E-23	4.0105696541559155E-12	2.7371445674185724E-01	0.0000000000000000E+00	0.0000000000000000E+00	0.0000000000000000E+00	0.0000000000000000E+00	0.0000000000000000E+00	0.0000000000000000E+00	0.0000000000000000E+00	0.0000000000000000E+00	
9.4153089057100431E-02	1.5554994931973769E-03	2.8967939158519584E-12	1.7800586819158468E-01	0.0000000000000000E+00	0.0000000000000000E+00	0.0000000000000000E+00	0.0000000000000000E+00	0.0000000000000000E+00	0.0000000000000000E+00	0.0000000000000000E+00	
4.8848690486425622E-05	1.6848840354327779E-02	6.0954601382221030E-02	2.0628776464803877E-12	1.9491693576266916E-01	0.0000000000000000E+00	0.0000000000000000E+00	0.0000000000000000E+00	0.0000000000000000E+00	0.0000000000000000E+00	0.0000000000000000E+00	
1.6665298535883943E-04	1.9650974640919583E-13	4.7594763106192928E-04	8.3870669362506658E-02	2.1926349624834529E-12	1.8920118676498088E-01	0.0000000000000000E+00	0.0000000000000000E+00	0.0000000000000000E+00	0.0000000000000000E+00	0.0000000000000000E+00	
2.4726031275674465E-03	1.4073764838050160E-01	2.9380604094161910E-15	8.0292369974976907E-13	2.7183286336675053E-02	1.1622508511166529E-12	1.0332091889955912E-01	0.0000000000000000E+00	0.0000000000000000E+00	0.0000000000000000E+00	0.0000000000000000E+00	
1.3766765505351941E-14	2.2663815268941789E-12	9.6344017050025099E-02	9.4603621204146215E-18	1.1074613448514015E-12	8.2698010820923873E-02	5.6665089287477599E-13	9.2243678815718030E-02	0.0000000000000000E+00	0.0000000000000000E+00	0.0000000000000000E+00	
4.4584505960531704E-04	-3.2518162368339035E-17	1.1979135403685183E-12	3.2147705383873047E-13	1.1290696599948859E-18	1.7518347883438423E-12	6.4469042316413289E-02	1.1451395387496177E-12	2.0879956936583924E-01	0.0000000000000000E+00	0.0000000000000000E+00	
4.2792290668316552E-02	1.9705155846340486E-02	4.3056768026937586E-02	3.8422817308010726E-02	1.9085643023909540E-03	6.0486206400560245E-02	1.6146478412346885E-02	6.9184336140322928E-03	5.4100474100593487E-13	4.3579854325452978E-02	0.0000000000000000E+00	

==============================================================

