#stage		 order
5	 		4


A
0.0000000000000000E+00	0.0000000000000000E+00	0.0000000000000000E+00	0.0000000000000000E+00	0.0000000000000000E+00	
7.5289746023748916E-01	0.0000000000000000E+00	0.0000000000000000E+00	0.0000000000000000E+00	0.0000000000000000E+00	
3.3602514919482511E-02	1.5191935639042423E-01	0.0000000000000000E+00	0.0000000000000000E+00	0.0000000000000000E+00	
4.5460682732494633E-03	2.0553097523618963E-02	4.6051240398599458E-01	0.0000000000000000E+00	0.0000000000000000E+00	
6.8985204788152427E-02	3.1188701015355785E-01	6.7507716197762940E-02	4.9898701567323417E-01	0.0000000000000000E+00	

b
1.3176909266295245E-01	
2.2136380652561811E-02	
7.6223552601613370E-02	
5.6341060220833261E-01	
2.0646037187453969E-01	

c
0.0000000000000000E+00	
7.5289746023748916E-01	
1.8552187130990674E-01	
4.8561156978286296E-01	
9.4736694681270739E-01	

r
2.9378041407956995E-01	

errcoeff
1.7440472309798342E-02	

v_opt
1.0000000000000000E+00	
7.7881347243588572E-01	
9.5536906858296311E-01	
8.6471047530556355E-01	
7.6266623346799478E-01	
7.4544566616669572E-01	

alpha_opt
0.0000000000000000E+00	0.0000000000000000E+00	0.0000000000000000E+00	0.0000000000000000E+00	0.0000000000000000E+00	0.0000000000000000E+00	
2.2118652756411422E-01	0.0000000000000000E+00	0.0000000000000000E+00	0.0000000000000000E+00	0.0000000000000000E+00	0.0000000000000000E+00	
2.8524458067368300E-12	4.4630931414184470E-02	0.0000000000000000E+00	0.0000000000000000E+00	0.0000000000000000E+00	0.0000000000000000E+00	
7.5450963740873248E-19	1.7447117272994075E-12	1.3528952469269173E-01	0.0000000000000000E+00	0.0000000000000000E+00	0.0000000000000000E+00	
5.7994485252802909E-12	9.0741154478021599E-02	5.7305890846997161E-12	1.4659261204245361E-01	0.0000000000000000E+00	0.0000000000000000E+00	
3.7272750610201001E-02	1.5903342606418763E-12	6.1228816942384787E-12	1.5662756969259178E-01	6.0654013522798277E-02	0.0000000000000000E+00	

beta_opt
0.0000000000000000E+00	0.0000000000000000E+00	0.0000000000000000E+00	0.0000000000000000E+00	0.0000000000000000E+00	0.0000000000000000E+00	
7.5289746023748916E-01	0.0000000000000000E+00	0.0000000000000000E+00	0.0000000000000000E+00	0.0000000000000000E+00	0.0000000000000000E+00	
9.7094485229654026E-12	1.5191935639042423E-01	0.0000000000000000E+00	0.0000000000000000E+00	0.0000000000000000E+00	0.0000000000000000E+00	
2.5682775347385498E-18	5.9388292894535510E-12	4.6051240398599458E-01	0.0000000000000000E+00	0.0000000000000000E+00	0.0000000000000000E+00	
1.9740759591227452E-11	3.0887407790113669E-01	1.9506368742483460E-11	4.9898701567323417E-01	0.0000000000000000E+00	0.0000000000000000E+00	
1.2687282349216006E-01	5.4133433846637047E-12	2.0841694689521795E-11	5.3314503701198757E-01	2.0646037187453969E-01	0.0000000000000000E+00	

==============================================================

