#stage		 order
8	 		4


A
0.0000000000000000E+00	0.0000000000000000E+00	0.0000000000000000E+00	0.0000000000000000E+00	0.0000000000000000E+00	0.0000000000000000E+00	0.0000000000000000E+00	0.0000000000000000E+00	
3.6197261628662813E-01	0.0000000000000000E+00	0.0000000000000000E+00	0.0000000000000000E+00	0.0000000000000000E+00	0.0000000000000000E+00	0.0000000000000000E+00	0.0000000000000000E+00	
1.8941599414456753E-01	1.8941599414456753E-01	0.0000000000000000E+00	0.0000000000000000E+00	0.0000000000000000E+00	0.0000000000000000E+00	0.0000000000000000E+00	0.0000000000000000E+00	
1.2892308359600033E-01	1.2884582446770743E-01	2.4622345325594727E-01	0.0000000000000000E+00	0.0000000000000000E+00	0.0000000000000000E+00	0.0000000000000000E+00	0.0000000000000000E+00	
7.6166522793982699E-02	6.6620446453331233E-02	1.2717322031516670E-01	1.8695710205650271E-01	0.0000000000000000E+00	0.0000000000000000E+00	0.0000000000000000E+00	0.0000000000000000E+00	
7.0486936931574429E-02	6.1661244773004643E-02	1.1757623271206297E-01	1.7284858938142555E-01	3.3465674976572263E-01	0.0000000000000000E+00	0.0000000000000000E+00	0.0000000000000000E+00	
1.0485571746727861E-01	7.6904606706751685E-02	1.4362560061828231E-01	1.1822979094878909E-01	2.2880240705713945E-01	2.4747806805967409E-01	0.0000000000000000E+00	0.0000000000000000E+00	
1.1707053391388132E-01	1.0587405787808048E-01	1.3482991282752008E-01	1.7870654194214877E-01	2.4894859276474707E-01	5.1956343995762773E-02	7.5993698820614033E-02	0.0000000000000000E+00	

b
1.3859980053871016E-01	
1.3232552567264652E-01	
1.3244940635414859E-01	
1.8381729311160094E-01	
1.3913954541174925E-01	
2.9022562580225369E-02	
4.2449712780097432E-02	
2.0219615355082179E-01	

c
0.0000000000000000E+00	
3.6197261628662813E-01	
3.7883198828913506E-01	
5.0399236131965508E-01	
4.5691729161898337E-01	
7.5722975356379008E-01	
9.1989619085791530E-01	
9.1337968214275445E-01	

r
2.7626399208280157E+00	

errcoeff
2.1842097615322096E-03	

v_opt
1.0000000000000000E+00	
2.6054133839270577E-07	
4.7671181293292764E-01	
3.1955990398082157E-01	
4.5704329527297205E-01	
7.5275498463879376E-02	
7.6430653925317560E-02	
5.5580303697011502E-05	
8.9672121227952539E-02	

alpha_opt
0.0000000000000000E+00	0.0000000000000000E+00	0.0000000000000000E+00	0.0000000000000000E+00	0.0000000000000000E+00	0.0000000000000000E+00	0.0000000000000000E+00	0.0000000000000000E+00	0.0000000000000000E+00	
9.9999973945866161E-01	0.0000000000000000E+00	0.0000000000000000E+00	0.0000000000000000E+00	0.0000000000000000E+00	0.0000000000000000E+00	0.0000000000000000E+00	0.0000000000000000E+00	0.0000000000000000E+00	
1.3633816913759345E-07	5.2328805072890328E-01	0.0000000000000000E+00	0.0000000000000000E+00	0.0000000000000000E+00	0.0000000000000000E+00	0.0000000000000000E+00	0.0000000000000000E+00	0.0000000000000000E+00	
2.1343909648477094E-04	9.2740868486255510E-08	6.8022656418182514E-01	0.0000000000000000E+00	0.0000000000000000E+00	0.0000000000000000E+00	0.0000000000000000E+00	0.0000000000000000E+00	0.0000000000000000E+00	
2.6262124536639078E-02	1.9946959815698604E-04	9.1536958610113439E-08	5.1649501905527329E-01	0.0000000000000000E+00	0.0000000000000000E+00	0.0000000000000000E+00	0.0000000000000000E+00	0.0000000000000000E+00	
6.3751331223747883E-09	1.8851495026917653E-04	-7.7623676304581016E-16	1.2441325407442101E-07	9.2453585579746500E-01	0.0000000000000000E+00	0.0000000000000000E+00	0.0000000000000000E+00	0.0000000000000000E+00	
6.0548866884932148E-02	4.5714571054293954E-03	1.7460580133071654E-01	1.5044384500174468E-04	1.6468778894025144E-07	6.8369261222081368E-01	0.0000000000000000E+00	0.0000000000000000E+00	0.0000000000000000E+00	
5.2740559934121659E-05	9.6450102069790988E-02	3.4087491076565333E-08	1.3844799086535997E-01	5.5505034332218028E-01	3.7397226362155183E-08	2.0994317139432012E-01	0.0000000000000000E+00	0.0000000000000000E+00	
3.1179382756347310E-08	1.1958690172371264E-01	4.1104321715106899E-08	2.3193010789705865E-01	2.1574621279974837E-04	5.4537683584322760E-15	3.0554527071130839E-08	5.5859502010023954E-01	0.0000000000000000E+00	

beta_opt
0.0000000000000000E+00	0.0000000000000000E+00	0.0000000000000000E+00	0.0000000000000000E+00	0.0000000000000000E+00	0.0000000000000000E+00	0.0000000000000000E+00	0.0000000000000000E+00	0.0000000000000000E+00	
3.6197261628662813E-01	0.0000000000000000E+00	0.0000000000000000E+00	0.0000000000000000E+00	0.0000000000000000E+00	0.0000000000000000E+00	0.0000000000000000E+00	0.0000000000000000E+00	0.0000000000000000E+00	
4.9350696640360070E-08	1.8941599414456753E-01	0.0000000000000000E+00	0.0000000000000000E+00	0.0000000000000000E+00	0.0000000000000000E+00	0.0000000000000000E+00	0.0000000000000000E+00	0.0000000000000000E+00	
7.7259128301643276E-05	3.3569663548949080E-08	2.4622345325594727E-01	0.0000000000000000E+00	0.0000000000000000E+00	0.0000000000000000E+00	0.0000000000000000E+00	0.0000000000000000E+00	0.0000000000000000E+00	
9.5061724045233803E-03	7.2202551126275921E-05	3.3133881027769263E-08	1.8695710205650271E-01	0.0000000000000000E+00	0.0000000000000000E+00	0.0000000000000000E+00	0.0000000000000000E+00	0.0000000000000000E+00	
2.3076242167130445E-09	6.8237267536706429E-05	-2.8097652518355523E-16	4.5034202811322643E-08	3.3465674976572263E-01	0.0000000000000000E+00	0.0000000000000000E+00	0.0000000000000000E+00	0.0000000000000000E+00	
2.1917037469823944E-02	1.6547427198232573E-03	6.3202535193375792E-02	5.4456566367688170E-05	5.9612485364679557E-08	2.4747806805967409E-01	0.0000000000000000E+00	0.0000000000000000E+00	0.0000000000000000E+00	
1.9090643437677524E-05	3.4912304883413209E-02	1.2338741542383680E-08	5.0114394530032969E-02	2.0091307728928282E-01	1.3536775395062151E-08	7.5993698820614033E-02	0.0000000000000000E+00	0.0000000000000000E+00	
1.1286085691009085E-08	4.3287194968647857E-02	1.4878642748406001E-08	8.3952369824201067E-02	7.8094241447834722E-05	1.9741153156616065E-15	1.1059904984900282E-08	2.0219615355082179E-01	0.0000000000000000E+00	

==============================================================

