#stage		 order
6	 		4


A
0.0000000000000000E+00	0.0000000000000000E+00	0.0000000000000000E+00	0.0000000000000000E+00	0.0000000000000000E+00	0.0000000000000000E+00	
5.3113547714397236E-01	0.0000000000000000E+00	0.0000000000000000E+00	0.0000000000000000E+00	0.0000000000000000E+00	0.0000000000000000E+00	
1.5026758038286422E-01	1.5026758038286422E-01	0.0000000000000000E+00	0.0000000000000000E+00	0.0000000000000000E+00	0.0000000000000000E+00	
9.4927025750388555E-02	9.4915708043168512E-02	3.3548886427477970E-01	0.0000000000000000E+00	0.0000000000000000E+00	0.0000000000000000E+00	
6.0694807607022998E-02	5.7287667000464247E-02	2.0248886865171339E-01	3.2057404379175969E-01	0.0000000000000000E+00	0.0000000000000000E+00	
6.3365673221558644E-02	6.0556519915310338E-02	1.6671281296799034E-01	2.6393125331283035E-01	4.3728821742217477E-01	0.0000000000000000E+00	

b
1.4127526863701842E-01	
1.2893324238967518E-01	
1.7875677468324391E-01	
2.6438861049877344E-01	
1.2943401164307514E-01	
1.5721209214821399E-01	

c
0.0000000000000000E+00	
5.3113547714397236E-01	
3.0053516076572845E-01	
5.2533159806833674E-01	
6.4104538705096037E-01	
9.9185447683986439E-01	

r
1.8827588120778738E+00	

errcoeff
5.7217295259384543E-03	

v_opt
1.0000000000000000E+00	
3.7365555094481806E-11	
7.1708238886454212E-01	
3.6833407593658485E-01	
3.9003443117812819E-01	
1.5146916329004301E-01	
1.6944270845485776E-01	

alpha_opt
0.0000000000000000E+00	0.0000000000000000E+00	0.0000000000000000E+00	0.0000000000000000E+00	0.0000000000000000E+00	0.0000000000000000E+00	0.0000000000000000E+00	
9.9999999996263444E-01	0.0000000000000000E+00	0.0000000000000000E+00	0.0000000000000000E+00	0.0000000000000000E+00	0.0000000000000000E+00	0.0000000000000000E+00	
1.0571393111832139E-11	2.8291761112488645E-01	0.0000000000000000E+00	0.0000000000000000E+00	0.0000000000000000E+00	0.0000000000000000E+00	0.0000000000000000E+00	
2.1308513000257535E-05	6.6773541762407499E-12	6.3164461554373752E-01	0.0000000000000000E+00	0.0000000000000000E+00	0.0000000000000000E+00	0.0000000000000000E+00	
6.4019629578054233E-03	0.0000000000000000E+00	1.4245064048290591E-11	6.0356360584982127E-01	0.0000000000000000E+00	0.0000000000000000E+00	0.0000000000000000E+00	
7.5806541981362980E-06	2.5211136707036612E-02	3.8745914933214495E-06	1.8567558574323273E-11	8.2330824473866138E-01	0.0000000000000000E+00	0.0000000000000000E+00	
2.1664094187503917E-02	1.4007030291452902E-01	2.2134697872005352E-02	3.5069574471580961E-01	9.1057395022325613E-12	2.9599245184618866E-01	0.0000000000000000E+00	

beta_opt
0.0000000000000000E+00	0.0000000000000000E+00	0.0000000000000000E+00	0.0000000000000000E+00	0.0000000000000000E+00	0.0000000000000000E+00	0.0000000000000000E+00	
5.3113547714397236E-01	0.0000000000000000E+00	0.0000000000000000E+00	0.0000000000000000E+00	0.0000000000000000E+00	0.0000000000000000E+00	0.0000000000000000E+00	
5.6148419247392667E-12	1.5026758038286422E-01	0.0000000000000000E+00	0.0000000000000000E+00	0.0000000000000000E+00	0.0000000000000000E+00	0.0000000000000000E+00	
1.1317707220043216E-05	3.5465796965894469E-12	3.3548886427477970E-01	0.0000000000000000E+00	0.0000000000000000E+00	0.0000000000000000E+00	0.0000000000000000E+00	
3.4003096503790742E-03	0.0000000000000000E+00	7.5660588905179793E-12	3.2057404379175969E-01	0.0000000000000000E+00	0.0000000000000000E+00	0.0000000000000000E+00	
4.0263543847410266E-06	1.3390529124734152E-02	2.0579330016201602E-06	9.8618890831403405E-12	4.3728821742217477E-01	0.0000000000000000E+00	0.0000000000000000E+00	
1.1506569003601801E-02	7.4396307174988963E-02	1.1756523316124520E-02	1.8626695170895222E-01	4.8363812954477226E-12	1.5721209214821399E-01	0.0000000000000000E+00	

==============================================================

